"","V1","V2","V3","V4","V5","V6","V7","V8","V9","V10","V11","V12","V13","V14","V15","V16","V17","V18","V19","V20","V21","V22","V23","V24","V25","V26","V27","V28","V29","V30","V31","V32","V33","V34","V35","V36","V37","V38","V39","V40","V41","V42","V43","V44","V45","V46","V47","V48","V49","V50","V51","V52","V53","V54","V55","V56","V57","V58","V59","V60","V61","V62","V63","V64","V65","V66","V67","V68","V69","V70","V71","V72","V73","V74","V75","V76","V77","V78","V79","V80","V81","V82","V83","V84","V85","V86","V87","V88","V89","V90","V91","V92","V93","V94","V95","V96","V97","V98","V99","V100","V101","V102","V103","V104","V105","V106","V107","V108","V109","V110","V111","V112","V113","V114","V115","V116","V117","V118","V119","V120","V121","V122","V123","V124","V125","V126","V127","V128","V129","V130","V131","V132","V133","V134","V135","V136","V137","V138","V139","V140","V141","V142","V143","V144","V145","V146","V147","V148","V149","V150","V151","V152","V153","V154","V155","V156","V157","V158","V159","V160","V161","V162","V163","V164","V165","V166","V167","V168","V169","V170","V171","V172","V173","V174","V175","V176","V177","V178","V179","V180","V181","V182","V183","V184","V185","V186","V187","V188","V189","V190","V191","V192","V193","V194","V195","V196","V197","V198","V199","V200","V201","V202","V203","V204","V205","V206","V207","V208","V209","V210","V211","V212","V213","V214","V215","V216","V217","V218","V219","V220","V221","V222","V223","V224","V225","V226","V227","V228","V229","V230","V231","V232","V233","V234","V235","V236","V237","V238","V239","V240","V241","V242","V243","V244","V245","V246","V247","V248","V249","V250","V251","V252","V253","V254","V255","V256","V257","V258","V259","V260","V261","V262","V263","V264","V265","V266","V267","V268","V269","V270","V271","V272","V273","V274","V275","V276","V277","V278","V279","V280","V281","V282","V283","V284","V285","V286","V287","V288","V289","V290","V291","V292","V293","V294","V295","V296","V297","V298","V299","V300","V301","V302","V303","V304","V305","V306","V307","V308","V309","V310","V311","V312","V313","V314","V315","V316","V317","V318","V319","V320","V321","V322","V323","V324","V325","V326","V327","V328","V329","V330","V331","V332","V333","V334","V335","V336","V337","V338","V339","V340","V341","V342","V343","V344","V345","V346","V347","V348","V349","V350","V351","V352","V353","V354","V355","V356","V357","V358","V359","V360","V361","V362","V363","V364","V365","V366","V367","V368","V369","V370","V371","V372","V373","V374","V375","V376","V377","V378","V379","V380","V381","V382","V383","V384","V385","V386","V387","V388","V389","V390","V391","V392","V393","V394","V395","V396","V397","V398","V399","V400","V401","V402","V403","V404","V405","V406","V407","V408","V409","V410","V411","V412","V413","V414","V415","V416","V417","V418","V419","V420","V421","V422","V423","V424","V425","V426","V427","V428","V429","V430","V431","V432","V433","V434","V435","V436","V437","V438","V439","V440","V441","V442","V443","V444","V445","V446","V447","V448","V449","V450","V451","V452","V453","V454","V455","V456","V457","V458","V459","V460","V461","V462","V463","V464","V465","V466","V467","V468","V469","V470","V471","V472","V473","V474","V475","V476","V477","V478","V479","V480","V481","V482","V483","V484","V485","V486","V487","V488","V489","V490","V491","V492","V493","V494","V495","V496","V497","V498","V499","V500","V501","V502","V503","V504","V505","V506","V507","V508","V509","V510","V511","V512","V513","V514","V515","V516","V517","V518","V519","V520","V521","V522","V523","V524","V525","V526","V527","V528","V529","V530","V531","V532","V533","V534","V535","V536","V537","V538","V539","V540","V541","V542","V543","V544","V545","V546","V547","V548","V549","V550","V551","V552","V553","V554","V555","V556","V557","V558","V559","V560","V561","V562","V563","V564","V565","V566","V567","V568","V569","V570","V571","V572","V573","V574","V575","V576","V577","V578","V579","V580","V581","V582","V583","V584","V585","V586","V587","V588","V589","V590","V591","V592","V593","V594","V595","V596","V597","V598","V599","V600","V601","V602","V603","V604","V605","V606","V607","V608","V609","V610","V611","V612","V613","V614","V615","V616","V617","V618","V619","V620","V621","V622","V623","V624","V625","V626","V627","V628","V629","V630","V631","V632","V633","V634","V635","V636","V637","V638","V639","V640","V641","V642","V643","V644","V645","V646","V647","V648","V649","V650","V651","V652","V653","V654","V655","V656","V657","V658","V659","V660","V661","V662","V663","V664","V665","V666","V667","V668","V669","V670","V671","V672","V673","V674","V675","V676","V677","V678","V679","V680","V681","V682","V683","V684","V685","V686","V687","V688","V689","V690","V691","V692","V693","V694","V695","V696","V697","V698","V699","V700","V701","V702","V703","V704","V705","V706","V707","V708","V709","V710","V711","V712","V713","V714","V715","V716","V717","V718","V719","V720","V721","V722","V723","V724","V725","V726","V727","V728","V729","V730","V731","V732","V733","V734","V735","V736","V737","V738","V739","V740","V741","V742","V743","V744","V745","V746","V747","V748","V749","V750","V751","V752","V753","V754","V755","V756","V757","V758","V759","V760","V761","V762","V763","V764","V765","V766","V767","V768","V769","V770","V771","V772","V773","V774","V775","V776","V777","V778","V779","V780","V781","V782","V783","V784","V785","V786","V787","V788","V789","V790","V791","V792","V793","V794","V795","V796","V797","V798","V799","V800","V801","V802","V803","V804","V805","V806","V807","V808","V809","V810","V811","V812","V813","V814","V815","V816","V817","V818","V819","V820","V821","V822","V823","V824","V825","V826","V827","V828","V829","V830","V831","V832","V833","V834","V835","V836","V837","V838","V839","V840","V841","V842","V843","V844","V845","V846","V847","V848","V849","V850","V851","V852","V853","V854","V855","V856","V857","V858","V859","V860","V861","V862","V863","V864","V865","V866","V867","V868","V869","V870","V871","V872","V873","V874","V875","V876","V877","V878","V879","V880","V881","V882","V883","V884","V885","V886","V887","V888","V889","V890","V891","V892","V893","V894","V895","V896","V897","V898","V899","V900","V901","V902","V903","V904","V905","V906","V907","V908","V909","V910","V911","V912","V913","V914","V915","V916","V917","V918","V919","V920","V921","V922","V923","V924","V925","V926","V927","V928","V929","V930","V931","V932","V933","V934","V935","V936","V937","V938","V939","V940","V941","V942","V943","V944","V945","V946","V947","V948","V949","V950","V951","V952","V953","V954","V955","V956","V957","V958","V959","V960","V961","V962","V963","V964","V965","V966","V967","V968","V969","V970","V971","V972","V973","V974","V975","V976","V977","V978","V979","V980","V981","V982","V983","V984","V985","V986","V987","V988","V989","V990","V991","V992","V993","V994","V995","V996","V997","V998","V999","V1000","V1001","V1002","V1003","V1004","V1005","V1006","V1007","V1008","V1009","V1010","V1011","V1012","V1013","V1014","V1015","V1016","V1017","V1018","V1019","V1020","V1021","V1022","V1023","V1024","V1025","V1026","V1027","V1028","V1029","V1030","V1031","V1032","V1033","V1034","V1035","V1036","V1037","V1038","V1039","V1040","V1041","V1042","V1043","V1044","V1045","V1046","V1047","V1048","V1049","V1050","V1051","V1052","V1053","V1054","V1055","V1056","V1057","V1058","V1059","V1060","V1061","V1062","V1063","V1064","V1065","V1066","V1067","V1068","V1069","V1070","V1071","V1072","V1073","V1074","V1075","V1076","V1077","V1078","V1079","V1080","V1081","V1082","V1083","V1084","V1085","V1086","V1087","V1088","V1089","V1090","V1091","V1092","V1093","V1094","V1095","V1096","V1097","V1098","V1099","V1100","V1101","V1102","V1103","V1104","V1105","V1106","V1107","V1108","V1109","V1110","V1111","V1112","V1113","V1114","V1115","V1116","V1117","V1118","V1119","V1120","V1121","V1122","V1123","V1124","V1125","V1126","V1127","V1128","V1129","V1130","V1131","V1132","V1133","V1134","V1135","V1136","V1137","V1138","V1139","V1140","V1141","V1142","V1143","V1144","V1145","V1146","V1147","V1148","V1149","V1150","V1151","V1152","V1153","V1154","V1155","V1156","V1157","V1158","V1159","V1160","V1161","V1162","V1163","V1164","V1165","V1166","V1167","V1168","V1169","V1170","V1171","V1172","V1173","V1174","V1175","V1176","V1177","V1178","V1179","V1180","V1181","V1182","V1183","V1184","V1185","V1186","V1187","V1188","V1189","V1190","V1191","V1192","V1193","V1194","V1195","V1196","V1197","V1198","V1199","V1200","V1201","V1202","V1203","V1204","V1205","V1206","V1207","V1208","V1209","V1210","V1211","V1212","V1213","V1214","V1215","V1216","V1217","V1218","V1219","V1220","V1221","V1222","V1223","V1224","V1225","V1226","V1227","V1228","V1229","V1230","V1231","V1232","V1233","V1234","V1235","V1236","V1237","V1238","V1239","V1240","V1241","V1242","V1243","V1244","V1245","V1246","V1247","V1248","V1249","V1250","V1251","V1252","V1253","V1254","V1255","V1256","V1257","V1258","V1259","V1260","V1261","V1262","V1263","V1264","V1265","V1266","V1267","V1268","V1269","V1270","V1271","V1272","V1273","V1274"
"New.hCoV.19.Japan.PG.12288.2020","M","F","V","F","L","V","L","L","P","L","V","S","S","Q","C","V","N","L","T","T","R","T","Q","L","P","P","A","Y","T","N","S","F","T","R","G","V","Y","Y","P","D","K","V","F","R","S","S","V","L","H","S","T","Q","D","L","F","L","P","F","F","S","N","V","T","W","F","H","A","I","H","V","S","G","T","N","G","T","K","R","F","D","N","P","V","L","P","F","N","D","G","V","Y","F","A","S","T","E","K","S","N","I","I","R","G","W","I","F","G","T","T","L","D","S","K","T","Q","S","L","L","I","V","N","N","A","T","N","V","V","I","K","V","C","E","F","Q","F","C","N","D","P","F","L","G","V","Y","Y","H","K","N","N","K","S","W","M","E","S","E","F","R","V","Y","S","S","A","N","N","C","T","F","E","Y","V","S","Q","P","F","L","M","D","L","E","G","K","Q","G","N","F","K","N","L","R","E","F","V","F","K","N","I","D","G","Y","F","K","I","Y","S","K","H","T","P","I","N","L","V","R","D","L","P","Q","G","F","S","A","L","E","P","L","V","D","L","P","I","G","I","N","I","T","R","F","Q","T","L","L","A","L","H","R","S","Y","L","T","P","G","D","S","S","S","G","W","T","A","G","A","A","A","Y","Y","V","G","Y","L","Q","P","R","T","F","L","L","K","Y","N","E","N","G","T","I","T","D","A","V","D","C","A","L","D","P","L","S","E","T","K","C","T","L","K","S","F","T","V","E","K","G","I","Y","Q","T","S","N","F","R","V","Q","P","T","E","S","I","V","R","F","P","N","I","T","N","L","C","P","F","G","E","V","F","N","A","T","R","F","A","S","V","Y","A","W","N","R","K","R","I","S","N","C","V","A","D","Y","S","V","L","Y","N","S","A","S","F","S","T","F","K","C","Y","G","V","S","P","T","K","L","N","D","L","C","F","T","N","V","Y","A","D","S","F","V","I","R","G","D","E","V","R","Q","I","A","P","G","Q","T","G","K","I","A","D","Y","N","Y","K","L","P","D","D","F","T","G","C","V","I","A","W","N","S","N","N","L","D","S","K","V","G","G","N","Y","N","Y","L","Y","R","L","F","R","K","S","N","L","K","P","F","E","R","D","I","S","T","E","I","Y","Q","A","G","S","T","P","C","N","G","V","E","G","F","N","C","Y","F","P","L","Q","S","Y","G","F","Q","P","T","N","G","V","G","Y","Q","P","Y","R","V","V","V","L","S","F","E","L","L","H","A","P","A","T","V","C","G","P","K","K","S","T","N","L","V","K","N","K","C","V","N","F","N","F","N","G","L","T","G","T","G","V","L","T","E","S","N","K","K","F","L","P","F","Q","Q","F","G","R","D","I","A","D","T","T","D","A","V","R","D","P","Q","T","L","E","I","L","D","I","T","P","C","S","F","G","G","V","S","V","I","T","P","G","T","N","T","S","N","Q","V","A","V","L","Y","Q","G","V","N","C","T","E","V","P","V","A","I","H","A","D","Q","L","T","P","T","W","R","V","Y","S","T","G","S","N","V","F","Q","T","R","A","G","C","L","I","G","A","E","H","V","N","N","S","Y","E","C","D","I","P","I","G","A","G","I","C","A","S","Y","H","T","Q","T","N","S","P","R","R","A","R","S","V","A","S","Q","S","I","I","A","Y","T","M","S","L","G","A","E","N","S","V","A","Y","S","N","N","S","I","A","I","P","T","N","F","T","I","S","V","T","T","E","I","L","P","V","S","M","T","K","T","S","V","D","C","T","M","Y","I","C","G","D","S","T","E","C","S","N","L","L","L","Q","Y","G","S","F","C","T","Q","L","N","R","A","L","T","G","I","A","V","E","Q","D","K","N","T","Q","E","V","F","A","Q","V","K","Q","I","Y","K","T","P","P","I","K","D","F","G","G","F","N","F","S","Q","I","L","P","D","P","S","K","P","S","K","R","S","F","I","E","D","L","L","F","N","K","V","T","L","A","D","A","G","F","I","K","Q","Y","G","D","C","L","G","D","I","A","A","R","D","L","I","C","A","Q","K","F","N","G","L","T","V","L","P","P","L","L","T","D","E","M","I","A","Q","Y","T","S","A","L","L","A","G","T","I","T","S","G","W","T","F","G","A","G","A","A","L","Q","I","P","F","A","M","Q","M","A","Y","R","F","N","G","I","G","V","T","Q","N","V","L","Y","E","N","Q","K","L","I","A","N","Q","F","N","S","A","I","G","K","I","Q","D","S","L","S","S","T","A","S","A","L","G","K","L","Q","D","V","V","N","Q","N","A","Q","A","L","N","T","L","V","K","Q","L","S","S","N","F","G","A","I","S","S","V","L","N","D","I","L","S","R","L","D","K","V","E","A","E","V","Q","I","D","R","L","I","T","G","R","L","Q","S","L","Q","T","Y","V","T","Q","Q","L","I","R","A","A","E","I","R","A","S","A","N","L","A","A","T","K","M","S","E","C","V","L","G","Q","S","K","R","V","D","F","C","G","K","G","Y","H","L","M","S","F","P","Q","S","A","P","H","G","V","V","F","L","H","V","T","Y","V","P","A","Q","E","K","N","F","T","T","A","P","A","I","C","H","D","G","K","A","H","F","P","R","E","G","V","F","V","S","N","G","T","H","W","F","V","T","Q","R","N","F","Y","E","P","Q","I","I","T","T","D","N","T","F","V","S","G","N","C","D","V","V","I","G","I","V","N","N","T","V","Y","D","P","L","Q","P","E","L","D","S","F","K","E","E","L","D","K","Y","F","K","N","H","T","S","P","D","V","D","L","G","D","I","S","G","I","N","A","S","V","V","N","I","Q","K","E","I","D","R","L","N","E","V","A","K","N","L","N","E","S","L","I","D","L","Q","E","L","G","K","Y","E","Q","Y","I","K","W","P","W","Y","I","W","L","G","F","I","A","G","L","I","A","I","V","M","V","T","I","M","L","C","C","M","T","S","C","C","S","C","L","K","G","C","C","S","C","G","S","C","C","K","F","D","E","D","D","S","E","P","V","L","K","G","V","K","L","H","Y","T","---"
"New.hCoV.19.Japan.PG.12121.2020","M","F","V","F","L","V","L","L","P","L","V","S","S","Q","C","V","N","L","T","T","R","T","Q","L","P","P","A","Y","T","N","S","F","T","R","G","V","Y","Y","P","D","K","V","F","R","S","S","V","L","H","S","T","Q","D","L","F","L","P","F","F","S","N","V","T","W","F","H","A","I","H","V","S","G","T","N","G","T","K","R","F","D","N","P","V","L","P","F","N","D","G","V","Y","F","A","S","T","E","K","S","N","I","I","R","G","W","I","F","G","T","T","L","D","S","K","T","Q","S","L","L","I","V","N","N","A","T","N","V","V","I","K","V","C","E","F","Q","F","C","N","D","P","F","L","G","V","Y","Y","H","K","N","N","K","S","W","M","E","S","E","F","R","V","Y","S","S","A","N","N","C","T","F","E","Y","V","S","Q","P","F","L","M","D","L","E","G","K","Q","G","N","F","K","N","L","R","E","F","V","F","K","N","I","D","G","Y","F","K","I","Y","S","K","H","T","P","I","N","L","V","R","D","L","P","Q","G","F","S","A","L","E","P","L","V","D","L","P","I","G","I","N","I","T","R","F","Q","T","L","L","A","L","H","R","S","Y","L","T","P","G","D","S","S","S","G","W","T","A","G","A","A","A","Y","Y","V","G","Y","L","Q","P","R","T","F","L","L","K","Y","N","E","N","G","T","I","T","D","A","V","D","C","A","L","D","P","L","S","E","T","K","C","T","L","K","S","F","T","V","E","K","G","I","Y","Q","T","S","N","F","R","V","Q","P","T","E","S","I","V","R","F","P","N","I","T","N","L","C","P","F","G","E","V","F","N","A","T","R","F","A","S","V","Y","A","W","N","R","K","R","I","S","N","C","V","A","D","Y","S","V","L","Y","N","S","A","S","F","S","T","F","K","C","Y","G","V","S","P","T","K","L","N","D","L","C","F","T","N","V","Y","A","D","S","F","V","I","R","G","D","E","V","R","Q","I","A","P","G","Q","T","G","K","I","A","D","Y","N","Y","K","L","P","D","D","F","T","G","C","V","I","A","W","N","S","N","N","L","D","S","K","V","G","G","N","Y","N","Y","L","Y","R","L","F","R","K","S","N","L","K","P","F","E","R","D","I","S","T","E","I","Y","Q","A","G","S","T","P","C","N","G","V","E","G","F","N","C","Y","F","P","L","Q","S","Y","G","F","Q","P","T","N","G","V","G","Y","Q","P","Y","R","V","V","V","L","S","F","E","L","L","H","A","P","A","T","V","C","G","P","K","K","S","T","N","L","V","K","N","K","C","V","N","F","N","F","N","G","L","T","G","T","G","V","L","T","E","S","N","K","K","F","L","P","F","Q","Q","F","G","R","D","I","A","D","T","T","D","A","V","R","D","P","Q","T","L","E","I","L","D","I","T","P","C","S","F","G","G","V","S","V","I","T","P","G","T","N","T","S","N","Q","V","A","V","L","Y","Q","G","V","N","C","T","E","V","P","V","A","I","H","A","D","Q","L","T","P","T","W","R","V","Y","S","T","G","S","N","V","F","Q","T","R","A","G","C","L","I","G","A","E","H","V","N","N","S","Y","E","C","D","I","P","I","G","A","G","I","C","A","S","Y","H","T","Q","T","N","S","P","R","R","A","R","S","V","A","S","Q","S","I","I","A","Y","T","M","S","L","G","A","E","N","S","V","A","Y","S","N","N","S","I","A","I","P","T","N","F","T","I","S","V","T","T","E","I","L","P","V","S","M","T","K","T","S","V","D","C","T","M","Y","I","C","G","D","S","T","E","C","S","N","L","L","L","Q","Y","G","S","F","C","T","Q","L","N","R","A","L","T","G","I","A","V","E","Q","D","K","N","T","Q","E","V","F","A","Q","V","K","Q","I","Y","K","T","P","P","I","K","D","F","G","G","F","N","F","S","Q","I","L","P","D","P","S","K","P","S","K","R","S","F","I","E","D","L","L","F","N","K","V","T","L","A","D","A","G","F","I","K","Q","Y","G","D","C","L","G","D","I","A","A","R","D","L","I","C","A","Q","K","F","N","G","L","T","V","L","P","P","L","L","T","D","E","M","I","A","Q","Y","T","S","A","L","L","A","G","T","I","T","S","G","W","T","F","G","A","G","A","A","L","Q","I","P","F","A","M","Q","M","A","Y","R","F","N","G","I","G","V","T","Q","N","V","L","Y","E","N","Q","K","L","I","A","N","Q","F","N","S","A","I","G","K","I","Q","D","S","L","S","S","T","A","S","A","L","G","K","L","Q","D","V","V","N","Q","N","A","Q","A","L","N","T","L","V","K","Q","L","S","S","N","F","G","A","I","S","S","V","L","N","D","I","L","S","R","L","D","K","V","E","A","E","V","Q","I","D","R","L","I","T","G","R","L","Q","S","L","Q","T","Y","V","T","Q","Q","L","I","R","A","A","E","I","R","A","S","A","N","L","A","A","T","K","M","S","E","C","V","L","G","Q","S","K","R","V","D","F","C","G","K","G","Y","H","L","M","S","F","P","Q","S","A","P","H","G","V","V","F","L","H","V","T","Y","V","P","A","Q","E","K","N","F","T","T","A","P","A","I","C","H","D","G","K","A","H","F","P","R","E","G","V","F","V","S","N","G","T","H","W","F","V","T","Q","R","N","F","Y","E","P","Q","I","I","T","T","D","N","T","F","V","S","G","N","C","D","V","V","I","G","I","V","N","N","T","V","Y","D","P","L","Q","P","E","L","D","S","F","K","E","E","L","D","K","Y","F","K","N","H","T","S","P","D","V","D","L","G","D","I","S","G","I","N","A","S","V","V","N","I","Q","K","E","I","D","R","L","N","E","V","A","K","N","L","N","E","S","L","I","D","L","Q","E","L","G","K","Y","E","Q","Y","I","K","W","P","W","Y","I","W","L","G","F","I","A","G","L","I","A","I","V","M","V","T","I","M","L","C","C","M","T","S","C","C","S","C","L","K","G","C","C","S","C","G","S","C","C","K","F","D","E","D","D","S","E","P","V","L","K","G","V","K","L","H","Y","T","---"
"New.hCoV.19.Japan.PG.12318.2020","M","F","V","F","L","V","L","L","P","L","V","S","S","Q","C","V","N","L","T","T","R","T","Q","L","P","P","A","Y","T","N","S","F","T","R","G","V","Y","Y","P","D","K","V","F","R","S","S","V","L","H","S","T","Q","D","L","F","L","P","F","F","S","N","V","T","W","F","H","A","I","H","V","S","G","T","N","G","T","K","R","F","D","N","P","V","L","P","F","N","D","G","V","Y","F","A","S","T","E","K","S","N","I","I","R","G","W","I","F","G","T","T","L","D","S","K","T","Q","S","L","L","I","V","N","N","A","T","N","V","V","I","K","V","C","E","F","Q","F","C","N","D","P","F","L","G","V","Y","Y","H","K","N","N","K","S","W","M","E","S","E","F","R","V","Y","S","S","A","N","N","C","T","F","E","Y","V","S","Q","P","F","L","M","D","L","E","G","K","Q","G","N","F","K","N","L","R","E","F","V","F","K","N","I","D","G","Y","F","K","I","Y","S","K","H","T","P","I","N","L","V","R","D","L","P","Q","G","F","S","A","L","E","P","L","V","D","L","P","I","G","I","N","I","T","R","F","Q","T","L","L","A","L","H","R","S","Y","L","T","P","G","D","S","S","S","G","W","T","A","G","A","A","A","Y","Y","V","G","Y","L","Q","P","R","T","F","L","L","K","Y","N","E","N","G","T","I","T","D","A","V","D","C","A","L","D","P","L","S","E","T","K","C","T","L","K","S","F","T","V","E","K","G","I","Y","Q","T","S","N","F","R","V","Q","P","T","E","S","I","V","R","F","P","N","I","T","N","L","C","P","F","G","E","V","F","N","A","T","R","F","A","S","V","Y","A","W","N","R","K","R","I","S","N","C","V","A","D","Y","S","V","L","Y","N","S","A","S","F","S","T","F","K","C","Y","G","V","S","P","T","K","L","N","D","L","C","F","T","N","V","Y","A","D","S","F","V","I","R","G","D","E","V","R","Q","I","A","P","G","Q","T","G","K","I","A","D","Y","N","Y","K","L","P","D","D","F","T","G","C","V","I","A","W","N","S","N","N","L","D","S","K","V","G","G","N","Y","N","Y","L","Y","R","L","F","R","K","S","N","L","K","P","F","E","R","D","I","S","T","E","I","Y","Q","A","G","S","T","P","C","N","G","V","E","G","F","N","C","Y","F","P","L","Q","S","Y","G","F","Q","P","T","N","G","V","G","Y","Q","P","Y","R","V","V","V","L","S","F","E","L","L","H","A","P","A","T","V","C","G","P","K","K","S","T","N","L","V","K","N","K","C","V","N","F","N","F","N","G","L","T","G","T","G","V","L","T","E","S","N","K","K","F","L","P","F","Q","Q","F","G","R","D","I","A","D","T","T","D","A","V","R","D","P","Q","T","L","E","I","L","D","I","T","P","C","S","F","G","G","V","S","V","I","T","P","G","T","N","T","S","N","Q","V","A","V","L","Y","Q","G","V","N","C","T","E","V","P","V","A","I","H","A","D","Q","L","T","P","T","W","R","V","Y","S","T","G","S","N","V","F","Q","T","R","A","G","C","L","I","G","A","E","H","V","N","N","S","Y","E","C","D","I","P","I","G","A","G","I","C","A","S","Y","Q","T","Q","T","N","S","P","R","R","A","R","S","V","A","S","Q","S","I","I","A","Y","T","M","S","L","G","A","E","N","S","V","A","Y","S","N","N","S","I","A","I","P","T","N","F","T","I","S","V","T","T","E","I","L","P","V","S","M","T","K","T","S","V","D","C","T","M","Y","I","C","G","D","S","T","E","C","S","N","L","L","L","Q","Y","G","S","F","C","T","Q","L","N","R","A","L","T","G","I","A","V","E","Q","D","K","N","T","Q","E","V","F","A","Q","V","K","Q","I","Y","K","T","P","P","I","K","D","F","G","G","F","N","F","S","Q","I","L","P","D","P","S","K","P","S","K","R","S","F","I","E","D","L","L","F","N","K","V","T","L","A","D","A","G","F","I","K","Q","Y","G","D","C","L","G","D","I","A","A","R","D","L","I","C","A","Q","K","F","N","G","L","T","V","L","P","P","L","L","T","D","E","M","I","A","Q","Y","T","S","A","L","L","A","G","T","I","T","S","G","W","T","F","G","A","G","A","A","L","Q","I","P","F","A","M","Q","M","A","Y","R","F","N","G","I","G","V","T","Q","N","V","L","Y","E","N","Q","K","L","I","A","N","Q","F","N","S","A","I","G","K","I","Q","D","S","L","S","S","T","A","S","A","L","G","K","L","Q","D","V","V","N","Q","N","A","Q","A","L","N","T","L","V","K","Q","L","S","S","N","F","G","A","I","S","S","V","L","N","D","I","L","S","R","L","D","K","V","E","A","E","V","Q","I","D","R","L","I","T","G","R","L","Q","S","L","Q","T","Y","V","T","Q","Q","L","I","R","A","A","E","I","R","A","S","A","N","L","A","A","T","K","M","S","E","C","V","L","G","Q","S","K","R","V","D","F","C","G","K","G","Y","H","L","M","S","F","P","Q","S","A","P","H","G","V","V","F","L","H","V","T","Y","V","P","A","Q","E","K","N","F","T","T","A","P","A","I","C","H","D","G","K","A","H","F","P","R","E","G","V","F","V","S","N","G","T","H","W","F","V","T","Q","R","N","F","Y","E","P","Q","I","I","T","T","D","N","T","F","V","S","G","N","C","D","V","V","I","G","I","V","N","N","T","V","Y","D","P","L","Q","P","E","L","D","S","F","K","E","E","L","D","K","Y","F","K","N","H","T","S","P","D","V","D","L","G","D","I","S","G","I","N","A","S","V","V","N","I","Q","K","E","I","D","R","L","N","E","V","A","K","N","L","N","E","S","L","I","D","L","Q","E","L","G","K","Y","E","Q","Y","I","K","W","P","W","Y","I","W","L","G","F","I","A","G","L","I","A","I","V","M","V","T","I","M","L","C","C","M","T","S","C","C","S","C","L","K","G","C","C","S","C","G","S","C","C","K","F","D","E","D","D","S","E","P","V","L","K","G","V","K","L","H","Y","T","---"
"New.hCoV.19.Japan.PG.14945.2020","M","F","V","F","L","V","L","L","P","L","V","S","S","Q","C","V","N","L","T","T","R","T","Q","L","P","P","A","Y","T","N","S","F","T","R","G","V","Y","Y","P","D","K","V","F","R","S","S","V","L","H","S","T","Q","D","L","F","L","P","F","F","S","N","V","T","W","F","H","A","I","H","V","S","G","T","N","G","T","K","R","F","D","N","P","V","L","P","F","N","D","G","V","Y","F","A","S","T","E","K","S","N","I","I","R","G","W","I","F","G","T","T","L","D","S","K","T","Q","S","L","L","I","V","N","N","A","T","N","V","V","I","K","V","C","E","F","Q","F","C","N","D","P","F","L","G","V","Y","Y","H","K","N","N","K","S","W","M","E","S","E","F","R","V","Y","S","S","A","N","N","C","T","F","E","Y","V","S","Q","P","F","L","M","D","L","E","G","K","Q","G","N","F","K","N","L","R","E","F","V","F","K","N","I","D","G","Y","F","K","I","Y","S","K","H","T","P","I","N","L","V","R","D","L","P","Q","G","F","S","A","L","E","P","L","V","D","L","P","I","G","I","N","I","T","R","F","Q","T","L","L","A","L","H","R","S","Y","L","T","P","G","D","S","S","S","G","W","T","A","G","A","A","A","Y","Y","V","G","Y","L","Q","P","R","T","F","L","L","K","Y","N","E","N","G","T","I","T","D","A","V","D","C","A","L","D","P","L","S","E","T","K","C","T","L","K","S","F","T","V","E","K","G","I","Y","Q","T","S","N","F","R","V","Q","P","T","E","S","I","V","R","F","P","N","I","T","N","L","C","P","F","G","E","V","F","N","A","T","R","F","A","S","V","Y","A","W","N","R","K","R","I","S","N","C","V","A","D","Y","S","V","L","Y","N","S","A","S","F","S","T","F","K","C","Y","G","V","S","P","T","K","L","N","D","L","C","F","T","N","V","Y","A","D","S","F","V","I","R","G","D","E","V","R","Q","I","A","P","G","Q","T","G","K","I","A","D","Y","N","Y","K","L","P","D","D","F","T","G","C","V","I","A","W","N","S","N","N","L","D","S","K","V","G","G","N","Y","N","Y","L","Y","R","L","F","R","K","S","N","L","K","P","F","E","R","D","I","S","T","E","I","Y","Q","A","G","S","T","P","C","N","G","V","E","G","F","N","C","Y","F","P","L","Q","S","Y","G","F","Q","P","T","N","G","V","G","Y","Q","P","Y","R","V","V","V","L","S","F","E","L","L","H","A","P","A","T","V","C","G","P","K","K","S","T","N","L","V","K","N","K","C","V","N","F","N","F","N","G","L","T","G","T","G","V","L","T","E","S","N","K","K","F","L","P","F","Q","Q","F","G","R","D","I","A","D","T","T","D","A","V","R","D","P","Q","T","L","E","I","L","D","I","T","P","C","S","F","G","G","V","S","V","I","T","P","G","T","N","T","S","N","Q","V","A","V","L","Y","Q","G","V","N","C","T","E","V","P","V","A","I","H","A","D","Q","L","T","P","T","W","R","V","Y","S","T","G","S","N","V","F","Q","T","R","A","G","C","L","I","G","A","E","H","V","N","N","S","Y","E","C","D","I","P","I","G","A","G","I","C","A","S","Y","Q","T","Q","T","N","S","P","R","R","A","R","S","V","A","S","Q","S","I","I","A","Y","T","M","S","L","G","A","E","N","S","V","A","Y","S","N","N","S","I","A","I","P","T","N","F","T","I","S","V","T","T","E","I","L","P","V","S","M","T","K","T","S","V","D","C","T","M","Y","I","C","G","D","S","T","E","C","S","N","L","L","L","Q","Y","G","S","F","C","T","Q","L","N","R","A","L","T","G","I","A","V","E","Q","D","K","N","T","Q","E","V","F","A","Q","V","K","Q","I","Y","K","T","P","P","I","K","D","F","G","G","F","N","F","S","Q","I","L","P","D","P","S","K","P","S","K","R","S","F","I","E","D","L","L","F","N","K","V","T","L","A","D","A","G","F","I","K","Q","Y","G","D","C","L","G","D","I","A","A","R","D","L","I","C","A","Q","K","F","N","G","L","T","V","L","P","P","L","L","T","D","E","M","I","A","Q","Y","T","S","A","L","L","A","G","T","I","T","S","G","W","T","F","G","A","G","A","A","L","Q","I","P","F","A","M","Q","M","A","Y","R","F","N","G","I","G","V","T","Q","N","V","L","Y","E","N","Q","K","L","I","A","N","Q","F","N","S","A","I","G","K","I","Q","D","S","L","S","S","T","A","S","A","L","G","K","L","Q","D","V","V","N","Q","N","A","Q","A","L","N","T","L","V","K","Q","L","S","S","N","F","G","A","I","S","S","V","L","N","D","I","L","S","R","L","D","K","V","E","A","E","V","Q","I","D","R","L","I","T","G","R","L","Q","S","L","Q","T","Y","V","T","Q","Q","L","I","R","A","A","E","I","R","A","S","A","N","L","A","A","T","K","M","S","E","C","V","L","G","Q","S","K","R","V","D","F","C","G","K","G","Y","H","L","M","S","F","P","Q","S","A","P","H","G","V","V","F","L","H","V","T","Y","V","P","A","Q","E","K","N","F","T","T","A","P","A","I","C","H","D","G","K","A","H","F","P","R","E","G","V","F","V","S","N","G","T","H","W","F","V","T","Q","R","N","F","Y","E","P","Q","I","I","T","T","D","N","T","F","V","S","G","N","C","D","V","V","I","G","I","V","N","N","T","V","Y","D","P","L","Q","P","E","L","D","S","F","K","E","E","L","D","K","Y","F","K","N","H","T","S","P","D","V","D","L","G","D","I","S","G","I","N","A","S","V","V","N","I","Q","K","E","I","D","R","L","N","E","V","A","K","N","L","N","E","S","L","I","D","L","Q","E","L","G","K","Y","E","Q","Y","I","K","W","P","W","Y","I","W","L","G","F","I","A","G","L","I","A","I","V","M","V","T","I","M","L","C","C","M","T","S","C","C","S","C","L","K","G","C","C","S","C","G","S","C","C","K","F","D","E","D","D","S","E","P","V","L","K","G","V","K","L","H","Y","T","---"
"New.hCoV.19.Japan.PG.19200.2020","M","F","V","F","L","V","L","L","P","L","V","S","S","Q","C","V","N","L","T","T","R","T","Q","L","P","P","A","Y","T","N","S","F","T","R","G","V","Y","Y","P","D","K","V","F","R","S","S","V","L","H","S","T","Q","D","L","F","L","P","F","F","S","N","V","T","W","F","H","A","I","H","V","S","G","T","N","G","T","K","R","F","D","N","P","V","L","P","F","N","D","G","V","Y","F","A","S","T","E","K","S","N","I","I","R","G","W","I","F","G","T","T","L","D","S","K","T","Q","S","L","L","I","V","N","N","A","T","N","V","V","I","K","V","C","E","F","Q","F","C","N","D","P","F","L","G","V","Y","Y","H","K","N","N","K","S","W","M","E","S","E","F","R","V","Y","S","S","A","N","N","C","T","F","E","Y","V","S","Q","P","F","L","M","D","L","E","G","K","Q","G","N","F","K","N","L","R","E","F","V","F","K","N","I","D","G","Y","F","K","I","Y","S","K","H","T","P","I","N","L","V","R","D","L","P","Q","G","F","S","A","L","E","P","L","V","D","L","P","I","G","I","N","I","T","R","F","Q","T","L","L","A","L","H","R","S","Y","L","T","P","G","D","S","S","S","G","W","T","A","G","A","A","A","Y","Y","V","G","Y","L","Q","P","R","T","F","L","L","K","Y","N","E","N","G","T","I","T","D","A","V","D","C","A","L","D","P","L","S","E","T","K","C","T","L","K","S","F","T","V","E","K","G","I","Y","Q","T","S","N","F","R","V","Q","P","T","E","S","I","V","R","F","P","N","I","T","N","L","C","P","F","G","E","V","F","N","A","T","R","F","A","S","V","Y","A","W","N","R","K","R","I","S","N","C","V","A","D","Y","S","V","L","Y","N","S","A","S","F","S","T","F","K","C","Y","G","V","S","P","T","K","L","N","D","L","C","F","T","N","V","Y","A","D","S","F","V","I","R","G","D","E","V","R","Q","I","A","P","G","Q","T","G","K","I","A","D","Y","N","Y","K","L","P","D","D","F","T","G","C","V","I","A","W","N","S","N","N","L","D","S","K","V","G","G","N","Y","N","Y","L","Y","R","L","F","R","K","S","N","L","K","P","F","E","R","D","I","S","T","E","I","Y","Q","A","G","S","T","P","C","N","G","V","E","G","F","N","C","Y","F","P","L","Q","S","Y","G","F","Q","P","T","N","G","V","G","Y","Q","P","Y","R","V","V","V","L","S","F","E","L","L","H","A","P","A","T","V","C","G","P","K","K","S","T","N","L","V","K","N","K","C","V","N","F","N","F","N","G","L","T","G","T","G","V","L","T","E","S","N","K","K","F","L","P","F","Q","Q","F","G","R","D","I","A","D","T","T","D","A","V","R","D","P","Q","T","L","E","I","L","D","I","T","P","C","S","F","G","G","V","S","V","I","T","P","G","T","N","T","S","N","Q","V","A","V","L","Y","Q","G","V","N","C","T","E","V","P","V","A","I","H","A","D","Q","L","T","P","T","W","R","V","Y","S","T","G","S","N","V","F","Q","T","R","A","G","C","L","I","G","A","E","H","V","N","N","S","Y","E","C","D","I","P","I","G","A","G","I","C","A","S","Y","Q","T","Q","T","N","S","P","R","R","A","R","S","V","A","S","Q","S","I","I","A","Y","T","M","S","L","G","A","E","N","S","V","A","Y","S","N","N","S","I","A","I","P","T","N","F","T","I","S","V","T","T","E","I","L","P","V","S","M","T","K","T","S","V","D","C","T","M","Y","I","C","G","D","S","T","E","C","S","N","L","L","L","Q","Y","G","S","F","C","T","Q","L","N","R","A","L","T","G","I","A","V","E","Q","D","K","N","T","Q","E","V","F","A","Q","V","K","Q","I","Y","K","T","P","P","I","K","D","F","G","G","F","N","F","S","Q","I","L","P","D","P","S","K","P","S","K","R","S","F","I","E","D","L","L","F","N","K","V","T","L","A","D","A","G","F","I","K","Q","Y","G","D","C","L","G","D","I","A","A","R","D","L","I","C","A","Q","K","F","N","G","L","T","V","L","P","P","L","L","T","D","E","M","I","A","Q","Y","T","S","A","L","L","A","G","T","I","T","S","G","W","T","F","G","A","G","A","A","L","Q","I","P","F","A","M","Q","M","A","Y","R","F","N","G","I","G","V","T","Q","N","V","L","Y","E","N","Q","K","L","I","A","N","Q","F","N","S","A","I","G","K","I","Q","D","S","L","S","S","T","A","S","A","L","G","K","L","Q","D","V","V","N","Q","N","A","Q","A","L","N","T","L","V","K","Q","L","S","S","N","F","G","A","I","S","S","V","L","N","D","I","L","S","R","L","D","K","V","E","A","E","V","Q","I","D","R","L","I","T","G","R","L","Q","S","L","Q","T","Y","V","T","Q","Q","L","I","R","A","A","E","I","R","A","S","A","N","L","A","A","T","K","M","S","E","C","V","L","G","Q","S","K","R","V","D","F","C","G","K","G","Y","H","L","M","S","F","P","Q","S","A","P","H","G","V","V","F","L","H","V","T","Y","V","P","A","Q","E","K","N","F","T","T","A","P","A","I","C","H","D","G","K","A","H","F","P","R","E","G","V","F","V","S","N","G","T","H","W","F","V","T","Q","R","N","F","Y","E","P","Q","I","I","T","T","D","N","T","F","V","S","G","N","C","D","V","V","I","G","I","V","N","N","T","V","Y","D","P","L","Q","P","E","L","D","S","F","K","E","E","L","D","K","Y","F","K","N","H","T","S","P","D","V","D","L","G","D","I","S","G","I","N","A","S","V","V","N","I","Q","K","E","I","D","R","L","N","E","V","A","K","N","L","N","E","S","L","I","D","L","Q","E","L","G","K","Y","E","Q","Y","I","K","W","P","W","Y","I","W","L","G","F","I","A","G","L","I","A","I","V","M","V","T","I","M","L","C","C","M","T","S","C","C","S","C","L","K","G","C","C","S","C","G","S","C","C","K","F","D","E","D","D","S","E","P","V","L","K","G","V","K","L","H","Y","T","---"
"New.hCoV.19.Japan.TKY52516.2020","M","F","V","F","L","V","L","L","P","L","V","S","S","Q","C","V","N","L","T","T","R","T","Q","L","P","P","A","Y","T","N","S","F","T","R","G","V","Y","Y","P","D","K","V","F","R","S","S","V","L","H","S","T","Q","D","L","F","L","P","F","F","S","N","V","T","W","F","H","A","I","H","V","S","G","T","N","G","T","K","R","F","D","N","P","V","L","P","F","N","D","G","V","Y","F","A","S","T","E","K","S","N","I","I","R","G","W","I","F","G","T","T","L","D","S","K","T","Q","S","L","L","I","V","N","N","A","T","N","V","V","I","K","V","C","E","F","Q","F","C","N","D","P","F","L","G","V","Y","Y","H","K","N","N","K","S","W","M","E","S","E","F","R","V","Y","S","S","A","N","N","C","T","F","E","Y","V","S","Q","P","F","L","M","D","L","E","G","K","Q","G","N","F","K","N","L","R","E","F","V","F","K","N","I","D","G","Y","F","K","I","Y","S","K","H","T","P","I","N","L","V","R","D","L","P","Q","G","F","S","A","L","E","P","L","V","D","L","P","I","G","I","N","I","T","R","F","Q","T","L","L","A","L","H","R","S","Y","L","T","P","G","D","S","S","S","G","W","T","A","G","A","A","A","Y","Y","V","G","Y","L","Q","P","R","T","F","L","L","K","Y","N","E","N","G","T","I","T","D","A","V","D","C","A","L","D","P","L","S","E","T","K","C","T","L","K","S","F","T","V","E","K","G","I","Y","Q","T","S","N","F","R","V","Q","P","T","E","S","I","V","R","F","P","N","I","T","N","L","C","P","F","G","E","V","F","N","A","T","R","F","A","S","V","Y","A","W","N","R","K","R","I","S","N","C","V","A","D","Y","S","V","L","Y","N","S","A","S","F","S","T","F","K","C","Y","G","V","S","P","T","K","L","N","D","L","C","F","T","N","V","Y","A","D","S","F","V","I","R","G","D","E","V","R","Q","I","A","P","G","Q","T","G","K","I","A","D","Y","N","Y","K","L","P","D","D","F","T","G","C","V","I","A","W","N","S","N","N","L","D","S","K","V","G","G","N","Y","N","Y","L","Y","R","L","F","R","K","S","N","L","K","P","F","E","R","D","I","S","T","E","I","Y","Q","A","G","S","T","P","C","N","G","V","E","G","F","N","C","Y","F","P","L","Q","S","Y","G","F","Q","P","T","N","G","V","G","Y","Q","P","Y","R","V","V","V","L","S","F","E","L","L","H","A","P","A","T","V","C","G","P","K","K","S","T","N","L","V","K","N","K","C","V","N","F","N","F","N","G","L","T","G","T","G","V","L","T","E","S","N","K","K","F","L","P","F","Q","Q","F","G","R","D","I","A","D","T","T","D","A","V","R","D","P","Q","T","L","E","I","L","D","I","T","P","C","S","F","G","G","V","S","V","I","T","P","G","T","N","T","S","N","Q","V","A","V","L","Y","Q","G","V","N","C","T","E","V","P","V","A","I","H","A","D","Q","L","T","P","T","W","R","V","Y","S","T","G","S","N","V","F","Q","T","R","A","G","C","L","I","G","A","E","H","V","N","N","S","Y","E","C","D","I","P","I","G","A","G","I","C","A","S","Y","H","T","Q","T","N","S","P","R","R","A","R","S","V","A","S","Q","S","I","I","A","Y","T","M","S","L","G","A","E","N","S","V","A","Y","S","N","N","S","I","A","I","P","T","N","F","T","I","S","V","T","T","E","I","L","P","V","S","M","T","K","T","S","V","D","C","T","M","Y","I","C","G","D","S","T","E","C","S","N","L","L","L","Q","Y","G","S","F","C","T","Q","L","N","R","A","L","T","G","I","A","V","E","Q","D","K","N","T","Q","E","V","F","A","Q","V","K","Q","I","Y","K","T","P","P","I","K","D","F","G","G","F","N","F","S","Q","I","L","P","D","P","S","K","P","S","K","R","S","F","I","E","D","L","L","F","N","K","V","T","L","A","D","A","G","F","I","K","Q","Y","G","D","C","L","G","D","I","A","A","R","D","L","I","C","A","Q","K","F","N","G","L","T","V","L","P","P","L","L","T","D","E","M","I","A","Q","Y","T","S","A","L","L","A","G","T","I","T","S","G","W","T","F","G","A","G","A","A","L","Q","I","P","F","A","M","Q","M","A","Y","R","F","N","G","I","G","V","T","Q","N","V","L","Y","E","N","Q","K","L","I","A","N","Q","F","N","S","A","I","G","K","I","Q","D","S","L","S","S","T","A","S","A","L","G","K","L","Q","D","V","V","N","Q","N","A","Q","A","L","N","T","L","V","K","Q","L","S","S","N","F","G","A","I","S","S","V","L","N","D","I","L","S","R","L","D","K","V","E","A","E","V","Q","I","D","R","L","I","T","G","R","L","Q","S","L","Q","T","Y","V","T","Q","Q","L","I","R","A","A","E","I","R","A","S","A","N","L","A","A","T","K","M","S","E","C","V","L","G","Q","S","K","R","V","D","F","C","G","K","G","Y","H","L","M","S","F","P","Q","S","A","P","H","G","V","V","F","L","H","V","T","Y","V","P","A","Q","E","K","N","F","T","T","A","P","A","I","C","H","D","G","K","A","H","F","P","R","E","G","V","F","V","S","N","G","T","H","W","F","V","T","Q","R","N","F","Y","E","P","Q","I","I","T","T","D","N","T","F","V","S","G","N","C","D","V","V","I","G","I","V","N","N","T","V","Y","D","P","L","Q","P","E","L","D","S","F","K","E","E","L","D","K","Y","F","K","N","H","T","S","P","D","V","D","L","G","D","I","S","G","I","N","A","S","V","V","N","I","Q","K","E","I","D","R","L","N","E","V","A","K","N","L","N","E","S","L","I","D","L","Q","E","L","G","K","Y","E","Q","Y","I","K","W","P","W","Y","I","W","L","G","F","I","A","G","L","I","A","I","V","M","V","T","I","M","L","C","C","M","T","S","C","C","S","C","L","K","G","C","C","S","C","G","S","C","C","K","F","D","E","D","D","S","E","P","V","L","K","G","V","K","L","H","Y","T","---"
"New.hCoV.19.Japan.PG.167273.2020","M","F","V","F","L","V","L","L","P","L","V","S","S","Q","C","V","N","L","T","T","R","T","Q","L","P","P","A","Y","T","N","S","F","T","R","G","V","Y","Y","P","D","K","V","F","R","S","S","V","L","H","S","T","Q","D","L","F","L","P","F","F","S","N","V","T","W","F","H","A","I","H","V","S","G","T","N","G","T","K","R","F","D","N","P","V","L","P","F","N","D","G","V","Y","F","A","S","T","E","K","S","N","I","I","R","G","W","I","F","G","T","T","L","D","S","K","T","Q","S","L","L","I","V","N","N","A","T","N","V","V","I","K","V","C","E","F","Q","F","C","N","D","P","F","L","G","V","Y","Y","H","K","N","N","K","S","W","M","E","S","E","F","R","V","Y","S","S","A","N","N","C","T","F","E","Y","V","S","Q","P","F","L","M","D","L","E","G","K","Q","G","N","F","K","N","L","R","E","F","V","F","K","N","I","D","G","Y","F","K","I","Y","S","K","H","T","P","I","N","L","V","R","D","L","P","Q","G","F","S","A","L","E","P","L","V","D","L","P","I","G","I","N","I","T","R","F","Q","T","L","L","A","L","H","R","S","Y","L","T","P","G","D","S","S","S","G","W","T","A","G","A","A","A","Y","Y","V","G","Y","L","Q","P","R","T","F","L","L","K","Y","N","E","N","G","T","I","T","D","A","V","D","C","A","L","D","P","L","S","E","T","K","C","T","L","K","S","F","T","V","E","K","G","I","Y","Q","T","S","N","F","R","V","Q","P","T","E","S","I","V","R","F","P","N","I","T","N","L","C","P","F","G","E","V","F","N","A","T","R","F","A","S","V","Y","A","W","N","R","K","R","I","S","N","C","V","A","D","Y","S","V","L","Y","N","S","A","S","F","S","T","F","K","C","Y","G","V","S","P","T","K","L","N","D","L","C","F","T","N","V","Y","A","D","S","F","V","I","R","G","D","E","V","R","Q","I","A","P","G","Q","T","G","K","I","A","D","Y","N","Y","K","L","P","D","D","F","T","G","C","V","I","A","W","N","S","N","N","L","D","S","K","V","G","G","N","Y","N","Y","L","Y","R","L","F","R","K","S","N","L","K","P","F","E","R","D","I","S","T","E","I","Y","Q","A","G","S","T","P","C","N","G","V","E","G","F","N","C","Y","F","P","L","Q","S","Y","G","F","Q","P","T","N","G","V","G","Y","Q","P","Y","R","V","V","V","L","S","F","E","L","L","H","A","P","A","T","V","C","G","P","K","K","S","T","N","L","V","K","N","K","C","V","N","F","N","F","N","G","L","T","G","T","G","V","L","T","E","S","N","K","K","F","L","P","F","Q","Q","F","G","R","D","I","A","D","T","T","D","A","V","R","D","P","Q","T","L","E","I","L","D","I","T","P","C","S","F","G","G","V","S","V","I","T","P","G","T","N","T","S","N","Q","V","A","V","L","Y","Q","G","V","N","C","T","E","V","P","V","A","I","H","A","D","Q","L","T","P","T","W","R","V","Y","S","T","G","S","N","V","F","Q","T","R","A","G","C","L","I","G","A","E","H","V","N","N","S","Y","E","C","D","I","P","I","G","A","G","I","C","A","S","Y","H","T","Q","T","N","S","P","R","R","A","R","S","V","A","S","Q","S","I","I","A","Y","T","M","S","L","G","A","E","N","S","V","A","Y","S","N","N","S","I","A","I","P","T","N","F","T","I","S","V","T","T","E","I","L","P","V","S","M","T","K","T","S","V","D","C","T","M","Y","I","C","G","D","S","T","E","C","S","N","L","L","L","Q","Y","G","S","F","C","T","Q","L","N","R","A","L","T","G","I","A","V","E","Q","D","K","N","T","Q","E","V","F","A","Q","V","K","Q","I","Y","K","T","P","P","I","K","D","F","G","G","F","N","F","S","Q","I","L","P","D","P","S","K","P","S","K","R","S","F","I","E","D","L","L","F","N","K","V","T","L","A","D","A","G","F","I","K","Q","Y","G","D","C","L","G","D","I","A","A","R","D","L","I","C","A","Q","K","F","N","G","L","T","V","L","P","P","L","L","T","D","E","M","I","A","Q","Y","T","S","A","L","L","A","G","T","I","T","S","G","W","T","F","G","A","G","A","A","L","Q","I","P","F","A","M","Q","M","A","Y","R","F","N","G","I","G","V","T","Q","N","V","L","Y","E","N","Q","K","L","I","A","N","Q","F","N","S","A","I","G","K","I","Q","D","S","L","S","S","T","A","S","A","L","G","K","L","Q","D","V","V","N","Q","N","A","Q","A","L","N","T","L","V","K","Q","L","S","S","N","F","G","A","I","S","S","V","L","N","D","I","L","S","R","L","D","K","V","E","A","E","V","Q","I","D","R","L","I","T","G","R","L","Q","S","L","Q","T","Y","V","T","Q","Q","L","I","R","A","A","E","I","R","A","S","A","N","L","A","A","T","K","M","S","E","C","V","L","G","Q","S","K","R","V","D","F","C","G","K","G","Y","H","L","M","S","F","P","Q","S","A","P","H","G","V","V","F","L","H","V","T","Y","V","P","A","Q","E","K","N","F","T","T","A","P","A","I","C","H","D","G","K","A","H","F","P","R","E","G","V","F","V","S","N","G","T","H","W","F","V","T","Q","R","N","F","Y","E","P","Q","I","I","T","T","D","N","T","F","V","S","G","N","C","D","V","V","I","G","I","V","N","N","T","V","Y","D","P","L","Q","P","E","L","D","S","F","K","E","E","L","D","K","Y","F","K","N","H","T","S","P","D","V","D","L","G","D","I","S","G","I","N","A","S","V","V","N","I","Q","K","E","I","D","R","L","N","E","V","A","K","N","L","N","E","S","L","I","D","L","Q","E","L","G","K","Y","E","Q","Y","I","K","W","P","W","Y","I","W","L","G","F","I","A","G","L","I","A","I","V","M","V","T","I","M","L","C","C","M","T","S","C","C","S","C","L","K","G","C","C","S","C","G","S","C","C","K","F","D","E","D","D","S","E","P","V","L","K","G","V","K","L","H","Y","T","---"
"New.hCoV.19.Japan.PG.11445.2020","M","F","V","F","L","V","L","L","P","L","V","S","S","Q","C","V","N","L","T","T","R","T","Q","L","P","P","A","Y","T","N","S","F","T","R","G","V","Y","Y","P","D","K","V","F","R","S","S","V","L","H","S","T","Q","D","L","F","L","P","F","F","S","N","V","T","W","F","H","A","I","H","V","S","G","T","N","G","T","K","R","F","D","N","P","V","L","P","F","N","D","G","V","Y","F","A","S","T","E","K","S","N","I","I","R","G","W","I","F","G","T","T","L","D","S","K","T","Q","S","L","L","I","V","N","N","A","T","N","V","V","I","K","V","C","E","F","Q","F","C","N","D","P","F","L","G","V","Y","Y","H","K","N","N","K","S","W","M","E","S","E","F","R","V","Y","S","S","A","N","N","C","T","F","E","Y","V","S","Q","P","F","L","M","D","L","E","G","K","Q","G","N","F","K","N","L","R","E","F","V","F","K","N","I","D","G","Y","F","K","I","Y","S","K","H","T","P","I","N","L","V","R","D","L","P","Q","G","F","S","A","L","E","P","L","V","D","L","P","I","G","I","N","I","T","R","F","Q","T","L","L","A","L","H","R","S","Y","L","T","P","G","D","S","S","S","G","W","T","A","G","A","A","A","Y","Y","V","G","Y","L","Q","P","R","T","F","L","L","K","Y","N","E","N","G","T","I","T","D","A","V","D","C","A","L","D","P","L","S","E","T","K","C","T","L","K","S","F","T","V","E","K","G","I","Y","Q","T","S","N","F","R","V","Q","P","T","E","S","I","V","R","F","P","N","I","T","N","L","C","P","F","G","E","V","F","N","A","T","R","F","A","S","V","Y","A","W","N","R","K","R","I","S","N","C","V","A","D","Y","S","V","L","Y","N","S","A","S","F","S","T","F","K","C","Y","G","V","S","P","T","K","L","N","D","L","C","F","T","N","V","Y","A","D","S","F","V","I","R","G","D","E","V","R","Q","I","A","P","G","Q","T","G","K","I","A","D","Y","N","Y","K","L","P","D","D","F","T","G","C","V","I","A","W","N","S","N","N","L","D","S","K","V","G","G","N","Y","N","Y","L","Y","R","L","F","R","K","S","N","L","K","P","F","E","R","D","I","S","T","E","I","Y","Q","A","G","S","T","P","C","N","G","V","E","G","F","N","C","Y","F","P","L","Q","S","Y","G","F","Q","P","T","N","G","V","G","Y","Q","P","Y","R","V","V","V","L","S","F","E","L","L","H","A","P","A","T","V","C","G","P","K","K","S","T","N","L","V","K","N","K","C","V","N","F","N","F","N","G","L","T","G","T","G","V","L","T","E","S","N","K","K","F","L","P","F","Q","Q","F","G","R","D","I","A","D","T","T","D","A","V","R","D","P","Q","T","L","E","I","L","D","I","T","P","C","S","F","G","G","V","S","V","I","T","P","G","T","N","T","S","N","Q","V","A","V","L","Y","Q","G","V","N","C","T","E","V","P","V","A","I","H","A","D","Q","L","T","P","T","W","R","V","Y","S","T","G","S","N","V","F","Q","T","R","A","G","C","L","I","G","A","E","H","V","N","N","S","Y","E","C","D","I","P","I","G","A","G","I","C","A","S","Y","Q","T","Q","T","N","S","P","R","R","A","R","S","V","A","S","Q","S","I","I","A","Y","T","M","S","L","G","A","E","N","S","V","A","Y","S","N","N","S","I","A","I","P","T","N","F","T","I","S","V","T","T","E","I","L","P","V","S","M","T","K","T","S","V","D","C","T","M","Y","I","C","G","D","S","T","E","C","S","N","L","L","L","Q","Y","G","S","F","C","T","Q","L","N","R","A","L","T","G","I","A","V","E","Q","D","K","N","T","Q","E","V","F","A","Q","V","K","Q","I","Y","K","T","P","P","I","K","D","F","G","G","F","N","F","S","Q","I","L","P","D","P","S","K","P","S","K","R","S","F","I","E","D","L","L","F","N","K","V","T","L","A","D","A","G","F","I","K","Q","Y","G","D","C","L","G","D","I","A","A","R","D","L","I","C","A","Q","K","F","N","G","L","T","V","L","P","P","L","L","T","D","E","M","I","A","Q","Y","T","S","A","L","L","A","G","T","I","T","S","G","W","T","F","G","A","G","A","A","L","Q","I","P","F","A","M","Q","M","A","Y","R","F","N","G","I","G","V","T","Q","N","V","L","Y","E","N","Q","K","L","I","A","N","Q","F","N","S","A","I","G","K","I","Q","D","S","L","S","S","T","A","S","A","L","G","K","L","Q","D","V","V","N","Q","N","A","Q","A","L","N","T","L","V","K","Q","L","S","S","N","F","G","A","I","S","S","V","L","N","D","I","L","S","R","L","D","K","V","E","A","E","V","Q","I","D","R","L","I","T","G","R","L","Q","S","L","Q","T","Y","V","T","Q","Q","L","I","R","A","A","E","I","R","A","S","A","N","L","A","A","T","K","M","S","E","C","V","L","G","Q","S","K","R","V","D","F","C","G","K","G","Y","H","L","M","S","F","P","Q","S","A","P","H","G","V","V","F","L","H","V","T","Y","V","P","A","Q","E","K","N","F","T","T","A","P","A","I","C","H","D","G","K","A","H","F","P","R","E","G","V","F","V","S","N","G","T","H","W","F","V","T","Q","R","N","F","Y","E","P","Q","I","I","T","T","D","N","T","F","V","S","G","N","C","D","V","V","I","G","I","V","N","N","T","V","Y","D","P","L","Q","P","E","L","D","S","F","K","E","E","L","D","K","Y","F","K","N","H","T","S","P","D","V","D","L","G","D","I","S","G","I","N","A","S","V","V","N","I","Q","K","E","I","D","R","L","N","E","V","A","K","N","L","N","E","S","L","I","D","L","Q","E","L","G","K","Y","E","Q","Y","I","K","W","P","W","Y","I","W","L","G","F","I","A","G","L","I","A","I","V","M","V","T","I","M","L","C","C","M","T","S","C","C","S","C","L","K","G","C","C","S","C","G","S","C","C","K","F","D","E","D","D","S","E","P","V","L","K","G","V","K","L","H","Y","T","---"
"New.hCoV.19.Japan.PG.12373.2020","M","F","V","F","L","V","L","L","P","L","V","S","S","Q","C","V","N","L","T","T","R","T","Q","L","P","P","A","Y","T","N","S","F","T","R","G","V","Y","Y","P","D","K","V","F","R","S","S","V","L","H","S","T","Q","D","L","F","L","P","F","F","S","N","V","T","W","F","H","A","I","H","V","S","G","T","N","G","T","K","R","F","D","N","P","V","L","P","F","N","D","G","V","Y","F","A","S","T","E","K","S","N","I","I","R","G","W","I","F","G","T","T","L","D","S","K","T","Q","S","L","L","I","V","N","N","A","T","N","V","V","I","K","V","C","E","F","Q","F","C","N","D","P","F","L","G","V","Y","Y","H","K","N","N","K","S","W","T","E","S","E","F","R","V","Y","S","S","A","N","N","C","T","F","E","Y","V","S","Q","P","F","L","M","D","L","E","G","K","Q","S","N","F","K","N","L","R","E","F","V","F","K","N","I","D","G","Y","F","K","I","Y","S","K","H","T","P","I","N","L","V","R","D","L","P","Q","G","F","S","A","L","E","P","L","V","D","L","P","I","G","I","N","I","T","R","F","Q","T","L","L","A","L","H","R","S","Y","L","T","P","G","D","S","S","S","G","W","T","A","G","A","A","A","Y","Y","V","G","Y","L","Q","P","R","T","F","L","L","K","Y","N","E","N","G","T","I","T","D","A","V","D","C","A","L","D","P","L","S","E","T","K","C","T","L","K","S","F","T","V","E","K","G","I","Y","Q","T","S","N","F","R","V","Q","P","T","E","S","I","V","R","F","P","N","I","T","N","L","C","P","F","G","E","V","F","N","A","T","R","F","A","S","V","Y","A","W","N","R","K","R","I","S","N","C","V","A","D","Y","S","V","L","Y","N","S","A","S","F","S","T","F","K","C","Y","G","V","S","P","T","K","L","N","D","L","C","F","T","N","V","Y","A","D","S","F","V","I","R","G","D","E","V","R","Q","I","A","P","G","Q","T","G","K","I","A","D","Y","N","Y","K","L","P","D","D","F","T","G","C","V","I","A","W","N","S","N","N","L","D","S","K","V","G","G","N","Y","N","Y","L","Y","R","L","F","R","K","S","N","L","K","P","F","E","R","D","I","S","T","E","I","Y","Q","A","G","S","T","P","C","N","G","V","E","G","F","N","C","Y","F","P","L","Q","S","Y","G","F","Q","P","T","N","G","V","G","Y","Q","P","Y","R","V","V","V","L","S","F","E","L","L","H","A","P","A","T","V","C","G","P","K","K","S","T","N","L","V","K","N","K","C","V","N","F","N","F","N","G","L","T","G","T","G","V","L","T","E","S","N","K","K","F","L","P","F","Q","Q","F","G","R","D","I","A","D","T","T","D","A","V","R","D","P","Q","T","L","E","I","L","D","I","T","P","C","S","F","G","G","V","S","V","I","T","P","G","T","N","T","S","N","Q","V","A","V","L","Y","Q","G","V","N","C","T","E","V","P","V","A","I","H","A","D","Q","L","T","P","T","W","R","V","Y","S","T","G","S","N","V","F","Q","T","R","A","G","C","L","I","G","A","E","H","V","N","N","S","Y","E","C","D","I","P","I","G","A","G","I","C","A","S","Y","Q","T","H","T","N","S","P","R","R","A","R","S","V","A","S","Q","S","I","I","A","Y","T","M","S","L","G","A","E","N","S","V","A","Y","S","N","N","S","I","A","I","P","T","N","F","T","I","S","V","T","T","E","I","L","P","V","S","M","T","K","T","S","V","D","C","T","M","Y","I","C","G","D","S","T","E","C","S","N","L","L","L","Q","Y","G","S","F","C","T","Q","L","N","R","A","L","T","G","I","A","V","E","Q","D","K","N","T","Q","E","V","F","A","Q","V","K","Q","I","Y","K","T","P","P","I","K","D","F","G","G","F","N","F","S","Q","I","L","P","D","P","S","K","P","S","K","R","S","F","I","E","D","L","L","F","N","K","V","T","L","A","D","A","G","F","I","K","Q","Y","G","D","C","L","G","D","I","A","A","R","D","L","I","C","A","Q","K","F","N","G","L","T","V","L","P","P","L","L","T","D","E","M","I","A","Q","Y","T","S","A","L","L","A","G","T","I","T","S","G","W","T","F","G","A","G","A","A","L","Q","I","P","F","A","M","Q","M","A","Y","R","F","N","G","I","G","V","T","Q","N","V","L","Y","E","N","Q","K","L","I","A","N","Q","F","N","S","A","I","G","K","I","Q","D","S","L","S","S","T","A","S","A","L","G","K","L","Q","D","V","V","N","Q","N","A","Q","A","L","N","T","L","V","K","Q","L","S","S","N","F","G","A","I","S","S","V","L","N","D","I","L","S","R","L","D","K","V","E","A","E","V","Q","I","D","R","L","I","T","G","R","L","Q","S","L","Q","T","Y","V","T","Q","Q","L","I","R","A","A","E","I","R","A","S","A","N","L","A","A","T","K","M","S","E","C","V","L","G","Q","S","K","R","V","D","F","C","G","K","G","Y","H","L","M","S","F","P","Q","S","A","P","H","G","V","V","F","L","H","V","T","Y","V","P","A","Q","E","K","N","F","T","T","A","P","A","I","C","H","D","G","K","A","H","F","P","R","E","G","V","F","V","S","N","G","T","H","W","F","V","T","Q","R","N","F","Y","E","P","Q","I","I","T","T","D","N","T","F","V","S","G","N","C","D","V","V","I","G","I","V","N","N","T","V","Y","D","P","L","Q","P","E","L","D","S","F","K","E","E","L","D","K","Y","F","K","N","H","T","S","P","D","V","D","L","G","D","I","S","G","I","N","A","S","V","V","N","I","Q","K","E","I","D","R","L","N","E","V","A","K","N","L","N","E","S","L","I","D","L","Q","E","L","G","K","Y","E","Q","Y","I","K","W","P","W","Y","I","W","L","G","F","I","A","G","L","I","A","I","V","M","V","T","I","M","L","C","C","M","T","S","C","C","S","C","L","K","G","C","C","S","C","G","S","C","C","K","F","D","E","D","D","S","E","P","V","L","K","G","V","K","L","H","Y","T","---"
"New.hCoV.19.Japan.PG.12570.2020","M","F","V","F","L","V","L","L","P","L","V","S","S","Q","C","V","N","L","T","T","R","T","Q","L","P","P","A","Y","T","N","S","F","T","R","G","V","Y","Y","P","D","K","V","F","R","S","S","V","L","H","S","T","Q","D","L","F","L","P","F","F","S","N","V","T","W","F","H","A","I","H","V","S","G","T","N","G","T","K","R","F","D","N","P","V","L","P","F","N","D","G","V","Y","F","A","S","T","E","K","S","N","I","I","R","G","W","I","F","G","T","T","L","D","S","K","T","Q","S","L","L","I","V","N","N","A","T","N","V","V","I","K","V","C","E","F","Q","F","C","N","D","P","F","L","G","V","Y","Y","H","K","N","N","K","S","W","M","E","S","E","F","R","V","Y","S","S","A","N","N","C","T","F","E","Y","V","S","Q","P","F","L","M","D","L","E","G","K","Q","G","N","F","K","N","L","R","E","F","V","F","K","N","I","D","G","Y","F","K","I","Y","S","K","H","T","P","I","N","L","V","R","D","L","P","Q","G","F","S","A","L","E","P","L","V","D","L","P","I","G","I","N","I","T","R","F","Q","T","L","L","A","L","H","R","S","Y","L","T","P","G","D","S","S","S","G","W","T","A","G","A","A","A","Y","Y","V","G","Y","L","Q","P","R","T","F","L","L","K","Y","N","E","N","G","T","I","T","D","A","V","D","C","A","L","D","P","L","S","E","T","K","C","T","L","K","S","F","T","V","E","K","G","I","Y","Q","T","S","N","F","R","V","Q","P","T","E","S","I","V","R","F","P","N","I","T","N","L","C","P","F","G","E","V","F","N","A","T","R","F","A","S","V","Y","A","W","N","R","K","R","I","S","N","C","V","A","D","Y","S","V","L","Y","N","S","A","S","F","S","T","F","K","C","Y","G","V","S","P","T","K","L","N","D","L","C","F","T","N","V","Y","A","D","S","F","V","I","R","G","D","E","V","R","Q","I","A","P","G","Q","T","G","K","I","A","D","Y","N","Y","K","L","P","D","D","F","T","G","C","V","I","A","W","N","S","N","N","L","D","S","K","V","G","G","N","Y","N","Y","L","Y","R","L","F","R","K","S","N","L","K","P","F","E","R","D","I","S","T","E","I","Y","Q","A","G","S","T","P","C","N","G","V","E","G","F","N","C","Y","F","P","L","Q","S","Y","G","F","Q","P","T","N","G","V","G","Y","Q","P","Y","R","V","V","V","L","S","F","E","L","L","H","A","P","A","T","V","C","G","P","K","K","S","T","N","L","V","K","N","K","C","V","N","F","N","F","N","G","L","T","G","T","G","V","L","T","E","S","N","K","K","F","L","P","F","Q","Q","F","G","R","D","I","A","D","T","T","D","A","V","R","D","P","Q","T","L","E","I","L","D","I","T","P","C","S","F","G","G","V","S","V","I","T","P","G","T","N","T","S","N","Q","V","A","V","L","Y","Q","G","V","N","C","T","E","V","P","V","A","I","H","A","D","Q","L","T","P","T","W","R","V","Y","S","T","G","S","N","V","F","Q","T","R","A","G","C","L","I","G","A","E","H","V","N","N","S","Y","E","C","D","I","P","I","G","A","G","I","C","A","S","Y","Q","T","Q","T","N","S","P","R","R","A","R","S","V","A","S","Q","S","I","I","A","Y","T","M","S","L","G","A","E","N","S","V","A","Y","S","N","N","S","I","A","I","P","T","N","F","T","I","S","V","T","T","E","I","L","P","V","S","M","T","K","T","S","V","D","C","T","M","Y","I","C","G","D","S","T","E","C","S","N","L","L","L","Q","Y","G","S","F","C","T","Q","L","N","R","A","L","T","G","I","A","V","E","Q","D","K","N","T","Q","E","V","F","A","Q","V","K","Q","I","Y","K","T","P","P","I","K","D","F","G","G","F","N","F","S","Q","I","L","P","D","P","S","K","P","S","K","R","S","F","I","E","D","L","L","F","N","K","V","T","L","A","D","A","G","F","I","K","Q","Y","G","D","C","L","G","D","I","A","A","R","D","L","I","C","A","Q","K","F","N","G","L","T","V","L","P","P","L","L","T","D","E","M","I","A","Q","Y","T","S","A","L","L","A","G","T","I","T","S","G","W","T","F","G","A","G","A","A","L","Q","I","P","F","A","M","Q","M","A","Y","R","F","N","G","I","G","V","T","Q","N","V","L","Y","E","N","Q","K","L","I","A","N","Q","F","N","S","A","I","G","K","I","Q","D","S","L","S","S","T","A","S","A","L","G","K","L","Q","D","V","V","N","Q","N","A","Q","A","L","N","T","L","V","K","Q","L","S","S","N","F","G","A","I","S","S","V","L","N","D","I","L","S","R","L","D","K","V","E","A","E","V","Q","I","D","R","L","I","T","G","R","L","Q","S","L","Q","T","Y","V","T","Q","Q","L","I","R","A","A","E","I","R","A","S","A","N","L","A","A","T","K","M","S","E","C","V","L","G","Q","S","K","R","V","D","F","C","G","K","G","Y","H","L","M","S","F","P","Q","S","A","P","H","G","V","V","F","L","H","V","T","Y","V","P","A","Q","E","K","N","F","T","T","A","P","A","I","C","H","D","G","K","A","H","F","P","R","E","G","V","F","V","S","N","G","T","H","W","F","V","T","Q","R","N","F","Y","E","P","Q","I","I","T","T","D","N","T","F","V","S","G","N","C","D","V","V","I","G","I","V","N","N","T","V","Y","D","P","L","Q","P","E","L","D","S","F","K","E","E","L","D","K","Y","F","K","N","H","T","S","P","D","V","D","L","G","D","I","S","G","I","N","A","S","V","V","N","I","Q","K","E","I","D","R","L","N","E","V","A","K","N","L","N","E","S","L","I","D","L","Q","E","L","G","K","Y","E","Q","Y","I","K","W","P","W","Y","I","W","L","G","F","I","A","G","L","I","A","I","V","M","V","T","I","M","L","C","C","M","T","S","C","C","S","C","L","K","G","C","C","S","C","G","S","C","C","K","F","D","E","D","D","S","E","P","V","L","K","G","V","K","L","H","Y","T","---"
"New.hCoV.19.Japan.FK0205.2020","M","F","V","F","L","V","L","L","P","L","V","S","S","Q","C","V","N","L","T","T","R","T","Q","L","P","P","A","Y","T","N","S","F","T","R","G","V","Y","Y","P","D","K","V","F","R","S","S","V","L","H","S","T","Q","D","L","F","L","P","F","F","S","N","V","T","W","F","H","A","I","H","V","S","G","T","N","G","T","K","R","F","D","N","P","V","L","P","F","N","D","G","V","Y","F","A","S","T","E","K","S","N","I","I","R","G","W","I","F","G","T","T","L","D","S","K","T","Q","S","L","L","I","V","N","N","A","T","N","V","V","I","K","V","C","E","F","Q","F","C","N","D","P","F","L","G","V","Y","Y","H","K","N","N","K","S","W","M","E","S","E","F","R","V","Y","S","S","A","N","N","C","T","F","E","Y","V","S","Q","P","F","L","M","D","L","E","G","K","Q","G","N","F","K","N","L","R","E","F","V","F","K","N","I","D","G","Y","F","K","I","Y","S","K","H","T","P","I","N","L","V","R","D","L","P","Q","G","F","S","A","L","E","P","L","V","D","L","P","I","G","I","N","I","T","R","F","Q","T","L","L","A","L","H","R","S","Y","L","T","P","G","D","S","S","S","G","W","T","A","G","A","A","A","Y","Y","V","G","Y","L","Q","P","R","T","F","L","L","K","Y","N","E","N","G","T","I","T","D","A","V","D","C","A","L","D","P","L","S","E","T","K","C","T","L","K","S","F","T","V","E","K","G","I","Y","Q","T","S","N","F","R","V","Q","P","T","E","S","I","V","R","F","P","N","I","T","N","L","C","P","F","G","E","V","F","N","A","T","R","F","A","S","V","Y","A","W","N","R","K","R","I","S","N","C","V","A","D","Y","S","V","L","Y","N","S","A","S","F","S","T","F","K","C","Y","G","V","S","P","T","K","L","N","D","L","C","F","T","N","V","Y","A","D","S","F","V","I","R","G","D","E","V","R","Q","I","A","P","G","Q","T","G","K","I","A","D","Y","N","Y","K","L","P","D","D","F","T","G","C","V","I","A","W","N","S","N","N","L","D","S","K","V","G","G","N","Y","N","Y","L","Y","R","L","F","R","K","S","N","L","K","P","F","E","R","D","I","S","T","E","I","Y","Q","A","G","S","T","P","C","N","G","V","E","G","F","N","C","Y","F","P","L","Q","S","Y","G","F","Q","P","T","N","G","V","G","Y","Q","P","Y","R","V","V","V","L","S","F","E","L","L","H","A","P","A","T","V","C","G","P","K","K","S","T","N","L","V","K","N","K","C","V","N","F","N","F","N","G","L","T","G","T","G","V","L","T","E","S","N","K","K","F","L","P","F","Q","Q","F","G","R","D","I","A","D","T","T","D","A","V","R","D","P","Q","T","L","E","I","L","D","I","T","P","C","S","F","G","G","V","S","V","I","T","P","G","T","N","T","S","N","Q","V","A","V","L","Y","Q","G","V","N","C","T","E","V","P","V","A","I","H","A","D","Q","L","T","P","T","W","R","V","Y","S","T","G","S","N","V","F","Q","T","R","A","G","C","L","I","G","A","E","H","V","N","N","S","Y","E","C","D","I","P","I","G","A","G","I","C","A","S","Y","Q","T","Q","T","N","S","P","R","R","A","R","S","V","A","S","Q","S","I","I","A","Y","T","M","S","L","G","A","E","N","S","V","A","Y","S","N","N","S","I","A","I","P","T","N","F","T","I","S","V","T","T","E","I","L","P","V","S","M","T","K","T","S","V","D","C","T","M","Y","I","C","G","D","S","T","E","C","S","N","L","L","L","Q","Y","G","S","F","C","T","Q","L","N","R","A","L","T","G","I","A","V","E","Q","D","K","N","T","Q","E","V","F","A","Q","V","K","Q","I","Y","K","T","P","P","I","K","D","F","G","G","F","N","F","S","Q","I","L","P","D","P","S","K","P","S","K","R","S","F","I","E","D","L","L","F","N","K","V","T","L","A","D","A","G","F","I","K","Q","Y","G","D","C","L","G","D","I","A","A","R","D","L","I","C","A","Q","K","F","N","G","L","T","V","L","P","P","L","L","T","D","E","M","I","A","Q","Y","T","S","A","L","L","A","G","T","I","T","S","G","W","T","F","G","A","G","A","A","L","Q","I","P","F","A","M","Q","M","A","Y","R","F","N","G","I","G","V","T","Q","N","V","L","Y","E","N","Q","K","L","I","A","N","Q","F","N","S","A","I","G","K","I","Q","D","S","L","S","S","T","A","S","A","L","G","K","L","Q","D","V","V","N","Q","N","A","Q","A","L","N","T","L","V","K","Q","L","S","S","N","F","G","A","I","S","S","V","L","N","D","I","L","S","R","L","D","K","V","E","A","E","V","Q","I","D","R","L","I","T","G","R","L","Q","S","L","Q","T","Y","V","T","Q","Q","L","I","R","A","A","E","I","R","A","S","A","N","L","A","A","T","K","M","S","E","C","V","L","G","Q","S","K","R","V","D","F","C","G","K","G","Y","H","L","M","S","F","P","Q","S","A","P","H","G","V","V","F","L","H","V","T","Y","V","P","A","Q","E","K","N","F","T","T","A","P","A","I","C","H","D","G","K","A","H","F","P","R","E","G","V","F","V","S","N","G","T","H","W","F","V","T","Q","R","N","F","Y","E","P","Q","I","I","T","T","D","N","T","F","V","S","G","N","C","D","V","V","I","G","I","V","N","N","T","V","Y","D","P","L","Q","P","E","L","D","S","F","K","E","E","L","D","K","Y","F","K","N","H","T","S","P","D","V","D","L","G","D","I","S","G","I","N","A","S","V","V","N","I","Q","K","E","I","D","R","L","N","E","V","A","K","N","L","N","E","S","L","I","D","L","Q","E","L","G","K","Y","E","Q","Y","I","K","W","P","W","Y","I","W","L","G","F","I","A","G","L","I","A","I","V","M","V","T","I","M","L","C","C","M","T","S","C","C","S","C","L","K","G","C","C","S","C","G","S","C","C","K","F","D","E","D","D","S","E","P","V","L","K","G","V","K","L","H","Y","T","---"
"New.hCoV.19.Japan.PG.18600.2020","M","F","V","F","L","V","L","L","P","L","V","S","S","Q","C","V","N","L","T","T","R","T","Q","L","P","P","A","Y","T","N","S","F","T","R","G","V","Y","Y","P","D","K","V","F","R","S","S","V","L","H","S","T","Q","D","L","F","L","P","F","F","S","N","V","T","W","F","H","A","I","H","V","S","G","T","N","G","T","K","R","F","D","N","P","V","L","P","F","N","D","G","V","Y","F","A","S","T","E","K","S","N","I","I","R","G","W","I","F","G","T","T","L","D","S","K","T","Q","S","L","L","I","V","N","N","A","T","N","V","V","I","K","V","C","E","F","Q","F","C","N","D","P","F","L","G","V","Y","Y","H","K","N","N","K","S","W","T","E","S","E","F","R","V","Y","S","S","A","N","N","C","T","F","E","Y","V","S","Q","P","F","L","M","D","L","E","G","K","Q","G","N","F","K","N","L","R","E","F","V","F","K","N","I","D","G","Y","F","K","I","Y","S","K","H","T","P","I","N","L","V","R","D","L","P","Q","G","F","S","A","L","E","P","L","V","D","L","P","I","G","I","N","I","T","R","F","Q","T","L","L","A","L","H","R","S","Y","L","T","P","G","D","S","S","S","G","W","T","A","G","A","A","A","Y","Y","V","G","Y","L","Q","P","R","T","F","L","L","K","Y","N","E","N","G","T","I","T","D","A","V","D","C","A","L","D","P","L","S","E","T","K","C","T","L","K","S","F","T","V","E","K","G","I","Y","Q","T","S","N","F","R","V","Q","P","T","E","S","I","V","R","F","P","N","I","T","N","L","C","P","F","G","E","V","F","N","A","T","R","F","A","S","V","Y","A","W","N","R","K","R","I","S","N","C","V","A","D","Y","S","V","L","Y","N","S","A","S","F","S","T","F","K","C","Y","G","V","S","P","T","K","L","N","D","L","C","F","T","N","V","Y","A","D","S","F","V","I","R","G","D","E","V","R","Q","I","A","P","G","Q","T","G","K","I","A","D","Y","N","Y","K","L","P","D","D","F","T","G","C","V","I","A","W","N","S","N","N","L","D","S","K","V","G","G","N","Y","N","Y","L","Y","R","L","F","R","K","S","N","L","K","P","F","E","R","D","I","S","T","E","I","Y","Q","A","G","S","T","P","C","N","G","V","E","G","F","N","C","Y","F","P","L","Q","S","Y","G","F","Q","P","T","N","G","V","G","Y","Q","P","Y","R","V","V","V","L","S","F","E","L","L","H","A","P","A","T","V","C","G","P","K","K","S","T","N","L","V","K","N","K","C","V","N","F","N","F","N","G","L","T","G","T","G","V","L","T","E","S","N","K","K","F","L","P","F","Q","Q","F","G","R","D","I","A","D","T","T","D","A","V","R","D","P","Q","T","L","E","I","L","D","I","T","P","C","S","F","G","G","V","S","V","I","T","P","G","T","N","T","S","N","Q","V","A","V","L","Y","Q","G","V","N","C","T","E","V","P","V","A","I","H","A","D","Q","L","T","P","T","W","R","V","Y","S","T","G","S","N","V","F","Q","T","R","A","G","C","L","I","G","A","E","H","V","N","N","S","Y","E","C","D","I","P","I","G","A","G","I","C","A","S","Y","Q","T","Q","T","N","S","P","R","R","A","R","S","V","A","S","Q","S","I","I","A","Y","T","M","S","L","G","A","E","N","S","V","A","Y","S","N","N","S","I","A","I","P","T","N","F","T","I","S","V","T","T","E","I","L","P","V","S","M","T","K","T","S","V","D","C","T","M","Y","I","C","G","D","S","T","E","C","S","N","L","L","L","Q","Y","G","S","F","C","T","Q","L","N","R","A","L","T","G","I","A","V","E","Q","D","K","N","T","Q","E","V","F","A","Q","V","K","Q","I","Y","K","T","P","S","I","K","D","F","G","G","F","N","F","S","Q","I","L","P","D","P","S","K","P","S","K","R","S","F","I","E","D","L","L","F","N","K","V","T","L","A","D","A","G","F","I","K","Q","Y","G","D","C","L","G","D","I","A","A","R","D","L","I","C","A","Q","K","F","N","G","L","T","V","L","P","P","L","L","T","D","E","M","I","A","Q","Y","T","S","A","L","L","A","G","T","I","T","S","G","W","T","F","G","A","G","A","A","L","Q","I","P","F","A","M","Q","M","A","Y","R","F","N","G","I","G","V","T","Q","N","V","L","Y","E","N","Q","K","L","I","A","N","Q","F","N","S","A","I","G","K","I","Q","D","S","L","S","S","T","A","S","A","L","G","K","L","Q","D","V","V","N","Q","N","A","Q","A","L","N","T","L","V","K","Q","L","S","S","N","F","G","A","I","S","S","V","L","N","D","I","L","S","R","L","D","K","V","E","A","E","V","Q","I","D","R","L","I","T","G","R","L","Q","S","L","Q","T","Y","V","T","Q","Q","L","I","R","A","A","E","I","R","A","S","A","N","L","A","A","T","K","M","S","E","C","V","L","G","Q","S","K","R","V","D","F","C","G","K","G","Y","H","L","M","S","F","P","Q","S","A","P","H","G","V","V","F","L","H","V","T","Y","V","P","A","Q","E","K","N","F","T","T","A","P","A","I","C","H","D","G","K","A","H","F","P","R","E","G","V","F","V","S","N","G","T","H","W","F","V","T","Q","R","N","F","Y","E","P","Q","I","I","T","T","D","N","T","F","V","S","G","N","C","D","V","V","I","G","I","V","N","N","T","V","Y","D","P","L","Q","P","E","L","D","S","F","K","E","E","L","D","K","Y","F","K","N","H","T","S","P","D","V","D","L","G","D","I","S","G","I","N","A","S","V","V","N","I","Q","K","E","I","D","R","L","N","E","V","A","K","N","L","N","E","S","L","I","D","L","Q","E","L","G","K","Y","E","Q","Y","I","K","W","P","W","Y","I","W","L","G","F","I","A","G","L","I","A","I","V","M","V","T","I","M","L","C","C","M","T","S","C","C","S","C","L","K","G","C","C","S","C","G","S","C","C","K","F","D","E","D","D","S","E","P","V","L","K","G","V","K","L","H","Y","T","---"
"New.hCoV.19.Japan.PG.11791.2020","M","F","V","F","L","V","L","L","P","L","V","S","S","Q","C","V","N","L","T","T","R","T","Q","L","P","P","A","Y","T","N","S","F","T","R","G","V","Y","Y","P","D","K","V","F","R","S","S","V","L","H","S","T","Q","D","L","F","L","P","F","F","S","N","V","T","W","F","H","A","I","H","V","S","G","T","N","G","T","K","R","F","D","N","P","V","L","P","F","N","D","G","V","Y","F","A","S","T","E","K","S","N","I","I","R","G","W","I","F","G","T","T","L","D","S","K","T","Q","S","L","L","I","V","N","N","A","T","N","V","V","I","K","V","C","E","F","Q","F","C","N","D","P","F","L","G","V","Y","Y","H","K","N","N","K","S","W","M","E","S","E","F","R","V","Y","S","S","A","N","N","C","T","F","E","Y","V","S","Q","P","F","L","M","D","L","E","G","K","Q","G","N","F","K","N","L","R","E","F","V","F","K","N","I","D","G","Y","F","K","I","Y","S","K","H","T","P","I","N","L","V","R","D","L","P","Q","G","F","S","A","L","E","P","L","V","D","L","P","I","G","I","N","I","T","R","F","Q","T","L","L","A","L","H","R","S","Y","L","T","P","G","D","S","S","S","G","W","T","A","G","A","A","A","Y","Y","V","G","Y","L","Q","P","R","T","F","L","L","K","Y","N","E","N","G","T","I","T","D","A","V","D","C","A","L","D","P","L","S","E","T","K","C","T","L","K","S","F","T","V","E","K","G","I","Y","Q","T","S","N","F","R","V","Q","P","T","E","S","I","V","R","F","P","N","I","T","N","L","C","P","F","G","E","V","F","N","A","T","R","F","A","S","V","Y","A","W","N","R","K","R","I","S","N","C","V","A","D","Y","S","V","L","Y","N","S","A","S","F","S","T","F","K","C","Y","G","V","S","P","T","K","L","N","D","L","C","F","T","N","V","Y","A","D","S","F","V","I","R","G","D","E","V","R","Q","I","A","P","G","Q","T","G","K","I","A","D","Y","N","Y","K","L","P","D","D","F","T","G","C","V","I","A","W","N","S","N","N","L","D","S","K","V","G","G","N","Y","N","Y","L","Y","R","L","F","R","K","S","N","L","K","P","F","E","R","D","I","S","T","E","I","Y","Q","A","G","S","T","P","C","N","G","V","E","G","F","N","C","Y","F","P","L","Q","S","Y","G","F","Q","P","T","N","G","V","G","Y","Q","P","Y","R","V","V","V","L","S","F","E","L","L","H","A","P","A","T","V","C","G","P","K","K","S","T","N","L","V","K","N","K","C","V","N","F","N","F","N","G","L","T","G","T","G","V","L","T","E","S","N","K","K","F","L","P","F","Q","Q","F","G","R","D","I","A","D","T","T","D","A","V","R","D","P","Q","T","L","E","I","L","D","I","T","P","C","S","F","G","G","V","S","V","I","T","P","G","T","N","T","S","N","Q","V","A","V","L","Y","Q","G","V","N","C","T","E","V","P","V","A","I","H","A","D","Q","L","T","P","T","W","R","V","Y","S","T","G","S","N","V","F","Q","T","R","A","G","C","L","I","G","A","E","H","V","N","N","S","Y","E","C","D","I","P","I","G","A","G","I","C","A","S","Y","Q","T","Q","T","N","S","P","R","R","A","R","S","V","A","S","Q","S","I","I","A","Y","T","M","S","L","G","A","E","N","S","V","A","Y","S","N","N","S","I","A","I","P","T","N","F","T","I","S","V","T","T","E","I","L","P","V","S","M","T","K","T","S","V","D","C","T","M","Y","I","C","G","D","S","T","E","C","S","N","L","L","L","Q","Y","G","S","F","C","T","Q","L","N","R","A","L","T","G","I","A","V","E","Q","D","K","N","T","Q","E","V","F","A","Q","V","K","Q","I","Y","K","T","P","P","I","K","D","F","G","G","F","N","F","S","Q","I","L","P","D","P","S","K","P","S","K","R","S","F","I","E","D","L","L","F","N","K","V","T","L","A","D","A","G","F","I","K","Q","Y","G","D","C","L","G","D","I","A","A","R","D","L","I","C","A","Q","K","F","N","G","L","T","V","L","P","P","L","L","T","D","E","M","I","A","Q","Y","T","S","A","L","L","A","G","T","I","T","S","G","W","T","F","G","A","G","A","A","L","Q","I","P","F","A","M","Q","M","A","Y","R","F","N","G","I","G","V","T","Q","N","V","L","Y","E","N","Q","K","L","I","A","N","Q","F","N","S","A","I","G","K","I","Q","D","S","L","S","S","T","A","S","A","L","G","K","L","Q","D","V","V","N","Q","N","A","Q","A","L","N","T","L","V","K","Q","L","S","S","N","F","G","A","I","S","S","V","L","N","D","I","L","S","R","L","D","K","V","E","A","E","V","Q","I","D","R","L","I","T","G","R","L","Q","S","L","Q","T","Y","V","T","Q","Q","L","I","R","A","A","E","I","R","A","S","A","N","L","A","A","T","K","M","S","E","C","V","L","G","Q","S","K","R","V","D","F","C","G","K","G","Y","H","L","M","S","F","P","Q","S","A","P","H","G","V","V","F","L","H","V","T","Y","V","P","A","Q","E","K","N","F","T","T","A","P","A","I","C","H","D","G","K","A","H","F","P","R","E","G","V","F","V","S","N","G","T","H","W","F","V","T","Q","R","N","F","Y","E","P","Q","I","I","T","T","D","N","T","F","V","S","G","N","C","D","V","V","I","G","I","V","N","N","T","V","Y","D","P","L","Q","P","E","L","D","S","F","K","E","E","L","D","K","Y","F","K","N","H","T","S","P","D","V","D","L","G","D","I","S","G","I","N","A","S","V","V","N","I","Q","K","E","I","D","R","L","N","E","V","A","K","N","L","N","E","S","L","I","D","L","Q","E","L","G","K","Y","E","Q","Y","I","K","W","P","W","Y","I","W","L","G","F","I","A","G","L","I","A","I","V","M","V","T","I","M","L","C","C","M","T","S","C","C","S","C","L","K","G","C","C","S","C","G","S","C","C","K","F","D","E","D","D","S","E","P","V","L","K","G","V","K","L","H","Y","T","---"
"New.hCoV.19.Japan.PG.23809.2020","M","F","V","F","L","V","L","L","P","L","V","S","S","Q","C","V","N","L","T","T","R","T","Q","L","P","P","A","Y","T","N","S","F","T","R","G","V","Y","Y","P","D","K","V","F","R","S","S","V","L","H","S","T","Q","D","L","F","L","P","F","F","S","N","V","T","W","F","H","A","I","H","V","S","G","T","N","G","T","K","R","F","D","N","P","V","L","P","F","N","D","G","V","Y","F","A","S","T","E","K","S","N","I","I","R","G","W","I","F","G","T","T","L","D","S","K","T","Q","S","L","L","I","V","N","N","A","T","N","V","V","I","K","V","C","E","F","Q","F","C","N","D","P","F","L","G","V","Y","Y","H","K","N","N","K","S","W","M","E","S","E","F","R","V","Y","S","S","A","N","N","C","T","F","E","Y","V","S","Q","P","F","L","M","D","L","E","G","K","Q","G","N","F","K","N","L","R","E","F","V","F","K","N","I","D","G","Y","F","K","I","Y","S","K","H","T","P","I","N","L","V","R","D","L","P","Q","G","F","S","A","L","E","P","L","V","D","L","P","I","G","I","N","I","T","R","F","Q","T","L","L","A","L","H","R","S","Y","L","T","P","G","D","S","S","S","G","W","T","A","G","A","A","A","Y","Y","V","G","Y","L","Q","P","R","T","F","L","L","K","Y","N","E","N","G","T","I","T","D","A","V","D","C","A","L","D","P","L","S","E","T","K","C","T","L","K","S","F","T","V","E","K","G","I","Y","Q","T","S","N","F","R","V","Q","P","T","E","S","I","V","R","F","P","N","I","T","N","L","C","P","F","G","E","V","F","N","A","T","R","F","A","S","V","Y","A","W","N","R","K","R","I","S","N","C","V","A","D","Y","S","V","L","Y","N","S","A","S","F","S","T","F","K","C","Y","G","V","S","P","T","K","L","N","D","L","C","F","T","N","V","Y","A","D","S","F","V","I","R","G","D","E","V","R","Q","I","A","P","G","Q","T","G","K","I","A","D","Y","N","Y","K","L","P","D","D","F","T","G","C","V","I","A","W","N","S","N","N","L","D","S","K","V","G","G","N","Y","N","Y","L","Y","R","L","F","R","K","S","N","L","K","P","F","E","R","D","I","S","T","E","I","Y","Q","A","G","S","T","P","C","N","G","V","E","G","F","N","C","Y","F","P","L","Q","S","Y","G","F","Q","P","T","N","G","V","G","Y","Q","P","Y","R","V","V","V","L","S","F","E","L","L","H","A","P","A","T","V","C","G","P","K","K","S","T","N","L","V","K","N","K","C","V","N","F","N","F","N","G","L","T","G","T","G","V","L","T","E","S","N","K","K","F","L","P","F","Q","Q","F","G","R","D","I","A","D","T","T","D","A","V","R","D","P","Q","T","L","E","I","L","D","I","T","P","C","S","F","G","G","V","S","V","I","T","P","G","T","N","T","S","N","Q","V","A","V","L","Y","Q","G","V","N","C","T","E","V","P","V","A","I","H","A","D","Q","L","T","P","T","W","R","V","Y","S","T","G","S","N","V","F","Q","T","R","A","G","C","L","I","G","A","E","H","V","N","N","S","Y","E","C","D","I","P","I","G","A","G","I","C","A","S","Y","Q","T","Q","T","N","S","P","R","R","A","R","S","V","A","S","Q","S","I","I","A","Y","T","M","S","L","G","A","E","N","S","V","A","Y","S","N","N","S","I","A","I","P","T","N","F","T","I","S","V","T","T","E","I","L","P","V","S","M","T","K","T","S","V","D","C","T","M","Y","I","C","G","D","S","T","E","C","S","N","L","L","L","Q","Y","G","S","F","C","T","Q","L","N","R","A","L","T","G","I","A","V","E","Q","D","K","N","T","Q","E","V","F","A","Q","V","K","Q","I","Y","K","T","P","P","I","K","D","F","G","G","F","N","F","S","Q","I","L","P","D","P","S","K","P","S","K","R","S","F","I","E","D","L","L","F","N","K","V","T","L","A","D","A","G","F","I","K","Q","Y","G","D","C","L","G","D","I","A","A","R","D","L","I","C","A","Q","K","F","N","G","L","T","V","L","P","P","L","L","T","D","E","M","I","A","Q","Y","T","S","A","L","L","A","G","T","I","T","S","G","W","T","F","G","A","G","A","A","L","Q","I","P","F","A","M","Q","M","A","Y","R","F","N","G","I","G","V","T","Q","N","V","L","Y","E","N","Q","K","L","I","A","N","Q","F","N","S","A","I","S","K","I","Q","D","S","L","S","S","T","A","S","A","L","G","K","L","Q","D","V","V","N","Q","N","A","Q","A","L","N","T","L","V","K","Q","L","S","S","N","F","G","A","I","S","S","V","L","N","D","I","L","S","R","L","D","K","V","E","A","E","V","Q","I","D","R","L","I","T","G","R","L","Q","S","L","Q","T","Y","V","T","Q","Q","L","I","R","A","A","E","I","R","A","S","A","N","L","A","A","T","K","M","S","E","C","V","L","G","Q","S","K","R","V","D","F","C","G","K","G","Y","H","L","M","S","F","P","Q","S","A","P","H","G","V","V","F","L","H","V","T","Y","V","P","A","Q","E","K","N","F","T","T","A","P","A","I","C","H","D","G","K","A","H","F","P","R","E","G","V","F","V","S","N","G","T","H","W","F","V","T","Q","R","N","F","Y","E","P","Q","I","I","T","T","D","N","T","F","V","S","G","N","C","D","V","V","I","G","I","V","N","N","T","V","Y","D","P","L","Q","P","E","L","D","S","F","K","E","E","L","D","K","Y","F","K","N","H","T","S","P","D","V","D","L","G","D","I","S","G","I","N","A","S","V","V","N","I","Q","K","E","I","D","R","L","N","E","V","A","K","N","L","N","E","S","L","I","D","L","Q","E","L","G","K","Y","E","Q","Y","I","K","W","P","W","Y","I","W","L","G","F","I","A","G","L","I","A","I","V","M","V","T","I","M","L","C","C","M","T","S","C","C","S","C","L","K","G","C","C","S","C","G","S","C","C","K","F","D","E","D","D","S","E","P","V","L","K","G","V","K","L","H","Y","T","---"
"New.hCoV.19.Japan.PG.12545.2020","M","F","V","F","L","V","L","L","P","L","V","S","S","Q","C","V","N","L","T","T","R","T","Q","L","P","P","A","Y","T","N","S","F","T","R","G","V","Y","Y","P","D","K","V","F","R","S","S","V","L","H","S","T","Q","D","L","F","L","P","F","F","S","N","V","T","W","F","H","A","I","H","V","S","G","T","N","G","T","K","R","F","D","N","P","V","L","P","F","N","D","G","V","Y","F","A","S","T","E","K","S","N","I","I","R","G","W","I","F","G","T","T","L","D","S","K","T","Q","S","L","L","I","V","N","N","A","T","N","V","V","I","K","V","C","E","F","Q","F","C","N","D","P","F","L","G","V","Y","Y","H","K","N","N","K","S","W","M","E","S","E","F","R","V","Y","S","S","A","N","N","C","T","F","E","Y","V","S","Q","P","F","L","M","D","L","E","G","K","Q","G","N","F","K","N","L","R","E","F","V","F","K","N","I","D","G","Y","F","K","I","Y","S","K","H","T","P","I","N","L","V","R","D","L","P","Q","G","F","S","A","L","E","P","L","V","D","L","P","I","G","I","N","I","T","R","F","Q","T","L","L","A","L","H","R","S","Y","L","T","P","G","D","S","S","S","G","W","T","A","G","A","A","A","Y","Y","V","G","Y","L","Q","P","R","T","F","L","L","K","Y","N","E","N","G","T","I","T","D","A","V","D","C","A","L","D","P","L","S","E","T","K","C","T","L","K","S","F","T","V","E","K","G","I","Y","Q","T","S","N","F","R","V","Q","P","T","E","S","I","V","R","F","P","N","I","T","N","L","C","P","F","G","E","V","F","N","A","T","R","F","A","S","V","Y","A","W","N","R","K","R","I","S","N","C","V","A","D","Y","S","V","L","Y","N","S","A","S","F","S","T","F","K","C","Y","G","V","S","P","T","K","L","N","D","L","C","F","T","N","V","Y","A","D","S","F","V","I","R","G","D","E","V","R","Q","I","A","P","G","Q","T","G","K","I","A","D","Y","N","Y","K","L","P","D","D","F","T","G","C","V","I","A","W","N","S","N","N","L","D","S","K","V","G","G","N","Y","N","Y","L","Y","R","L","F","R","K","S","N","L","K","P","F","E","R","D","I","S","T","E","I","Y","Q","A","G","S","T","P","C","N","G","V","E","G","F","N","C","Y","F","P","L","Q","S","Y","G","F","Q","P","T","N","G","V","G","Y","Q","P","Y","R","V","V","V","L","Y","F","E","L","L","H","A","P","A","T","V","C","G","P","K","K","S","T","N","L","V","K","N","K","C","V","N","F","N","F","N","G","L","T","G","T","G","V","L","T","E","S","N","K","K","F","L","P","F","Q","Q","F","G","R","D","I","A","D","T","T","D","A","V","R","D","P","Q","T","L","E","I","L","D","I","T","P","C","S","F","G","G","V","S","V","I","T","P","G","T","N","T","S","N","Q","V","A","V","L","Y","Q","G","V","N","C","T","E","V","P","V","A","I","H","A","D","Q","L","T","P","T","W","R","V","Y","S","T","G","S","N","V","F","Q","T","R","A","G","C","L","I","G","A","E","H","V","N","N","S","Y","E","C","D","I","P","I","G","A","G","I","C","A","S","Y","Q","T","Q","T","N","S","P","R","R","A","R","S","V","A","S","Q","S","I","I","A","Y","T","M","S","L","G","A","E","N","S","V","A","Y","S","N","N","S","I","A","I","P","T","N","F","T","I","S","V","T","T","E","I","L","P","V","S","M","T","K","T","S","V","D","C","T","M","Y","I","C","G","D","S","T","E","C","S","N","L","L","L","Q","Y","G","S","F","C","T","Q","L","N","R","A","L","T","G","I","A","V","E","Q","D","K","N","T","Q","E","V","F","A","Q","V","K","Q","I","Y","K","T","P","P","I","K","D","F","G","G","F","N","F","S","Q","I","L","P","D","P","S","K","P","S","K","R","S","F","I","E","D","L","L","F","N","K","V","T","L","A","D","A","G","F","I","K","Q","Y","G","D","C","L","G","D","I","A","A","R","D","L","I","C","A","Q","K","F","N","G","L","T","V","L","P","P","L","L","T","D","E","M","I","A","Q","Y","T","S","A","L","L","A","G","T","I","T","S","G","W","T","F","G","A","G","A","A","L","Q","I","P","F","A","M","Q","M","A","Y","R","F","N","G","I","G","V","T","Q","N","V","L","Y","E","N","Q","K","L","I","A","N","Q","F","N","S","A","I","G","K","I","Q","D","S","L","S","S","T","A","S","A","L","G","K","L","Q","D","V","V","N","Q","N","A","Q","A","L","N","T","L","V","K","Q","L","S","S","N","F","G","A","I","S","S","V","L","N","D","I","L","S","R","L","D","K","V","E","A","E","V","Q","I","D","R","L","I","T","G","R","L","Q","S","L","Q","T","Y","V","T","Q","Q","L","I","R","A","A","E","I","R","A","S","A","N","L","A","A","T","K","M","S","E","C","V","L","G","Q","S","K","R","V","D","F","C","G","K","G","Y","H","L","M","S","F","P","Q","S","A","P","H","G","V","V","F","L","H","V","T","Y","V","P","A","Q","E","K","N","F","T","T","A","P","A","I","C","H","D","G","K","A","H","F","P","R","E","G","V","F","V","S","N","G","T","H","W","F","V","T","Q","R","N","F","Y","E","P","Q","I","I","T","T","D","N","T","F","V","S","G","N","C","D","V","V","I","G","I","V","N","N","T","V","Y","D","P","L","Q","P","E","L","D","S","F","K","E","E","L","D","K","Y","F","K","N","H","T","S","P","D","V","D","L","G","D","I","S","G","I","N","A","S","V","V","N","I","Q","K","E","I","D","R","L","N","E","V","A","K","N","L","N","E","S","L","I","D","L","Q","E","L","G","K","Y","E","Q","Y","I","K","W","P","W","Y","I","W","L","G","F","I","A","G","L","I","A","I","V","M","V","T","I","M","L","C","C","M","T","S","C","C","S","C","L","K","G","C","C","S","C","G","S","C","C","K","F","D","E","D","D","S","E","P","V","L","K","G","V","K","L","H","Y","T","---"
"New.hCoV.19.Japan.PG.12630.2020","M","F","V","F","L","V","L","L","P","L","V","S","S","Q","C","V","N","L","T","T","R","T","Q","L","P","P","A","Y","T","N","S","F","T","R","G","V","Y","Y","P","D","K","V","F","R","S","S","V","L","H","S","T","Q","D","L","F","L","P","F","F","S","N","V","T","W","F","H","A","I","H","V","S","G","T","N","G","T","K","R","F","D","N","P","V","L","P","F","N","D","G","V","Y","F","A","S","T","E","K","S","N","I","I","R","G","W","I","F","G","T","T","L","D","S","K","T","Q","S","L","L","I","V","N","N","A","T","N","V","V","I","K","V","C","E","F","Q","F","C","N","D","P","F","L","G","V","Y","Y","H","K","N","N","K","S","W","M","E","S","E","F","R","V","Y","S","S","A","N","N","C","T","F","E","Y","V","S","Q","P","F","L","M","D","L","E","G","K","Q","G","N","F","K","N","L","R","E","F","V","F","K","N","I","D","G","Y","F","K","I","Y","S","K","H","T","P","I","N","L","V","R","D","L","P","Q","G","F","S","A","L","E","P","L","V","D","L","P","I","G","I","N","I","T","R","F","Q","T","L","L","A","L","H","R","S","Y","L","T","P","G","D","S","S","S","G","W","T","A","G","A","A","A","Y","Y","V","G","Y","L","Q","P","R","T","F","L","L","K","Y","N","E","N","G","T","I","T","D","A","V","D","C","A","L","D","P","L","S","E","T","K","C","T","L","K","S","F","T","V","E","K","G","I","Y","Q","T","S","N","F","R","V","Q","P","T","E","S","I","V","R","F","P","N","I","T","N","L","C","P","F","G","E","V","F","N","A","T","R","F","A","S","V","Y","A","W","N","R","K","R","I","S","N","C","V","A","D","Y","S","V","L","Y","N","S","A","S","F","S","T","F","K","C","Y","G","V","S","P","T","K","L","N","D","L","C","F","T","N","V","Y","A","D","S","F","V","I","R","G","D","E","V","R","Q","I","A","P","G","Q","T","G","K","I","A","D","Y","N","Y","K","L","P","D","D","F","T","G","C","V","I","A","W","N","S","N","N","L","D","S","K","V","G","G","N","Y","N","Y","L","Y","R","L","F","R","K","S","N","L","K","P","F","E","R","D","I","S","T","E","I","Y","Q","A","G","S","T","P","C","N","G","V","E","G","F","N","C","Y","F","P","L","Q","S","Y","G","F","Q","P","T","N","G","V","G","Y","Q","P","Y","R","V","V","V","L","S","F","E","L","L","H","A","P","A","T","V","C","G","P","K","K","S","T","N","L","V","K","N","K","C","V","N","F","N","F","N","G","L","T","G","T","G","V","L","T","E","S","N","K","K","F","L","P","F","Q","Q","F","G","R","D","I","A","D","T","T","D","A","V","R","D","P","Q","T","L","E","I","L","D","I","T","P","C","S","F","G","G","V","S","V","I","T","P","G","T","N","T","S","N","Q","V","A","V","L","Y","Q","G","V","N","C","T","E","V","P","V","A","I","H","A","D","Q","L","T","P","T","W","R","V","Y","S","T","G","S","N","V","F","Q","T","R","A","G","C","L","I","G","A","E","H","V","N","N","S","Y","E","C","D","I","P","I","G","A","G","I","C","A","S","Y","Q","T","Q","T","N","S","P","R","R","A","R","S","V","A","S","Q","S","I","I","A","Y","T","M","S","L","G","A","E","N","S","V","A","Y","S","N","N","S","I","A","I","P","T","N","F","T","I","S","V","T","T","E","I","L","P","V","S","M","T","K","T","S","V","D","C","T","M","Y","I","C","G","D","S","T","E","C","S","N","L","L","L","Q","Y","G","S","F","C","T","Q","L","N","R","A","L","T","G","I","A","V","E","Q","D","K","N","T","Q","E","V","F","A","Q","V","K","Q","I","Y","K","T","P","P","I","K","D","F","G","G","F","N","F","S","Q","I","L","P","D","P","S","K","P","S","K","R","S","F","I","E","D","L","L","F","N","K","V","T","L","A","D","A","G","F","I","K","Q","Y","G","D","C","L","G","D","I","A","A","R","D","L","I","C","A","Q","K","F","N","G","L","T","V","L","P","P","L","L","T","D","E","M","I","A","Q","Y","T","S","A","L","L","A","G","T","I","T","S","G","W","T","F","G","A","G","A","A","L","Q","I","P","F","A","M","Q","M","A","Y","R","F","N","G","I","G","V","T","Q","N","V","L","Y","E","N","Q","K","L","I","A","N","Q","F","N","S","A","I","G","K","I","Q","D","S","L","S","S","T","A","S","A","L","G","K","L","Q","D","V","V","N","Q","N","A","Q","A","L","N","T","L","V","K","Q","L","S","S","N","F","G","A","I","S","S","V","L","N","D","I","L","S","R","L","D","K","V","E","A","E","V","Q","I","D","R","L","I","T","G","R","L","Q","S","L","Q","T","Y","V","T","Q","Q","L","I","R","A","A","E","I","R","A","S","A","N","L","A","A","T","K","M","S","E","C","V","L","G","Q","S","K","R","V","D","F","C","G","K","G","Y","H","L","M","S","F","P","Q","S","A","P","H","G","V","V","F","L","H","V","T","Y","V","P","A","Q","E","K","N","F","T","T","A","P","A","I","C","H","D","G","K","A","H","F","P","R","E","G","V","F","V","S","N","G","T","H","W","F","V","T","Q","R","N","F","Y","E","P","Q","I","I","T","T","D","N","T","F","V","S","G","N","C","D","V","V","I","G","I","V","N","N","T","V","Y","D","P","L","Q","P","E","L","D","S","F","K","E","E","L","D","K","Y","F","K","N","H","T","S","P","D","V","D","L","G","D","I","S","G","I","N","A","S","V","V","N","I","Q","K","E","I","D","R","L","N","E","V","A","K","N","L","N","E","S","L","I","D","L","Q","E","L","G","K","Y","E","Q","Y","I","K","W","P","W","Y","I","W","L","G","F","I","A","G","L","I","A","I","V","M","V","T","I","M","L","C","C","M","T","S","C","C","S","C","L","K","G","C","C","S","C","G","S","C","C","K","F","D","E","D","D","S","E","P","V","L","K","G","V","K","L","H","Y","T","---"
"New.hCoV.19.Japan.PG.17251.2020","M","F","V","F","L","V","L","L","P","L","V","S","S","Q","C","V","N","L","T","T","R","T","Q","L","P","P","A","Y","T","N","S","F","T","R","G","V","Y","Y","P","D","K","V","F","R","S","S","V","L","H","S","T","Q","D","L","F","L","P","F","F","S","N","V","T","W","F","H","A","I","H","V","S","G","T","N","G","T","K","R","F","D","N","P","V","L","P","F","N","D","G","V","Y","F","A","S","T","E","K","S","N","I","I","R","G","W","I","F","G","T","T","L","D","S","K","T","Q","S","L","L","I","V","N","N","A","T","N","V","V","I","K","V","C","E","F","Q","F","C","N","D","P","F","L","G","V","Y","Y","H","K","N","N","K","S","W","M","E","S","E","F","R","V","Y","S","S","A","N","N","C","T","F","E","Y","V","S","Q","P","F","L","M","D","L","E","G","K","Q","G","N","F","K","N","L","R","E","F","V","F","K","N","I","D","G","Y","F","K","I","Y","S","K","H","T","P","I","N","L","V","R","D","L","P","Q","G","F","S","A","L","E","P","L","V","D","L","P","I","G","I","N","I","T","R","F","Q","T","L","L","A","L","H","R","S","Y","L","T","P","G","D","S","S","S","G","W","T","A","G","A","A","A","Y","Y","V","G","Y","L","Q","P","R","T","F","L","L","K","Y","N","E","N","G","T","I","T","D","A","V","D","C","A","L","D","P","L","S","E","T","K","C","T","L","K","S","F","T","V","E","K","G","I","Y","Q","T","S","N","F","R","V","Q","P","T","E","S","I","V","R","F","P","N","I","T","N","L","C","P","F","G","E","V","F","N","A","T","R","F","A","S","V","Y","A","W","N","R","K","R","I","S","N","C","V","A","D","Y","S","V","L","Y","N","S","A","S","F","S","T","F","K","C","Y","G","V","S","P","T","K","L","N","D","L","C","F","T","N","V","Y","A","D","S","F","V","I","R","G","D","E","V","R","Q","I","A","P","G","Q","T","G","K","I","A","D","Y","N","Y","K","L","P","D","D","F","T","G","C","V","I","A","W","N","S","N","N","L","D","S","K","V","G","G","N","Y","N","Y","L","Y","R","L","F","R","K","S","N","L","K","P","F","E","R","D","I","S","T","E","I","Y","Q","A","G","S","T","P","C","N","G","V","E","G","F","N","C","Y","F","P","L","Q","S","Y","G","F","Q","P","T","N","G","V","G","Y","Q","P","Y","R","V","V","V","L","S","F","E","L","L","H","A","P","A","T","V","C","G","P","K","K","S","T","N","L","V","K","N","K","C","V","N","F","N","F","N","G","L","T","G","T","G","V","L","T","E","S","N","K","K","F","L","P","F","Q","Q","F","G","R","D","I","A","D","T","T","D","A","V","R","D","P","Q","T","L","E","I","L","D","I","T","P","C","S","F","G","G","V","S","V","I","T","P","G","T","N","T","S","N","Q","V","A","V","L","Y","Q","G","V","N","C","T","E","V","P","V","A","I","H","A","D","Q","L","T","P","T","W","R","V","Y","S","T","G","S","N","V","F","Q","T","R","A","G","C","L","I","G","A","E","H","V","N","N","S","Y","E","C","D","I","P","I","G","A","G","I","C","A","S","Y","H","T","Q","T","N","S","P","R","R","A","R","S","V","A","S","Q","S","I","I","A","Y","T","M","S","L","G","A","E","N","S","V","A","Y","S","N","N","S","I","A","I","P","T","N","F","T","I","S","V","T","T","E","I","L","P","V","S","M","T","K","T","S","V","D","C","T","M","Y","I","C","G","D","S","T","E","C","S","N","L","L","L","Q","Y","G","S","F","C","T","Q","L","N","R","A","L","T","G","I","A","V","E","Q","D","K","N","T","Q","E","V","F","A","Q","V","K","Q","I","Y","K","T","P","P","I","K","D","F","G","G","F","N","F","S","Q","I","L","P","D","P","S","K","P","S","K","R","S","F","I","E","D","L","L","F","N","K","V","T","L","A","D","A","G","F","I","K","Q","Y","G","D","C","L","G","D","I","A","A","R","D","L","I","C","A","Q","K","F","N","G","L","T","V","L","P","P","L","L","T","D","E","M","I","A","Q","Y","T","S","A","L","L","A","G","T","I","T","S","G","W","T","F","G","A","G","A","A","L","Q","I","P","F","A","M","Q","M","A","Y","R","F","N","G","I","G","V","T","Q","N","V","L","Y","E","N","Q","K","L","I","A","N","Q","F","N","S","A","I","G","K","I","Q","D","S","L","S","S","T","A","S","A","L","G","K","L","Q","D","V","V","N","Q","N","A","Q","A","L","N","T","L","V","K","Q","L","S","S","N","F","G","A","I","S","S","V","L","N","D","I","L","S","R","L","D","K","V","E","A","E","V","Q","I","D","R","L","I","T","G","R","L","Q","S","L","Q","T","Y","V","T","Q","Q","L","I","R","A","A","E","I","R","A","S","A","N","L","A","A","T","K","M","S","E","C","V","L","G","Q","S","K","R","V","D","F","C","G","K","G","Y","H","L","M","S","F","P","Q","S","A","P","H","G","V","V","F","L","H","V","T","Y","V","P","A","Q","E","K","N","F","T","T","A","P","A","I","C","H","D","G","K","A","H","F","P","R","E","G","V","F","V","S","N","G","T","H","W","F","V","T","Q","R","N","F","Y","E","P","Q","I","I","T","T","D","N","T","F","V","S","G","N","C","D","V","V","I","G","I","V","N","N","T","V","Y","D","P","L","Q","P","E","L","D","S","F","K","E","E","L","D","K","Y","F","K","N","H","T","S","P","D","V","D","L","G","D","I","S","G","I","N","A","S","V","V","N","I","Q","K","E","I","D","R","L","N","E","V","A","K","N","L","N","E","S","L","I","D","L","Q","E","L","G","K","Y","E","Q","Y","I","K","W","P","W","Y","I","W","L","G","F","I","A","G","L","I","A","I","V","M","V","T","I","M","L","C","C","M","T","S","C","C","S","C","L","K","G","C","C","S","C","G","S","C","C","K","F","D","E","D","D","S","E","P","V","L","K","G","V","K","L","H","Y","T","---"
"New.hCoV.19.Japan.PG.12320.2020","M","F","V","F","L","V","L","L","P","L","V","S","S","Q","C","V","N","L","T","T","R","T","Q","L","P","P","A","Y","T","N","S","F","T","R","G","V","Y","Y","P","D","K","V","F","R","S","S","V","L","H","S","T","Q","D","L","F","L","P","F","F","S","N","V","T","W","F","H","A","I","H","V","S","G","T","N","G","T","K","R","F","D","N","P","V","L","P","F","N","D","G","V","Y","F","A","S","T","E","K","S","N","I","I","R","G","W","I","F","G","T","T","L","D","S","K","T","Q","S","L","L","I","V","N","N","A","T","N","V","V","I","K","V","C","E","F","Q","F","C","N","D","P","F","L","G","V","Y","Y","H","K","N","N","K","S","W","M","E","S","E","F","R","V","Y","S","S","A","N","N","C","T","F","E","Y","V","S","Q","P","F","L","M","D","L","E","G","K","Q","G","N","F","K","N","L","R","E","F","V","F","K","N","I","D","G","Y","F","K","I","Y","S","K","H","T","P","I","N","L","V","R","D","L","P","Q","G","F","S","A","L","E","P","L","V","D","L","P","I","G","I","N","I","T","R","F","Q","T","L","L","A","L","H","R","S","Y","L","T","P","G","D","S","S","S","G","W","T","A","G","A","A","A","Y","Y","V","G","Y","L","Q","P","R","T","F","L","L","K","Y","N","E","N","G","T","I","T","D","A","V","D","C","A","L","D","P","L","S","E","T","K","C","T","L","K","S","F","T","V","E","K","G","I","Y","Q","T","S","N","F","R","V","Q","P","T","E","S","I","V","R","F","P","N","I","T","N","L","C","P","F","G","E","V","F","N","A","T","R","F","A","S","V","Y","A","W","N","R","K","R","I","S","N","C","V","A","D","Y","S","V","L","Y","N","S","A","S","F","S","T","F","K","C","Y","G","V","S","P","T","K","L","N","D","L","C","F","T","N","V","Y","A","D","S","F","V","I","R","G","D","E","V","R","Q","I","A","P","G","Q","T","G","K","I","A","D","Y","N","Y","K","L","P","D","D","F","T","G","C","V","I","A","W","N","S","N","N","L","D","S","K","V","G","G","N","Y","N","Y","L","Y","R","L","F","R","K","S","N","L","K","P","F","E","R","D","I","S","T","E","I","Y","Q","A","G","S","T","P","C","N","G","V","E","G","F","N","C","Y","F","P","L","Q","S","Y","G","F","Q","P","T","N","G","V","G","Y","Q","P","Y","R","V","V","V","L","S","F","E","L","L","H","A","P","A","T","V","C","G","P","K","K","S","T","N","L","V","K","N","K","C","V","N","F","N","F","N","G","L","T","G","T","G","V","L","T","E","S","N","K","K","F","L","P","F","Q","Q","F","G","R","D","I","A","D","T","T","D","A","V","R","D","P","Q","T","L","E","I","L","D","I","T","P","C","S","F","G","G","V","S","V","I","T","P","G","T","N","T","S","N","Q","V","A","V","L","Y","Q","G","V","N","C","T","E","V","P","V","A","I","H","A","D","Q","L","T","P","T","W","R","V","Y","S","T","G","S","N","V","F","Q","T","R","A","G","C","L","I","G","A","E","H","V","N","N","S","Y","E","C","D","I","P","I","G","A","G","I","C","A","S","Y","H","T","Q","T","N","S","P","R","R","A","R","S","V","A","S","Q","S","I","I","A","Y","T","M","S","L","G","A","E","N","S","V","A","Y","S","N","N","S","I","A","I","P","T","N","F","T","I","S","V","T","T","E","I","L","P","V","S","M","T","K","T","S","V","D","C","T","M","Y","I","C","G","D","S","T","E","C","S","N","L","L","L","Q","Y","G","S","F","C","T","Q","L","N","R","A","L","T","G","I","A","V","E","Q","D","K","N","T","Q","E","V","F","A","Q","V","K","Q","I","Y","K","T","P","P","I","K","D","F","G","G","F","N","F","S","Q","I","L","P","D","P","S","K","P","S","K","R","S","F","I","E","D","L","L","F","N","K","V","T","L","A","D","A","G","F","I","K","Q","Y","G","D","C","L","G","D","I","A","A","R","D","L","I","C","A","Q","K","F","N","G","L","T","V","L","P","P","L","L","T","D","E","M","I","A","Q","Y","T","S","A","L","L","A","G","T","I","T","S","G","W","T","F","G","A","G","A","A","L","Q","I","P","F","A","M","Q","M","A","Y","R","F","N","G","I","G","V","T","Q","N","V","L","Y","E","N","Q","K","L","I","A","N","Q","F","N","S","A","I","G","K","I","Q","D","S","L","S","S","T","A","S","A","L","G","K","L","Q","D","V","V","N","Q","N","A","Q","A","L","N","T","L","V","K","Q","L","S","S","N","F","G","A","I","S","S","V","L","N","D","I","L","S","R","L","D","K","V","E","A","E","V","Q","I","D","R","L","I","T","G","R","L","Q","S","L","Q","T","Y","V","T","Q","Q","L","I","R","A","A","E","I","R","A","S","A","N","L","A","A","T","K","M","S","E","C","V","L","G","Q","S","K","R","V","D","F","C","G","K","G","Y","H","L","M","S","F","P","Q","S","A","P","H","G","V","V","F","L","H","V","T","Y","V","P","A","Q","E","K","N","F","T","T","A","P","A","I","C","H","D","G","K","A","H","F","P","R","E","G","V","F","V","S","N","G","T","H","W","F","V","T","Q","R","N","F","Y","E","P","Q","I","I","T","T","D","N","T","F","V","S","G","N","C","D","V","V","I","G","I","V","N","N","T","V","Y","D","P","L","Q","P","E","L","D","S","F","K","E","E","L","D","K","Y","F","K","N","H","T","S","P","D","V","D","L","G","D","I","S","G","I","N","A","S","V","V","N","I","Q","K","E","I","D","R","L","N","E","V","A","K","N","L","N","E","S","L","I","D","L","Q","E","L","G","K","Y","E","Q","Y","I","K","W","P","W","Y","I","W","L","G","F","I","A","G","L","I","A","I","V","M","V","T","I","M","L","C","C","M","T","S","C","C","S","C","L","K","G","C","C","S","C","G","S","C","C","K","F","D","E","D","D","S","E","P","V","L","K","G","V","K","L","H","Y","T","---"
"New.hCoV.19.Japan.PG.12247.2020","M","F","V","F","L","V","L","L","P","L","V","S","S","Q","C","V","N","L","T","T","R","T","Q","L","P","P","A","Y","T","N","S","F","T","R","G","V","Y","Y","P","D","K","V","F","R","S","S","V","L","H","S","T","Q","D","L","F","L","P","F","F","S","N","V","T","W","F","H","A","I","H","V","S","G","T","N","G","T","K","R","F","D","N","P","V","L","P","F","N","D","G","V","Y","F","A","S","T","E","K","S","N","I","I","R","G","W","I","F","G","T","T","L","D","S","K","T","Q","S","L","L","I","V","N","N","A","T","N","V","V","I","K","V","C","E","F","Q","F","C","N","D","P","F","L","G","V","Y","Y","H","K","N","N","K","S","W","M","E","S","E","F","R","V","Y","S","S","A","N","N","C","T","F","E","Y","V","S","Q","P","F","L","M","D","L","E","G","K","Q","G","N","F","K","N","L","R","E","F","V","F","K","N","I","D","G","Y","F","K","I","Y","S","K","H","T","P","I","N","L","V","R","D","L","P","Q","G","F","S","A","L","E","P","L","V","D","L","P","I","G","I","N","I","T","R","F","Q","T","L","L","A","L","H","R","S","Y","L","T","P","G","D","S","S","S","G","W","T","A","G","A","A","A","Y","Y","V","G","Y","L","Q","P","R","T","F","L","L","K","Y","N","E","N","G","T","I","T","D","A","V","D","C","A","L","D","P","L","S","E","T","K","C","T","L","K","S","F","T","V","E","K","G","I","Y","Q","T","S","N","F","R","V","Q","P","T","E","S","I","V","R","F","P","N","I","T","N","L","C","P","F","G","E","V","F","N","A","T","R","F","A","S","V","Y","A","W","N","R","K","R","I","S","N","C","V","A","D","Y","S","V","L","Y","N","S","A","S","F","S","T","F","K","C","Y","G","V","S","P","T","K","L","N","D","L","C","F","T","N","V","Y","A","D","S","F","V","I","R","G","D","E","V","R","Q","I","A","P","G","Q","T","G","K","I","A","D","Y","N","Y","K","L","P","D","D","F","T","G","C","V","I","A","W","N","S","N","N","L","D","S","K","V","G","G","N","Y","N","Y","L","Y","R","L","F","R","K","S","N","L","K","P","F","E","R","D","I","S","T","E","I","Y","Q","A","G","S","T","P","C","N","G","V","E","G","F","N","C","Y","F","P","L","Q","S","Y","G","F","Q","P","T","N","G","V","G","Y","Q","P","Y","R","V","V","V","L","S","F","E","L","L","H","A","P","A","T","V","C","G","P","K","K","S","T","N","L","V","K","N","K","C","V","N","F","N","F","N","G","L","T","G","T","G","V","L","T","E","S","N","K","K","F","L","P","F","Q","Q","F","G","R","D","I","A","D","T","T","D","A","V","R","D","P","Q","T","L","E","I","L","D","I","T","P","C","S","F","G","G","V","S","V","I","T","P","G","T","N","T","S","N","Q","V","A","V","L","Y","Q","G","V","N","C","T","E","V","P","V","A","I","H","A","D","Q","L","T","P","T","W","R","V","Y","S","T","G","S","N","V","F","Q","T","R","A","G","C","L","I","G","A","E","H","V","N","N","S","Y","E","C","D","I","P","I","G","A","G","I","C","A","S","Y","Q","T","Q","T","N","S","P","R","R","A","R","S","V","A","S","Q","S","I","I","A","Y","T","M","S","L","G","A","E","N","S","V","A","Y","S","N","N","S","I","A","I","P","T","N","F","T","I","S","V","T","T","E","I","L","P","V","S","M","T","K","T","S","V","D","C","T","M","Y","I","C","G","D","S","T","E","C","S","N","L","L","L","Q","Y","G","S","F","C","T","Q","L","N","R","A","L","T","G","I","A","V","E","Q","D","K","N","T","Q","E","V","F","A","Q","V","K","Q","I","Y","K","T","P","P","I","K","D","F","G","G","F","N","F","S","Q","I","L","P","D","P","S","K","P","S","K","R","S","F","I","E","D","L","L","F","N","K","V","T","L","A","D","A","G","F","I","K","Q","Y","G","D","C","L","G","D","I","A","A","R","D","L","I","C","A","Q","K","F","N","G","L","T","V","L","P","P","L","L","T","D","E","M","I","A","Q","Y","T","S","A","L","L","A","G","T","I","T","S","G","W","T","F","G","A","G","A","A","L","Q","I","P","F","A","M","Q","M","A","Y","R","F","N","G","I","G","V","T","Q","N","V","L","Y","E","N","Q","K","L","I","A","N","Q","F","N","S","A","I","G","K","I","Q","D","S","L","S","S","T","A","S","A","L","G","K","L","Q","D","V","V","N","Q","N","A","Q","A","L","N","T","L","V","K","Q","L","S","S","N","F","G","A","I","S","S","V","L","N","D","I","L","S","R","L","D","K","V","E","A","E","V","Q","I","D","R","L","I","T","G","R","L","Q","S","L","Q","T","Y","V","T","Q","Q","L","I","R","A","A","E","I","R","A","S","A","N","L","A","A","T","K","M","S","E","C","V","L","G","Q","S","K","R","V","D","F","C","G","K","G","Y","H","L","M","S","F","P","Q","S","A","P","H","G","V","V","F","L","H","V","T","Y","V","P","A","Q","E","K","N","F","T","T","A","P","A","I","C","H","D","G","K","A","H","F","P","R","E","G","V","F","V","S","N","G","T","H","W","F","V","T","Q","R","N","F","Y","E","P","Q","I","I","T","T","D","N","T","F","V","S","G","N","C","D","V","V","I","G","I","V","N","N","T","V","Y","D","P","L","Q","P","E","L","D","S","F","K","E","E","L","D","K","Y","F","K","N","H","T","S","P","D","V","D","L","G","D","I","S","G","I","N","A","S","V","V","N","I","Q","K","E","I","D","R","L","N","E","V","A","K","N","L","N","E","S","L","I","D","L","Q","E","L","G","K","Y","E","Q","Y","I","K","W","P","W","Y","I","W","L","G","F","I","A","G","L","I","A","I","V","M","V","T","I","M","L","C","C","M","T","S","C","C","S","C","L","K","G","C","C","S","C","G","S","C","C","K","F","D","E","D","D","S","E","P","V","L","K","G","V","K","L","H","Y","T","---"
"New.hCoV.19.Japan.PG.15779.2020","M","F","V","F","L","V","L","L","P","L","V","S","S","Q","C","V","N","L","T","T","R","T","Q","L","P","P","A","Y","T","N","S","F","T","R","G","V","Y","Y","P","D","K","V","F","R","S","S","V","L","H","S","T","Q","D","L","F","L","P","F","F","S","N","V","T","W","F","H","A","I","H","V","S","G","T","N","G","T","K","R","F","D","N","P","V","L","P","F","N","D","G","V","Y","F","A","S","T","E","K","S","N","I","I","R","G","W","I","F","G","T","T","L","D","S","K","T","Q","S","L","L","I","V","N","N","A","T","N","V","V","I","K","V","C","E","F","Q","F","C","N","D","P","F","L","G","V","Y","Y","H","K","N","N","K","S","W","M","E","S","E","F","R","V","Y","S","S","A","N","N","C","T","F","E","Y","V","S","Q","P","F","L","M","D","L","E","G","K","Q","G","N","F","K","N","L","R","E","F","V","F","K","N","I","D","G","Y","F","K","I","Y","S","K","H","T","P","I","N","L","V","R","D","L","P","Q","G","F","S","A","L","E","P","L","V","D","L","P","I","G","I","N","I","T","R","F","Q","T","L","L","A","L","H","R","S","Y","L","T","P","G","D","S","S","S","G","W","T","A","G","A","A","A","Y","Y","V","G","Y","L","Q","P","R","T","F","L","L","K","Y","N","E","N","G","T","I","T","D","A","V","D","C","A","L","D","P","L","S","E","T","K","C","T","L","K","S","F","T","V","E","K","G","I","Y","Q","T","S","N","F","R","V","Q","P","T","E","S","I","V","R","F","P","N","I","T","N","L","C","P","F","G","E","V","F","N","A","T","R","F","A","S","V","Y","A","W","N","R","K","R","I","S","N","C","V","A","D","Y","S","V","L","Y","N","S","A","S","F","S","T","F","K","C","Y","G","V","S","P","T","K","L","N","D","L","C","F","T","N","V","Y","A","D","S","F","V","I","R","G","D","E","V","R","Q","I","A","P","G","Q","T","G","K","I","A","D","Y","N","Y","K","L","P","D","D","F","T","G","C","V","I","A","W","N","S","N","N","L","D","S","K","V","G","G","N","Y","N","Y","L","Y","R","L","F","R","K","S","N","L","K","P","F","E","R","D","I","S","T","E","I","Y","Q","A","G","S","T","P","C","N","G","V","E","G","F","N","C","Y","F","P","L","Q","S","Y","G","F","Q","P","T","N","G","V","G","Y","Q","P","Y","R","V","V","V","L","S","F","E","L","L","H","A","P","A","T","V","C","G","P","K","K","S","T","N","L","V","K","N","K","C","V","N","F","N","F","N","G","L","T","G","T","G","V","L","T","E","S","N","K","K","F","L","P","F","Q","Q","F","G","R","D","I","A","D","T","T","D","A","V","R","D","P","Q","T","L","E","I","L","D","I","T","P","C","S","F","G","G","V","S","V","I","T","P","G","T","N","T","S","N","Q","V","A","V","L","Y","Q","G","V","N","C","T","E","V","P","V","A","I","H","A","D","Q","L","T","P","T","W","R","V","Y","S","T","G","S","N","V","F","Q","T","R","A","G","C","L","I","G","A","E","H","V","N","N","S","Y","E","C","D","I","P","I","G","A","G","I","C","A","S","Y","Q","T","Q","T","N","S","P","R","R","A","R","S","V","A","S","Q","S","I","I","A","Y","T","M","S","L","G","A","E","N","S","V","A","Y","S","N","N","S","I","A","I","P","T","N","F","T","I","S","V","T","T","E","I","L","P","V","S","M","T","K","T","S","V","D","C","T","M","Y","I","C","G","D","S","T","E","C","S","N","L","L","L","Q","Y","G","S","F","C","T","Q","L","N","R","A","L","T","G","I","A","V","E","Q","D","K","N","T","Q","E","V","F","A","Q","V","K","Q","I","Y","K","T","P","P","I","K","D","F","G","G","F","N","F","S","Q","I","L","P","D","P","S","K","P","S","K","R","S","F","I","E","D","L","L","F","N","K","V","T","L","A","D","A","G","F","I","K","Q","Y","G","D","C","L","G","D","I","A","A","R","D","L","I","C","A","Q","K","F","N","G","L","T","V","L","P","P","L","L","T","D","E","M","I","A","Q","Y","T","S","A","L","L","A","G","T","I","T","S","G","W","T","F","G","A","G","A","A","L","Q","I","P","F","A","M","Q","M","A","Y","R","F","N","G","I","G","V","T","Q","N","V","L","Y","E","N","Q","K","L","I","A","N","Q","F","N","S","A","I","G","K","I","Q","D","S","L","S","S","T","A","S","A","L","G","K","L","Q","D","V","V","N","Q","N","A","Q","A","L","N","T","L","V","K","Q","L","S","S","N","F","G","A","I","S","S","V","L","N","D","I","L","S","R","L","D","K","V","E","A","E","V","Q","I","D","R","L","I","T","G","R","L","Q","S","L","Q","T","Y","V","T","Q","Q","L","I","R","A","A","E","I","R","A","S","A","N","L","A","A","T","K","M","S","E","C","V","L","G","Q","S","K","R","V","D","F","C","G","K","G","Y","H","L","M","S","F","P","Q","S","A","P","H","G","V","V","F","L","H","V","T","Y","V","P","A","Q","E","K","N","F","T","T","A","P","A","I","C","H","D","G","K","A","H","F","P","R","E","G","V","F","V","S","N","G","T","H","W","F","V","T","Q","R","N","F","Y","E","P","Q","I","I","T","T","D","N","T","F","V","S","G","N","C","D","V","V","I","G","I","V","N","N","T","V","Y","D","P","L","Q","P","E","L","D","S","F","K","E","E","L","D","K","Y","F","K","N","H","T","S","P","D","V","D","L","G","D","I","S","G","I","N","A","S","V","V","N","I","Q","K","E","I","D","R","L","N","E","V","A","K","N","L","N","E","S","L","I","D","L","Q","E","L","G","K","Y","E","Q","Y","I","K","W","P","W","Y","I","W","L","G","F","I","A","G","L","I","A","I","V","M","V","T","I","M","L","C","C","M","T","S","C","C","S","C","L","K","G","C","C","S","C","G","S","C","C","K","F","D","E","D","D","S","E","P","V","L","K","G","V","K","L","H","Y","T","---"
"New.hCoV.19.Japan.PG.12387.2020","M","F","V","F","L","V","L","L","P","L","V","S","S","Q","C","V","N","L","T","T","R","T","Q","L","P","P","A","Y","T","N","S","F","T","R","G","V","Y","Y","P","D","K","V","F","R","S","S","V","L","H","S","T","Q","D","L","F","L","P","F","F","S","N","V","T","W","F","H","A","I","H","V","S","G","T","N","G","T","K","R","F","D","N","P","V","L","P","F","N","D","G","V","Y","F","A","S","T","E","K","S","N","I","I","R","G","W","I","F","G","T","T","L","D","S","K","T","Q","S","L","L","I","V","N","N","A","T","N","V","V","I","K","V","C","E","F","Q","F","C","N","D","P","F","L","G","V","Y","Y","H","K","N","N","K","S","W","M","E","S","E","F","R","V","Y","S","S","A","N","N","C","T","F","E","Y","V","S","Q","P","F","L","M","D","L","E","G","K","Q","G","N","F","K","N","L","R","E","F","V","F","K","N","I","D","G","Y","F","K","I","Y","S","K","H","T","P","I","N","L","V","R","D","L","P","Q","G","F","S","A","L","E","P","L","V","D","L","P","I","G","I","N","I","T","R","F","Q","T","L","L","A","L","H","R","S","Y","L","T","P","G","D","S","S","S","G","W","T","A","G","A","A","A","Y","Y","V","G","Y","L","Q","P","R","T","F","L","L","K","Y","N","E","N","G","T","I","T","D","A","V","D","C","A","L","D","P","L","S","E","T","K","C","T","L","K","S","F","T","V","E","K","G","I","Y","Q","T","S","N","F","R","V","Q","P","T","E","S","I","V","R","F","P","N","I","T","N","L","C","P","F","G","E","V","F","N","A","T","R","F","A","S","V","Y","A","W","N","R","K","R","I","S","N","C","V","A","D","Y","S","V","L","Y","N","S","A","S","F","S","T","F","K","C","Y","G","V","S","P","T","K","L","N","D","L","C","F","T","N","V","Y","A","D","S","F","V","I","R","G","D","E","V","R","Q","I","A","P","G","Q","T","G","K","I","A","D","Y","N","Y","K","L","P","D","D","F","T","G","C","V","I","A","W","N","S","N","N","L","D","S","K","V","G","G","N","Y","N","Y","L","Y","R","L","F","R","K","S","N","L","K","P","F","E","R","D","I","S","T","E","I","Y","Q","A","G","S","T","P","C","N","G","V","E","G","F","N","C","Y","F","P","L","Q","S","Y","G","F","Q","P","T","N","G","V","G","Y","Q","P","Y","R","V","V","V","L","S","F","E","L","L","H","A","P","A","T","V","C","G","P","K","K","S","T","N","L","V","K","N","K","C","V","N","F","N","F","N","G","L","T","G","T","G","V","L","T","E","S","N","K","K","F","L","P","F","Q","Q","F","G","R","D","I","A","D","T","T","D","A","V","R","D","P","Q","T","L","E","I","L","D","I","T","P","C","S","F","G","G","V","S","V","I","T","P","G","T","N","T","S","N","Q","V","A","V","L","Y","Q","G","V","N","C","T","E","V","P","V","A","I","H","A","D","Q","L","T","P","T","W","R","V","Y","S","T","G","S","N","V","F","Q","T","R","A","G","C","L","I","G","A","E","H","V","N","N","S","Y","E","C","D","I","P","I","G","A","G","I","C","A","S","Y","Q","T","Q","T","N","S","P","R","R","A","R","S","V","A","S","Q","S","I","I","A","Y","T","M","S","L","G","A","E","N","S","V","A","Y","S","N","N","S","I","A","I","P","T","N","F","T","I","S","V","T","T","E","I","L","P","V","S","M","T","K","T","S","V","D","C","T","M","Y","I","C","G","D","S","T","E","C","S","N","L","L","L","Q","Y","G","S","F","C","T","Q","L","N","R","A","L","T","G","I","A","V","E","Q","D","K","N","T","Q","E","V","F","A","Q","V","K","Q","I","Y","K","T","P","P","I","K","D","F","G","G","F","N","F","S","Q","I","L","P","D","P","S","K","P","S","K","R","S","F","I","E","D","L","L","F","N","K","V","T","L","A","D","A","G","F","I","K","Q","Y","G","D","C","L","G","D","I","A","A","R","D","L","I","C","A","Q","K","F","N","G","L","T","V","L","P","P","L","L","T","D","E","M","I","A","Q","Y","T","S","A","L","L","A","G","T","I","T","S","G","W","T","F","G","A","G","A","A","L","Q","I","P","F","A","M","Q","M","A","Y","R","F","N","G","I","G","V","T","Q","N","V","L","Y","E","N","Q","K","L","I","A","N","Q","F","N","S","A","I","G","K","I","Q","D","S","L","S","S","T","A","S","A","L","G","K","L","Q","D","V","V","N","Q","N","A","Q","A","L","N","T","L","V","K","Q","L","S","S","N","F","G","A","I","S","S","V","L","N","D","I","L","S","R","L","D","K","V","E","A","E","V","Q","I","D","R","L","I","T","G","R","L","Q","S","L","Q","T","Y","V","T","Q","Q","L","I","R","A","A","E","I","R","A","S","A","N","L","A","A","T","K","M","S","E","C","V","L","G","Q","S","K","R","V","D","F","C","G","K","G","Y","H","L","M","S","F","P","Q","S","A","P","H","G","V","V","F","L","H","V","T","Y","V","P","A","Q","E","K","N","F","T","T","A","P","A","I","C","H","D","G","K","A","H","F","P","R","E","G","V","F","V","S","N","G","T","H","W","F","V","T","Q","R","N","F","Y","E","P","Q","I","I","T","T","D","N","T","F","V","S","G","N","C","D","V","V","I","G","I","V","N","N","T","V","Y","D","P","L","Q","P","E","L","D","S","F","K","E","E","L","D","K","Y","F","K","N","H","T","S","P","D","V","D","L","G","D","I","S","G","I","N","A","S","V","V","N","I","Q","K","E","I","D","R","L","N","E","V","A","K","N","L","N","E","S","L","I","D","L","Q","E","L","G","K","Y","E","Q","Y","I","K","W","P","W","Y","I","W","L","G","F","I","A","G","L","I","A","I","V","M","V","T","I","M","L","C","C","M","T","S","C","C","S","C","L","K","G","C","C","S","C","G","S","C","C","K","F","D","E","D","D","S","E","P","V","L","K","G","V","K","L","H","Y","T","---"
"New.hCoV.19.Japan.PG.14440.2020","M","F","V","F","L","V","L","L","P","L","V","S","S","Q","C","V","N","L","T","T","R","T","Q","L","P","P","A","Y","T","N","S","F","T","R","G","V","Y","Y","P","D","K","V","F","R","S","S","V","L","H","S","T","Q","D","L","F","L","P","F","F","S","N","V","T","W","F","H","A","I","H","V","S","G","T","N","G","T","K","R","F","D","N","P","V","L","P","F","N","D","G","V","Y","F","A","S","T","E","K","S","N","I","I","R","G","W","I","F","G","T","T","L","D","S","K","T","Q","S","L","L","I","V","N","N","A","T","N","V","V","I","K","V","C","E","F","Q","F","C","N","D","P","F","L","G","V","Y","Y","H","K","N","N","K","S","W","T","E","S","E","F","R","V","Y","S","S","A","N","N","C","T","F","E","Y","V","S","Q","P","F","L","M","D","L","E","G","K","Q","G","N","F","K","N","L","R","E","F","V","F","K","N","I","D","G","Y","F","K","I","Y","S","K","H","T","P","I","N","L","V","R","D","L","P","Q","G","F","S","A","L","E","P","L","V","D","L","P","I","G","I","N","I","T","R","F","Q","T","L","L","A","L","H","R","S","Y","L","T","P","G","D","S","S","S","G","W","T","A","G","A","A","A","Y","Y","V","G","Y","L","Q","P","R","T","F","L","L","K","Y","N","E","N","G","T","I","T","D","A","V","D","C","A","L","D","P","L","S","E","T","K","C","T","L","K","S","F","T","V","E","K","G","I","Y","Q","T","S","N","F","R","V","Q","P","T","E","S","I","V","R","F","P","N","I","T","N","L","C","P","F","G","E","V","F","N","A","T","R","F","A","S","V","Y","A","W","N","R","K","R","I","S","N","C","V","A","D","Y","S","V","L","Y","N","S","A","S","F","S","T","F","K","C","Y","G","V","S","P","T","K","L","N","D","L","C","F","T","N","V","Y","A","D","S","F","V","I","R","G","D","E","V","R","Q","I","A","P","G","Q","T","G","K","I","A","D","Y","N","Y","K","L","P","D","D","F","T","G","C","V","I","A","W","N","S","N","N","L","D","S","K","V","G","G","N","Y","N","Y","L","Y","R","L","F","R","K","S","N","L","K","P","F","E","R","D","I","S","T","E","I","Y","Q","A","G","S","T","P","C","N","G","V","E","G","F","N","C","Y","F","P","L","Q","S","Y","G","F","Q","P","T","N","G","V","G","Y","Q","P","Y","R","V","V","V","L","S","F","E","L","L","H","A","P","A","T","V","C","G","P","K","K","S","T","N","L","V","K","N","K","C","V","N","F","N","F","N","G","L","T","G","T","G","V","L","T","E","S","N","K","K","F","L","P","F","Q","Q","F","G","R","D","I","A","D","T","T","D","A","V","R","D","P","Q","T","L","E","I","L","D","I","T","P","C","S","F","G","G","V","S","V","I","T","P","G","T","N","T","S","N","Q","V","A","V","L","Y","Q","G","V","N","C","T","E","V","P","V","A","I","H","A","D","Q","L","T","P","T","W","R","V","Y","S","T","G","S","N","V","F","Q","T","R","A","G","C","L","I","G","A","E","H","V","N","N","S","Y","E","C","D","I","P","I","G","A","G","I","C","A","S","Y","Q","T","Q","T","N","S","P","R","R","A","R","S","V","A","S","Q","S","I","I","A","Y","T","M","S","L","G","A","E","N","S","V","A","Y","S","N","N","S","I","A","I","P","T","N","F","T","I","S","V","T","T","E","I","L","P","V","S","M","T","K","T","S","V","D","C","T","M","Y","I","C","G","D","S","T","E","C","S","N","L","L","L","Q","Y","G","S","F","C","T","Q","L","N","R","A","L","T","G","I","A","V","E","Q","D","K","N","T","Q","E","V","F","A","Q","V","K","Q","I","Y","K","T","P","P","I","K","D","F","G","G","F","N","F","S","Q","I","L","P","D","P","S","K","P","S","K","R","S","F","I","E","D","L","L","F","N","K","V","T","L","A","D","A","G","F","I","K","Q","Y","G","D","C","L","G","D","I","A","A","R","D","L","I","C","A","Q","K","F","N","G","L","T","V","L","P","P","L","L","T","D","E","M","I","A","Q","Y","T","S","A","L","L","A","G","T","I","T","S","G","W","T","F","G","A","G","A","A","L","Q","I","P","F","A","M","Q","M","A","Y","R","F","N","G","I","G","V","T","Q","N","V","L","Y","E","N","Q","K","L","I","A","N","Q","F","N","S","A","I","G","K","I","Q","D","S","L","S","S","T","A","S","A","L","G","K","L","Q","D","V","V","N","Q","N","A","Q","A","L","N","T","L","V","K","Q","L","S","S","N","F","G","A","I","S","S","V","L","N","D","I","L","S","R","L","D","K","V","E","A","E","V","Q","I","D","R","L","I","T","G","R","L","Q","S","L","Q","T","Y","V","T","Q","Q","L","I","R","A","A","E","I","R","A","S","A","N","L","A","A","T","K","M","S","E","C","V","L","G","Q","S","K","R","V","D","F","C","G","K","G","Y","H","L","M","S","F","P","Q","S","A","P","H","G","V","V","F","L","H","V","T","Y","V","P","A","Q","E","K","N","F","T","T","A","P","A","I","C","H","D","G","K","A","H","F","P","R","E","G","V","F","V","S","N","G","T","H","W","F","V","T","Q","R","N","F","Y","E","P","Q","I","I","T","T","D","N","T","F","V","S","G","N","C","D","V","V","I","G","I","V","N","N","T","V","Y","D","P","L","Q","P","E","L","D","S","F","K","E","E","L","D","K","Y","F","K","N","H","T","S","P","D","V","D","L","G","D","I","S","G","I","N","A","S","V","V","N","I","Q","K","E","I","D","R","L","N","E","V","A","K","N","L","N","E","S","L","I","D","L","Q","E","L","G","K","Y","E","Q","Y","I","K","W","P","W","Y","I","W","L","G","F","I","A","G","L","I","A","I","V","M","V","T","I","M","L","C","C","M","T","S","C","C","S","C","L","K","G","C","C","S","C","G","S","C","C","K","F","D","E","D","D","S","E","P","V","L","K","G","V","K","L","H","Y","T","---"
"New.hCoV.19.Japan.PG.12806.2020","M","F","V","F","L","V","L","L","P","L","V","S","S","Q","C","V","N","L","T","T","R","T","Q","L","P","P","A","Y","T","N","S","F","T","R","G","V","Y","Y","P","D","K","V","F","R","S","S","V","L","H","S","T","Q","D","L","F","L","P","F","F","S","N","V","T","W","F","H","A","I","H","V","S","G","T","N","G","T","K","R","F","D","N","P","V","L","P","F","N","D","G","V","Y","F","A","S","T","E","K","S","N","I","I","R","G","W","I","F","G","T","T","L","D","S","K","T","Q","S","L","L","I","V","N","N","A","T","N","V","V","I","K","V","C","E","F","Q","F","C","N","D","P","F","L","G","V","Y","Y","H","K","N","N","K","S","W","M","E","S","E","F","R","V","Y","S","S","A","N","N","C","T","F","E","Y","V","S","Q","P","F","L","M","D","L","E","G","K","Q","G","N","F","K","N","L","R","E","F","V","F","K","N","I","D","G","Y","F","K","I","Y","S","K","H","T","P","I","N","L","V","R","D","L","P","Q","G","F","S","A","L","E","P","L","V","D","L","P","I","G","I","N","I","T","R","F","Q","T","L","L","A","L","H","R","S","Y","L","T","P","G","D","S","S","S","G","W","T","A","G","A","A","A","Y","Y","V","G","Y","L","Q","P","R","T","F","L","L","K","Y","N","E","N","G","T","I","T","D","A","V","D","C","A","L","D","P","L","S","E","T","K","C","T","L","K","S","F","T","V","E","K","G","I","Y","Q","T","S","N","F","R","V","Q","P","T","E","S","I","V","R","F","P","N","I","T","N","L","C","P","F","G","E","V","F","N","A","T","R","F","A","S","V","Y","A","W","N","R","K","R","I","S","N","C","V","A","D","Y","S","V","L","Y","N","S","A","S","F","S","T","F","K","C","Y","G","V","S","P","T","K","L","N","D","L","C","F","T","N","V","Y","A","D","S","F","V","I","R","G","D","E","V","R","Q","I","A","P","G","Q","T","G","K","I","A","D","Y","N","Y","K","L","P","D","D","F","T","G","C","V","I","A","W","N","S","N","N","L","D","S","K","V","G","G","N","Y","N","Y","L","Y","R","L","F","R","K","S","N","L","K","P","F","E","R","D","I","S","T","E","I","Y","Q","A","G","S","T","P","C","N","G","V","E","G","F","N","C","Y","F","P","L","Q","S","Y","G","F","Q","P","T","N","G","V","G","Y","Q","P","Y","R","V","V","V","L","S","F","E","L","L","H","A","P","A","T","V","C","G","P","K","K","S","T","N","L","V","K","N","K","C","V","N","F","N","F","N","G","L","T","G","T","G","V","L","T","E","S","N","K","K","F","L","P","F","Q","Q","F","G","R","D","I","A","D","T","T","D","A","V","R","D","P","Q","T","L","E","I","L","D","I","T","P","C","S","F","G","G","V","S","V","I","T","P","G","T","N","T","S","N","Q","V","A","V","L","Y","Q","G","V","N","C","T","E","V","P","V","A","I","H","A","D","Q","L","T","P","T","W","R","V","Y","S","T","G","S","N","V","F","Q","T","R","A","G","C","L","I","G","A","E","H","V","N","N","S","Y","E","C","D","I","P","I","G","A","G","I","C","A","S","Y","H","T","Q","T","N","S","P","R","R","A","R","S","V","A","S","Q","S","I","I","A","Y","T","M","S","L","G","A","E","N","S","V","A","Y","S","N","N","S","I","A","I","P","T","N","F","T","I","S","V","T","T","E","I","L","P","V","S","M","T","K","T","S","V","D","C","T","M","Y","I","C","G","D","S","T","E","C","S","N","L","L","L","Q","Y","G","S","F","C","T","Q","L","N","R","A","L","T","G","I","A","V","E","Q","D","K","N","T","Q","E","V","F","A","Q","V","K","Q","I","Y","K","T","P","P","I","K","D","F","G","G","F","N","F","S","Q","I","L","P","D","P","S","K","P","S","K","R","S","F","I","E","D","L","L","F","N","K","V","T","L","A","D","A","G","F","I","K","Q","Y","G","D","C","L","G","D","I","A","A","R","D","L","I","C","A","Q","K","F","N","G","L","T","V","L","P","P","L","L","T","D","E","M","I","A","Q","Y","T","S","A","L","L","A","G","T","I","T","S","G","W","T","F","G","A","G","A","A","L","Q","I","P","F","A","M","Q","M","A","Y","R","F","N","G","I","G","V","T","Q","N","V","L","Y","E","N","Q","K","L","I","A","N","Q","F","N","S","A","I","G","K","I","Q","D","S","L","S","S","T","A","S","A","L","G","K","L","Q","D","V","V","N","Q","N","A","Q","A","L","N","T","L","V","K","Q","L","S","S","N","F","G","A","I","S","S","V","L","N","D","I","L","S","R","L","D","K","V","E","A","E","V","Q","I","D","R","L","I","T","G","R","L","Q","S","L","Q","T","Y","V","T","Q","Q","L","I","R","A","A","E","I","R","A","S","A","N","L","A","A","T","K","M","S","E","C","V","L","G","Q","S","K","R","V","D","F","C","G","K","G","Y","H","L","M","S","F","P","Q","S","A","P","H","G","V","V","F","L","H","V","T","Y","V","P","A","Q","E","K","N","F","T","T","A","P","A","I","C","H","D","G","K","A","H","F","P","R","E","G","V","F","V","S","N","G","T","H","W","F","V","T","Q","R","N","F","Y","E","P","Q","I","I","T","T","D","N","T","F","V","S","G","N","C","D","V","V","I","G","I","V","N","N","T","V","Y","D","P","L","Q","P","E","L","D","S","F","K","E","E","L","D","K","Y","F","K","N","H","T","S","P","D","V","D","L","G","D","I","S","G","I","N","A","S","V","V","N","I","Q","K","E","I","D","R","L","N","E","V","A","K","N","L","N","E","S","L","I","D","L","Q","E","L","G","K","Y","E","Q","Y","I","K","W","P","W","Y","I","W","L","G","F","I","A","G","L","I","A","I","V","M","V","T","I","M","L","C","C","M","T","S","C","C","S","C","L","K","G","C","C","S","C","G","S","C","C","K","F","D","E","D","D","S","E","P","V","L","K","G","V","K","L","H","Y","T","---"
"New.hCoV.19.Japan.PG.13096.2020","M","F","V","F","L","V","L","L","P","L","V","S","S","Q","C","V","N","L","T","T","R","T","Q","L","P","P","A","Y","T","N","S","F","T","R","G","V","Y","Y","P","D","K","V","F","R","S","S","V","L","H","S","T","Q","D","L","F","L","P","F","F","S","N","V","T","W","F","H","A","I","H","L","S","G","T","N","G","T","K","R","F","D","N","P","V","L","P","F","N","D","G","V","Y","F","A","S","T","E","K","S","N","I","I","R","G","W","I","F","G","T","T","L","D","S","K","T","Q","S","L","L","I","V","N","N","A","T","N","V","V","I","K","V","C","E","F","Q","F","C","N","D","P","F","L","G","V","Y","Y","H","K","N","N","K","S","W","T","E","S","E","F","R","V","Y","S","S","A","N","N","C","T","F","E","Y","V","S","Q","P","F","L","M","D","L","E","G","K","Q","G","N","F","K","N","L","R","E","F","V","F","K","N","I","D","G","Y","F","K","I","Y","S","K","H","T","P","I","N","L","V","R","D","L","P","Q","G","F","S","A","L","E","P","L","V","D","L","P","I","G","I","N","I","T","R","F","Q","T","L","L","A","L","H","R","S","Y","L","T","P","G","D","S","S","S","G","W","T","A","G","A","A","A","Y","Y","V","G","Y","L","Q","P","R","T","F","L","L","K","Y","N","E","N","G","T","I","T","D","A","V","D","C","A","L","D","P","L","S","E","T","K","C","T","L","K","S","F","T","V","E","K","G","I","Y","Q","T","S","N","F","R","V","Q","P","T","E","S","I","V","R","F","P","N","I","T","N","L","C","P","F","G","E","V","F","N","A","T","R","F","A","S","V","Y","A","W","N","R","K","R","I","S","N","C","V","A","D","Y","S","V","L","Y","N","S","A","S","F","S","T","F","K","C","Y","G","V","S","P","T","K","L","N","D","L","C","F","T","N","V","Y","A","D","S","F","V","I","R","G","D","E","V","R","Q","I","A","P","G","Q","T","G","K","I","A","D","Y","N","Y","K","L","P","D","D","F","T","G","C","V","I","A","W","N","S","N","N","L","D","S","K","V","G","G","N","Y","N","Y","L","Y","R","L","F","R","K","S","N","L","K","P","F","E","R","D","I","S","T","E","I","Y","Q","A","G","S","T","P","C","N","G","V","E","G","F","N","C","Y","F","P","L","Q","S","Y","G","F","Q","P","T","N","G","V","G","Y","Q","P","Y","R","V","V","V","L","S","F","E","L","L","H","A","P","A","T","V","C","G","P","K","K","S","T","N","L","V","K","N","K","C","V","N","F","N","F","N","G","L","T","G","T","G","V","L","T","E","S","N","K","K","F","L","P","F","Q","Q","F","G","R","D","I","A","D","T","T","D","A","V","R","D","P","Q","T","L","E","I","L","D","I","T","P","C","S","F","G","G","V","S","V","I","T","P","G","T","N","T","S","N","Q","V","A","V","L","Y","Q","G","V","N","C","T","E","V","P","V","A","I","H","A","D","Q","L","T","P","T","W","R","V","Y","S","T","G","S","N","V","F","Q","T","R","A","G","C","L","I","G","A","E","H","V","N","N","S","Y","E","C","D","I","P","I","G","A","G","I","C","A","S","Y","Q","T","Q","T","N","S","P","R","R","A","R","S","V","A","S","Q","S","I","I","A","Y","T","M","S","L","G","A","E","N","S","V","A","Y","S","N","N","S","I","A","I","P","T","N","F","T","I","S","V","T","T","E","I","L","P","V","S","M","T","K","T","S","V","D","C","T","M","Y","I","C","G","D","S","T","E","C","S","N","L","L","L","Q","Y","G","S","F","C","T","Q","L","N","R","A","L","T","G","I","A","V","E","Q","D","K","N","T","Q","E","V","F","A","Q","V","K","Q","I","Y","K","T","P","P","I","K","D","F","G","G","F","N","F","S","Q","I","L","P","D","P","S","K","P","S","K","R","S","F","I","E","D","L","L","F","N","K","V","T","L","A","D","A","G","F","I","K","Q","Y","G","D","C","L","G","D","I","A","A","R","D","L","I","C","A","Q","K","F","N","G","L","T","V","L","P","P","L","L","T","D","E","M","I","A","Q","Y","T","S","A","L","L","A","G","T","I","T","S","G","W","T","F","G","A","G","A","A","L","Q","I","P","F","A","M","Q","M","A","Y","R","F","N","G","I","G","V","T","Q","N","V","L","Y","E","N","Q","K","L","I","A","N","Q","F","N","S","A","I","G","K","I","Q","D","S","L","S","S","T","A","S","A","L","G","K","L","Q","D","V","V","N","Q","N","A","Q","A","L","N","T","L","V","K","Q","L","S","S","N","F","G","A","I","S","S","V","L","N","D","I","L","S","R","L","D","K","V","E","A","E","V","Q","I","D","R","L","I","T","G","R","L","Q","S","L","Q","T","Y","V","T","Q","Q","L","I","R","A","A","E","I","R","A","S","A","N","L","A","A","T","K","M","S","E","C","V","L","G","Q","S","K","R","V","D","F","C","G","K","G","Y","H","L","M","S","F","P","Q","S","A","P","H","G","V","V","F","L","H","V","T","Y","V","P","A","Q","E","K","N","F","T","T","A","P","A","I","C","H","D","G","K","A","H","F","P","R","E","G","V","F","V","S","N","G","T","H","W","F","V","T","Q","R","N","F","Y","E","P","Q","I","I","T","T","D","N","T","F","V","S","G","N","C","D","V","V","I","G","I","V","N","N","T","V","Y","D","P","L","Q","P","E","L","D","S","F","K","E","E","L","D","K","Y","F","K","N","H","T","S","P","D","V","D","L","G","D","I","S","G","I","N","A","S","V","V","N","I","Q","K","E","I","D","R","L","N","E","V","A","K","N","L","N","E","S","L","I","D","L","Q","E","L","G","K","Y","E","Q","Y","I","K","W","P","W","Y","I","W","L","G","F","I","A","G","L","I","A","I","V","M","V","T","I","M","L","C","C","M","T","S","C","C","S","C","L","K","G","C","C","S","C","G","S","C","C","K","F","D","E","D","D","S","E","P","V","L","K","G","V","K","L","H","Y","T","---"
"New.hCoV.19.Japan.FK0183.2020","M","F","V","F","L","V","L","L","P","L","V","S","S","Q","C","V","N","L","T","T","R","T","Q","L","P","P","A","Y","T","N","S","F","T","R","G","V","Y","Y","P","D","K","V","F","R","S","S","V","L","H","S","T","Q","D","L","F","L","P","F","F","S","N","V","T","W","F","H","A","I","H","V","S","G","T","N","G","T","K","R","F","D","N","P","V","L","P","F","N","D","G","V","Y","F","A","S","T","E","K","S","N","I","I","R","G","W","I","F","G","T","T","L","D","S","K","T","Q","S","L","L","I","V","N","N","A","T","N","V","V","I","K","V","C","E","F","Q","F","C","N","D","P","F","L","G","V","Y","Y","H","K","N","N","K","S","W","M","E","S","E","F","R","V","Y","S","S","A","N","N","C","T","F","E","Y","V","S","Q","P","F","L","M","D","L","E","G","K","Q","G","N","F","K","N","L","R","E","F","V","F","K","N","I","D","G","Y","F","K","I","Y","S","K","H","T","P","I","N","L","V","R","D","L","P","Q","G","F","S","A","L","E","P","L","V","D","L","P","I","G","I","N","I","T","R","F","Q","T","L","L","A","L","H","R","S","Y","L","T","P","G","D","S","S","S","G","W","T","A","G","A","A","A","Y","Y","V","G","Y","L","Q","P","R","T","F","L","L","K","Y","N","E","N","G","T","I","T","D","A","V","D","C","A","L","D","P","L","S","E","T","K","C","T","L","K","S","F","T","V","E","K","G","I","Y","Q","T","S","N","F","R","V","Q","P","T","E","S","I","V","R","F","P","N","I","T","N","L","C","P","F","G","E","V","F","N","A","T","R","F","A","S","V","Y","A","W","N","R","K","R","I","S","N","C","V","A","D","Y","S","V","L","Y","N","S","A","S","F","S","T","F","K","C","Y","G","V","S","P","T","K","L","N","D","L","C","F","T","N","V","Y","A","D","S","F","V","I","R","G","D","E","V","R","Q","I","A","P","G","Q","T","G","K","I","A","D","Y","N","Y","K","L","P","D","D","F","T","G","C","V","I","A","W","N","S","N","N","L","D","S","K","V","G","G","N","Y","N","Y","L","Y","R","L","F","R","K","S","N","L","K","P","F","E","R","D","I","S","T","E","I","Y","Q","A","G","S","T","P","C","N","G","V","E","G","F","N","C","Y","F","P","L","Q","S","Y","G","F","Q","P","T","N","G","V","G","Y","Q","P","Y","R","V","V","V","L","S","F","E","L","L","H","A","P","A","T","V","C","G","P","K","K","S","T","N","L","V","K","N","K","C","V","N","F","N","F","N","G","L","T","G","T","G","V","L","T","E","S","N","K","K","F","L","P","F","Q","Q","F","G","R","D","I","A","D","T","T","D","A","V","R","D","P","Q","T","L","E","I","L","D","I","T","P","C","S","F","G","G","V","S","V","I","T","P","G","T","N","T","S","N","Q","V","A","V","L","Y","Q","G","V","N","C","T","E","V","P","V","A","I","H","A","D","Q","L","T","P","T","W","R","V","Y","S","T","G","S","N","V","F","Q","T","R","A","G","C","L","I","G","A","E","H","V","N","N","S","Y","E","C","D","I","P","I","G","A","G","I","C","A","S","Y","Q","T","Q","T","N","S","P","R","R","A","R","S","V","A","S","Q","S","I","I","A","Y","T","M","S","L","G","A","E","N","S","V","A","Y","S","N","N","S","I","A","I","P","T","N","F","T","I","S","V","T","T","E","I","L","P","V","S","M","T","K","T","S","V","D","C","T","M","Y","I","C","G","D","S","T","E","C","S","N","L","L","L","Q","Y","G","S","F","C","T","Q","L","N","R","A","L","T","G","I","A","V","E","Q","D","K","N","T","Q","E","V","F","A","Q","V","K","Q","I","Y","K","T","P","P","I","K","D","F","G","G","F","N","F","S","Q","I","L","P","D","P","S","K","P","S","K","R","S","F","I","E","D","L","L","F","N","K","V","T","L","A","D","A","G","F","I","K","Q","Y","G","D","C","L","G","D","I","A","A","R","D","L","I","C","A","Q","K","F","N","G","L","T","V","L","P","P","L","L","T","D","E","M","I","A","Q","Y","T","S","A","L","L","A","G","T","I","T","S","G","W","T","F","G","A","G","A","A","L","Q","I","P","F","A","M","Q","M","A","Y","R","F","N","G","I","G","V","T","Q","N","V","L","Y","E","N","Q","K","L","I","A","N","Q","F","N","S","A","I","G","K","I","Q","D","S","L","S","S","T","A","S","A","L","G","K","L","Q","D","V","V","N","Q","N","A","Q","A","L","N","T","L","V","K","Q","L","S","S","N","F","G","A","I","S","S","V","L","N","D","I","L","S","R","L","D","K","V","E","A","E","V","Q","I","D","R","L","I","T","G","R","L","Q","S","L","Q","T","Y","V","T","Q","Q","L","I","R","A","A","E","I","R","A","S","A","N","L","A","A","T","K","M","S","E","C","V","L","G","Q","S","K","R","V","D","F","C","G","K","G","Y","H","L","M","S","F","P","Q","S","A","P","H","G","V","V","F","L","H","V","T","Y","V","P","A","Q","E","K","N","F","T","T","A","P","A","I","C","H","D","G","K","A","H","F","P","R","E","G","V","F","V","S","N","G","T","H","W","F","V","T","Q","R","N","F","Y","E","P","Q","I","I","T","T","D","N","T","F","V","S","G","N","C","D","V","V","I","G","I","V","N","N","T","V","Y","D","P","L","Q","P","E","L","D","S","F","K","E","E","L","D","K","Y","F","K","N","H","T","S","P","D","V","D","L","G","D","I","S","G","I","N","A","S","V","V","N","I","Q","K","E","I","D","R","L","N","E","V","A","K","N","L","N","E","S","L","I","D","L","Q","E","L","G","K","Y","E","Q","Y","I","K","W","P","W","Y","I","W","L","G","F","I","A","G","L","I","A","I","V","M","V","T","I","M","L","C","C","M","T","S","C","C","S","C","L","K","G","C","C","S","C","G","S","C","C","K","F","D","E","D","D","S","E","P","V","L","K","G","V","K","L","H","Y","T","---"
"New.hCoV.19.Japan.PG.14065.2020","M","F","V","F","L","V","L","L","P","L","V","S","S","Q","C","V","N","L","T","T","R","T","Q","L","P","P","A","Y","T","N","S","F","T","R","G","V","Y","Y","P","D","K","V","F","R","S","S","V","L","H","S","T","Q","D","L","F","L","P","F","F","S","N","V","T","W","F","H","A","I","H","V","S","G","T","N","G","T","K","R","F","D","N","P","V","L","P","F","N","D","G","V","Y","F","A","S","T","E","K","S","N","I","I","R","G","W","I","F","G","T","T","L","D","S","K","T","Q","S","L","L","I","V","N","N","A","T","N","V","V","I","K","V","C","E","F","Q","F","C","N","D","P","F","L","G","V","Y","Y","H","K","N","N","K","S","W","M","E","S","E","F","R","V","Y","S","S","A","N","N","C","T","F","E","Y","V","S","Q","P","F","L","M","D","L","E","G","K","Q","G","N","F","K","N","L","R","E","F","V","F","K","N","I","D","G","Y","F","K","I","Y","S","K","H","T","P","I","N","L","V","R","D","L","P","Q","G","F","S","A","L","E","P","L","V","D","L","P","I","G","I","N","I","T","R","F","Q","T","L","L","A","L","H","R","S","Y","L","T","P","G","D","S","S","S","G","W","T","A","G","A","A","A","Y","Y","V","G","Y","L","Q","P","R","T","F","L","L","K","Y","N","E","N","G","T","I","T","D","A","V","D","C","A","L","D","P","L","S","E","T","K","C","T","L","K","S","F","T","V","E","K","G","I","Y","Q","T","S","N","F","R","V","Q","P","T","E","S","I","V","R","F","P","N","I","T","N","L","C","P","F","G","E","V","F","N","A","T","R","F","A","S","V","Y","A","W","N","R","K","R","I","S","N","C","V","A","D","Y","S","V","L","Y","N","S","A","S","F","S","T","F","K","C","Y","G","V","S","P","T","K","L","N","D","L","C","F","T","N","V","Y","A","D","S","F","V","I","R","G","D","E","V","R","Q","I","A","P","G","Q","T","G","K","I","A","D","Y","N","Y","K","L","P","D","D","F","T","G","C","V","I","A","W","N","S","N","N","L","D","S","K","V","G","G","N","Y","N","Y","L","Y","R","L","F","R","K","S","N","L","K","P","F","E","R","D","I","S","T","E","I","Y","Q","A","G","S","T","P","C","N","G","V","E","G","F","N","C","Y","F","P","L","Q","S","Y","G","F","Q","P","T","N","G","V","G","Y","Q","P","Y","R","V","V","V","L","S","F","E","L","L","H","A","P","A","T","V","C","G","P","K","K","S","T","N","L","V","K","N","K","C","V","N","F","N","F","N","G","L","T","G","T","G","V","L","T","E","S","N","K","K","F","L","P","F","Q","Q","F","G","R","D","I","A","D","T","T","D","A","V","R","D","P","Q","T","L","E","I","L","D","I","T","P","C","S","F","G","G","V","S","V","I","T","P","G","T","N","T","S","N","Q","V","A","V","L","Y","Q","G","V","N","C","T","E","V","P","V","A","I","H","A","D","Q","L","T","P","T","W","R","V","Y","S","T","G","S","N","V","F","Q","T","R","A","G","C","L","I","G","A","E","H","V","N","N","S","Y","E","C","D","I","P","I","G","A","G","I","C","A","S","Y","Q","T","Q","T","N","S","P","R","R","A","R","S","V","A","S","Q","S","I","I","A","Y","T","M","S","L","G","A","E","N","S","V","A","Y","S","N","N","S","I","A","I","P","T","N","F","T","I","S","V","T","T","E","I","L","P","V","S","M","T","K","T","S","V","D","C","T","M","Y","I","C","G","D","S","T","E","C","S","N","L","L","L","Q","Y","G","S","F","C","T","Q","L","N","R","A","L","T","G","I","A","V","E","Q","D","K","N","T","Q","E","V","F","A","Q","V","K","Q","I","Y","K","T","P","P","I","K","D","F","G","G","F","N","F","S","Q","I","L","P","D","P","S","K","P","S","K","R","S","F","I","E","D","L","L","F","N","K","V","T","L","A","D","A","G","F","I","K","Q","Y","G","D","C","L","G","D","I","A","A","R","D","L","I","C","A","Q","K","F","N","G","L","T","V","L","P","P","L","L","T","D","E","M","I","A","Q","Y","T","S","A","L","L","A","G","T","I","T","S","G","W","T","F","G","A","G","A","A","L","Q","I","P","F","A","M","Q","M","A","Y","R","F","N","G","I","G","V","T","Q","N","V","L","Y","E","N","Q","K","L","I","A","N","Q","F","N","S","A","I","G","K","I","Q","D","S","L","S","S","T","A","S","A","L","G","K","L","Q","D","V","V","N","Q","N","A","Q","A","L","N","T","L","V","K","Q","L","S","S","N","F","G","A","I","S","S","V","L","N","D","I","L","S","R","L","D","K","V","E","A","E","V","Q","I","D","R","L","I","T","G","R","L","Q","S","L","Q","T","Y","V","T","Q","Q","L","I","R","A","A","E","I","R","A","S","A","N","L","A","A","T","K","M","S","E","C","V","L","G","Q","S","K","R","V","D","F","C","G","K","G","Y","H","L","M","S","F","P","Q","S","A","P","H","G","V","V","F","L","H","V","T","Y","V","S","A","Q","E","K","N","F","T","T","A","P","A","I","C","H","D","G","K","A","H","F","P","R","E","G","V","F","V","S","N","G","T","H","W","F","V","T","Q","R","N","F","Y","E","P","Q","I","I","T","T","D","N","T","F","V","S","G","N","C","D","V","V","I","G","I","V","N","N","T","V","Y","D","P","L","Q","P","E","L","D","S","F","K","E","E","L","D","K","Y","F","K","N","H","T","S","P","D","V","D","L","G","D","I","S","G","I","N","A","S","V","V","N","I","Q","K","E","I","D","R","L","N","E","V","A","K","N","L","N","E","S","L","I","D","L","Q","E","L","G","K","Y","E","Q","Y","I","K","W","P","W","Y","I","W","L","G","F","I","A","G","L","I","A","I","V","M","V","T","I","M","L","C","C","M","T","S","C","C","S","C","L","K","G","C","C","S","C","G","S","C","C","K","F","D","E","D","D","S","E","P","V","L","K","G","V","K","L","H","Y","T","---"
"New.hCoV.19.Japan.PG.14480.2020","M","F","V","F","L","V","L","L","P","L","V","S","S","Q","C","V","N","L","T","T","R","T","Q","L","P","P","A","Y","T","N","S","F","T","R","G","V","Y","Y","P","D","K","V","F","R","S","S","V","L","H","S","T","Q","D","L","F","L","P","F","F","S","N","V","T","W","F","H","A","I","H","V","S","G","T","N","G","T","K","R","F","D","N","P","V","L","P","F","N","D","G","V","Y","F","A","S","T","E","K","S","N","I","I","R","G","W","I","F","G","T","T","L","D","S","K","T","Q","S","L","L","I","V","N","N","A","T","N","V","V","I","K","V","C","E","F","Q","F","C","N","D","P","F","L","G","V","Y","Y","H","K","N","N","K","S","W","M","E","S","E","F","R","V","Y","S","S","A","N","N","C","T","F","E","Y","V","S","Q","P","F","L","M","D","L","E","G","K","Q","G","N","F","K","N","L","R","E","F","V","F","K","N","I","D","G","Y","F","K","I","Y","S","K","H","T","P","I","N","L","V","R","D","L","P","Q","G","F","S","A","L","E","P","L","V","D","L","P","I","G","I","N","I","T","R","F","Q","T","L","L","A","L","H","R","S","Y","L","T","P","G","D","S","S","S","G","W","T","A","G","A","A","A","Y","Y","V","G","Y","L","Q","P","R","T","F","L","L","K","Y","N","E","N","G","T","I","T","D","A","V","D","C","A","L","D","P","L","S","E","T","K","C","T","L","K","S","F","T","V","E","K","G","I","Y","Q","T","S","N","F","R","V","Q","P","T","E","S","I","V","R","F","P","N","I","T","N","L","C","P","F","G","E","V","F","N","A","T","R","F","A","S","V","Y","A","W","N","R","K","R","I","S","N","C","V","A","D","Y","S","V","L","Y","N","S","A","S","F","S","T","F","K","C","Y","G","V","S","P","T","K","L","N","D","L","C","F","T","N","V","Y","A","D","S","F","V","I","R","G","D","E","V","R","Q","I","A","P","G","Q","T","G","K","I","A","D","Y","N","Y","K","L","P","D","D","F","T","G","C","V","I","A","W","N","S","N","N","L","D","S","K","V","G","G","N","Y","N","Y","L","Y","R","L","F","R","K","S","N","L","K","P","F","E","R","D","I","S","T","E","I","Y","Q","A","G","S","T","P","C","N","G","V","E","G","F","N","C","Y","F","P","L","Q","S","Y","G","F","Q","P","T","N","G","V","G","Y","Q","P","Y","R","V","V","V","L","S","F","E","L","L","H","A","P","A","T","V","C","G","P","K","K","S","T","N","L","V","K","N","K","C","V","N","F","N","F","N","G","L","T","G","T","G","V","L","T","E","S","N","K","K","F","L","P","F","Q","Q","F","G","R","D","I","A","D","T","T","D","A","V","R","D","P","Q","T","L","E","I","L","D","I","T","P","C","S","F","G","G","V","S","V","I","T","P","G","T","N","T","S","N","Q","V","A","V","L","Y","Q","G","V","N","C","T","E","V","P","V","A","I","H","A","D","Q","L","T","P","T","W","R","V","Y","S","T","G","S","N","V","F","Q","T","R","A","G","C","L","I","G","A","E","H","V","N","N","S","Y","E","C","D","I","P","I","G","A","G","I","C","A","S","Y","Q","T","Q","T","N","S","P","R","R","A","R","S","V","A","S","Q","S","I","I","A","Y","T","M","S","L","G","A","E","N","S","V","A","Y","S","N","N","S","I","A","I","P","T","N","F","T","I","S","V","T","T","E","I","L","P","V","S","M","T","K","T","S","V","D","C","T","M","Y","I","C","G","D","S","T","E","C","S","N","L","L","L","Q","Y","G","S","F","C","T","Q","L","N","R","A","L","T","G","I","A","V","E","Q","D","K","N","T","Q","E","V","F","A","Q","V","K","Q","I","Y","K","T","P","P","I","K","D","F","G","G","F","N","F","S","Q","I","L","P","D","P","S","K","P","S","K","R","S","F","I","E","D","L","L","F","N","K","V","T","L","A","D","A","G","F","I","K","Q","Y","G","D","C","L","G","D","I","A","A","R","D","L","I","C","A","Q","K","F","N","G","L","T","V","L","P","P","L","L","T","D","E","M","I","A","Q","Y","T","S","A","L","L","A","G","T","I","T","S","G","W","T","F","G","A","G","A","A","L","Q","I","P","F","A","M","Q","M","A","Y","R","F","N","G","I","G","V","T","Q","N","V","L","Y","E","N","Q","K","L","I","A","N","Q","F","N","S","A","I","G","K","I","Q","D","S","L","S","S","T","A","S","A","L","G","K","L","Q","D","V","V","N","Q","N","A","Q","A","L","N","T","L","V","K","Q","L","S","S","N","F","G","A","I","S","S","V","L","N","D","I","L","S","R","L","D","K","V","E","A","E","V","Q","I","D","R","L","I","T","G","R","L","Q","S","L","Q","T","Y","V","T","Q","Q","L","I","R","A","A","E","I","R","A","S","A","N","L","A","A","T","K","M","S","E","C","V","L","G","Q","S","K","R","V","D","F","C","G","K","G","Y","H","L","M","S","F","P","Q","S","A","P","H","G","V","V","F","L","H","V","T","Y","V","P","A","Q","E","K","N","F","T","T","A","P","A","I","C","H","D","G","K","A","H","F","P","R","E","G","V","F","V","S","N","G","T","H","W","F","V","T","Q","R","N","F","Y","E","P","Q","I","I","T","T","D","N","T","F","V","S","G","N","C","D","V","V","I","G","I","V","N","N","T","V","Y","D","P","L","Q","P","E","L","D","S","F","K","E","E","L","D","K","Y","F","K","N","H","T","S","P","D","V","D","L","G","D","I","S","G","I","N","A","S","V","V","N","I","Q","K","E","I","D","R","L","N","E","V","A","K","N","L","N","E","S","L","I","D","L","Q","E","L","G","K","Y","E","Q","Y","I","K","W","P","W","Y","I","W","L","G","F","I","A","G","L","I","A","I","V","M","V","T","I","M","L","C","C","M","T","S","C","C","S","C","L","K","G","C","C","S","C","G","S","C","C","K","F","D","E","D","D","S","E","P","V","L","K","G","V","K","L","H","Y","T","---"
"New.hCoV.19.Japan.PG.12206.2020","M","F","V","F","L","V","L","L","P","L","V","S","S","Q","C","V","N","L","T","T","R","T","Q","L","P","P","A","Y","T","N","S","F","T","R","G","V","Y","Y","P","D","K","V","F","R","S","S","V","L","H","S","T","Q","D","L","F","L","P","F","F","S","N","V","T","W","F","H","A","I","H","V","S","G","T","N","G","T","K","R","F","D","N","P","V","L","P","F","N","D","G","V","Y","F","A","S","T","E","K","S","N","I","I","R","G","W","I","F","G","T","T","L","D","S","K","T","Q","S","L","L","I","V","N","N","A","T","N","V","V","I","K","V","C","E","F","Q","F","C","N","D","P","F","L","G","V","Y","Y","H","K","N","N","K","S","W","M","E","S","E","F","R","V","Y","S","S","A","N","N","C","T","F","E","Y","V","S","Q","P","F","L","M","D","L","E","G","K","Q","G","N","F","K","N","L","R","E","F","V","F","K","N","I","D","G","Y","F","K","I","Y","S","K","H","T","P","I","N","L","V","R","D","L","P","Q","G","F","S","A","L","E","P","L","V","D","L","P","I","G","I","N","I","T","R","F","Q","T","L","L","A","L","H","R","S","Y","L","T","P","G","D","S","S","S","G","W","T","A","G","A","A","A","Y","Y","V","G","Y","L","Q","P","R","T","F","L","L","K","Y","N","E","N","G","T","I","T","D","A","V","D","C","A","L","D","P","L","S","E","T","K","C","T","L","K","S","F","T","V","E","K","G","I","Y","Q","T","S","N","F","R","V","Q","P","T","E","S","I","V","R","F","P","N","I","T","N","L","C","P","F","G","E","V","F","N","A","T","R","F","A","S","V","Y","A","W","N","R","K","R","I","S","N","C","V","A","D","Y","S","V","L","Y","N","S","A","S","F","S","T","F","K","C","Y","G","V","S","P","T","K","L","N","D","L","C","F","T","N","V","Y","A","D","S","F","V","I","R","G","D","E","V","R","Q","I","A","P","G","Q","T","G","K","I","A","D","Y","N","Y","K","L","P","D","D","F","T","G","C","V","I","A","W","N","S","N","N","L","D","S","K","V","G","G","N","Y","N","Y","L","Y","R","L","F","R","K","S","N","L","K","P","F","E","R","D","I","S","T","E","I","Y","Q","A","G","S","T","P","C","N","G","V","E","G","F","N","C","Y","F","P","L","Q","S","Y","G","F","Q","P","T","N","G","V","G","Y","Q","P","Y","R","V","V","V","L","S","F","E","L","L","H","A","P","A","T","V","C","G","P","K","K","S","T","N","L","V","K","N","K","C","V","N","F","N","F","N","G","L","T","G","T","G","V","L","T","E","S","N","K","K","F","L","P","F","Q","Q","F","G","R","D","I","A","D","T","T","D","A","V","R","D","P","Q","T","L","E","I","L","D","I","T","P","C","S","F","G","G","V","S","V","I","T","P","G","T","N","T","S","N","Q","V","A","V","L","Y","Q","G","V","N","C","T","E","V","P","V","A","I","H","A","D","Q","L","T","P","T","W","R","V","Y","S","T","G","S","N","V","F","Q","T","R","A","G","C","L","I","G","A","E","H","V","N","N","S","Y","E","C","D","I","P","I","G","A","G","I","C","A","S","Y","H","T","Q","T","N","S","P","R","R","A","R","S","V","A","S","Q","S","I","I","A","Y","T","M","S","L","G","A","E","N","S","V","A","Y","S","N","N","S","I","A","I","P","T","N","F","T","I","S","V","T","T","E","I","L","P","V","S","M","T","K","T","S","V","D","C","T","M","Y","I","C","G","D","S","T","E","C","S","N","L","L","L","Q","Y","G","S","F","C","T","Q","L","N","R","A","L","T","G","I","A","V","E","Q","D","K","N","T","Q","E","V","F","A","Q","V","K","Q","I","Y","K","T","P","P","I","K","D","F","G","G","F","N","F","S","Q","I","L","P","D","P","S","K","P","S","K","R","S","F","I","E","D","L","L","F","N","K","V","T","L","A","D","A","G","F","I","K","Q","Y","G","D","C","L","G","D","I","A","A","R","D","L","I","C","A","Q","K","F","N","G","L","T","V","L","P","P","L","L","T","D","E","M","I","A","Q","Y","T","S","A","L","L","A","G","T","I","T","S","G","W","T","F","G","A","G","A","A","L","Q","I","P","F","A","M","Q","M","A","Y","R","F","N","G","I","G","V","T","Q","N","V","L","Y","E","N","Q","K","L","I","A","N","Q","F","N","S","A","I","G","K","I","Q","D","S","L","S","S","T","A","S","A","L","G","K","L","Q","D","V","V","N","Q","N","A","Q","A","L","N","T","L","V","K","Q","L","S","S","N","F","G","A","I","S","S","V","L","N","D","I","L","S","R","L","D","K","V","E","A","E","V","Q","I","D","R","L","I","T","G","R","L","Q","S","L","Q","T","Y","V","T","Q","Q","L","I","R","A","A","E","I","R","A","S","A","N","L","A","A","T","K","M","S","E","C","V","L","G","Q","S","K","R","V","D","F","C","G","K","G","Y","H","L","M","S","F","P","Q","S","A","P","H","G","V","V","F","L","H","V","T","Y","V","P","A","Q","E","K","N","F","T","T","A","P","A","I","C","H","D","G","K","A","H","F","P","R","E","G","V","F","V","S","N","G","T","H","W","F","V","T","Q","R","N","F","Y","E","P","Q","I","I","T","T","D","N","T","F","V","S","G","N","C","D","V","V","I","G","I","V","N","N","T","V","Y","D","P","L","Q","P","E","L","D","S","F","K","E","E","L","D","K","Y","F","K","N","H","T","S","P","D","V","D","L","G","D","I","S","G","I","N","A","S","V","V","N","I","Q","K","E","I","D","R","L","N","E","V","A","K","N","L","N","E","S","L","I","D","L","Q","E","L","G","K","Y","E","Q","Y","I","K","W","P","W","Y","I","W","L","G","F","I","A","G","L","I","A","I","V","M","V","T","I","M","L","C","C","M","T","S","C","C","S","C","L","K","G","C","C","S","C","G","S","C","C","K","F","D","E","D","D","S","E","P","V","L","K","G","V","K","L","H","Y","T","---"
"New.hCoV.19.Japan.PG.12698.2020","M","F","V","F","L","V","L","L","P","L","V","S","S","Q","C","V","N","L","T","T","R","T","Q","L","P","P","A","Y","T","N","S","F","T","R","G","V","Y","Y","P","D","K","V","F","R","S","S","V","L","H","S","T","Q","D","L","F","L","P","F","F","S","N","V","T","W","F","H","A","I","H","V","S","G","T","N","G","T","K","R","F","D","N","P","V","L","P","F","N","D","G","V","Y","F","A","S","T","E","K","S","N","I","I","R","G","W","I","F","G","T","T","L","D","S","K","T","Q","S","L","L","I","V","N","N","A","T","N","V","V","I","K","V","C","E","F","Q","F","C","N","D","P","F","L","G","V","Y","Y","H","K","N","N","K","S","W","M","E","S","E","F","R","V","Y","S","S","A","N","N","C","T","F","E","Y","V","S","Q","P","F","L","M","D","L","E","G","K","Q","G","N","F","K","N","L","R","E","F","V","F","K","N","I","D","G","Y","F","K","I","Y","S","K","H","T","P","I","N","L","V","R","D","L","P","Q","G","F","S","A","L","E","P","L","V","D","L","P","I","G","I","N","I","T","R","F","Q","T","L","L","A","L","H","R","S","Y","L","T","P","G","D","S","S","S","G","W","T","A","G","A","A","A","Y","Y","V","G","Y","L","Q","P","R","T","F","L","L","K","Y","N","E","N","G","T","I","T","D","A","V","D","C","A","L","D","P","L","S","E","T","K","C","T","L","K","S","F","T","V","E","K","G","I","Y","Q","T","S","N","F","R","V","Q","P","T","E","S","I","V","R","F","P","N","I","T","N","L","C","P","F","G","E","V","F","N","A","T","R","F","A","S","V","Y","A","W","N","R","K","R","I","S","N","C","V","A","D","Y","S","V","L","Y","N","S","A","S","F","S","T","F","K","C","Y","G","V","S","P","T","K","L","N","D","L","C","F","T","N","V","Y","A","D","S","F","V","I","R","G","D","E","V","R","Q","I","A","P","G","Q","T","G","K","I","A","D","Y","N","Y","K","L","P","D","D","F","T","G","C","V","I","A","W","N","S","N","N","L","D","S","K","V","G","G","N","Y","N","Y","L","Y","R","L","F","R","K","S","N","L","K","P","F","E","R","D","I","S","T","E","I","Y","Q","A","G","S","T","P","C","N","G","V","E","G","F","N","C","Y","F","P","L","Q","S","Y","G","F","Q","P","T","N","G","V","G","Y","Q","P","Y","R","V","V","V","L","S","F","E","L","L","H","A","P","A","T","V","C","G","P","K","K","S","T","N","L","V","K","N","K","C","V","N","F","N","F","N","G","L","T","G","T","G","V","L","T","E","S","N","K","K","F","L","P","F","Q","Q","F","G","R","D","I","A","D","T","T","D","A","V","R","D","P","Q","T","L","E","I","L","D","I","T","P","C","S","F","G","G","V","S","V","I","T","P","G","T","N","T","S","N","Q","V","A","V","L","Y","Q","G","V","N","C","T","E","V","P","V","A","I","H","A","D","Q","L","T","P","T","W","R","V","Y","S","T","G","S","N","V","F","Q","T","R","A","G","C","L","I","G","A","E","H","V","N","N","S","Y","E","C","D","I","P","I","G","A","G","I","C","A","S","Y","H","T","Q","T","N","S","P","R","R","A","R","S","V","A","S","Q","S","I","I","A","Y","T","M","S","L","G","A","E","N","S","V","A","Y","S","N","N","S","I","A","I","P","T","N","F","T","I","S","V","T","T","E","I","L","P","V","S","M","T","K","T","S","V","D","C","T","M","Y","I","C","G","D","S","T","E","C","S","N","L","L","L","Q","Y","G","S","F","C","T","Q","L","N","R","A","L","T","G","I","A","V","E","Q","D","K","N","T","Q","E","V","F","A","Q","V","K","Q","I","Y","K","T","P","P","I","K","D","F","G","G","F","N","F","S","Q","I","L","P","D","P","S","K","P","S","K","R","S","F","I","E","D","L","L","F","N","K","V","T","L","A","D","A","G","F","I","K","Q","Y","G","D","C","L","G","D","I","A","A","R","D","L","I","C","A","Q","K","F","N","G","L","T","V","L","P","P","L","L","T","D","E","M","I","A","Q","Y","T","S","A","L","L","A","G","T","I","T","S","G","W","T","F","G","A","G","A","A","L","Q","I","P","F","A","M","Q","M","A","Y","R","F","N","G","I","G","V","T","Q","N","V","L","Y","E","N","Q","K","L","I","A","N","Q","F","N","S","A","I","G","K","I","Q","D","S","L","S","S","T","A","S","A","L","G","K","L","Q","D","V","V","N","Q","N","A","Q","A","L","N","T","L","V","K","Q","L","S","S","N","F","G","A","I","S","S","V","L","N","D","I","L","S","R","L","D","K","V","E","A","E","V","Q","I","D","R","L","I","T","G","R","L","Q","S","L","Q","T","Y","V","T","Q","Q","L","I","R","A","A","E","I","R","A","S","A","N","L","A","A","T","K","M","S","E","C","V","L","G","Q","S","K","R","V","D","F","C","G","K","G","Y","H","L","M","S","F","P","Q","S","A","P","H","G","V","V","F","L","H","V","T","Y","V","P","A","Q","E","K","N","F","T","T","A","P","A","I","C","H","D","G","K","A","H","F","P","R","E","G","V","F","V","S","N","G","T","H","W","F","V","T","Q","R","N","F","Y","E","P","Q","I","I","T","T","D","N","T","F","V","S","G","N","C","D","V","V","I","G","I","V","N","N","T","V","Y","D","P","L","Q","P","E","L","D","S","F","K","E","E","L","D","K","Y","F","K","N","H","T","S","P","D","V","D","L","G","D","I","S","G","I","N","A","S","V","V","N","I","Q","K","E","I","D","R","L","N","E","V","A","K","N","L","N","E","S","L","I","D","L","Q","E","L","G","K","Y","E","Q","Y","I","K","W","P","W","Y","I","W","L","G","F","I","A","G","L","I","A","I","V","M","V","T","I","M","L","C","C","M","T","S","C","C","S","C","L","K","G","C","C","S","C","G","S","C","C","K","F","D","E","D","D","S","E","P","V","L","K","G","V","K","L","H","Y","T","---"
"New.hCoV.19.Japan.PG.11793.2020","M","F","V","F","L","V","L","L","P","L","V","S","S","Q","C","V","N","L","T","T","R","T","Q","L","P","P","A","Y","T","N","S","F","T","R","G","V","Y","Y","P","D","K","V","F","R","S","S","V","L","H","S","T","Q","D","L","F","L","P","F","F","S","N","V","T","W","F","H","A","I","H","V","S","G","T","N","G","T","K","R","F","D","N","P","V","L","P","F","N","D","G","V","Y","F","A","S","T","E","K","S","N","I","I","R","G","W","I","F","G","T","T","L","D","S","K","T","Q","S","L","L","I","V","N","N","A","T","N","V","V","I","K","V","C","E","F","Q","F","C","N","D","P","F","L","G","V","Y","Y","H","K","N","N","K","S","W","M","E","S","E","F","R","V","Y","S","S","A","N","N","C","T","F","E","Y","V","S","Q","P","F","L","M","D","L","E","G","K","Q","G","N","F","K","N","L","R","E","F","V","F","K","N","I","D","G","Y","F","K","I","Y","S","K","H","T","P","I","N","L","V","R","D","L","P","Q","G","F","S","A","L","E","P","L","V","D","L","P","I","G","I","N","I","T","R","F","Q","T","L","L","A","L","H","R","S","Y","L","T","P","G","D","S","S","S","G","W","T","A","G","A","A","A","Y","Y","V","G","Y","L","Q","P","R","T","F","L","L","K","Y","N","E","N","G","T","I","T","D","A","V","D","C","A","L","D","P","L","S","E","T","K","C","T","L","K","S","F","T","V","E","K","G","I","Y","Q","T","S","N","F","R","V","Q","P","T","E","S","I","V","R","F","P","N","I","T","N","L","C","P","F","G","E","V","F","N","A","T","R","F","A","S","V","Y","A","W","N","R","K","R","I","S","N","C","V","A","D","Y","S","V","L","Y","N","S","A","S","F","S","T","F","K","C","Y","G","V","S","P","T","K","L","N","D","L","C","F","T","N","V","Y","A","D","S","F","V","I","R","G","D","E","V","R","Q","I","A","P","G","Q","T","G","K","I","A","D","Y","N","Y","K","L","P","D","D","F","T","G","C","V","I","A","W","N","S","N","N","L","D","S","K","V","G","G","N","Y","N","Y","L","Y","R","L","F","R","K","S","N","L","K","P","F","E","R","D","I","S","T","E","I","Y","Q","A","G","S","T","P","C","N","G","V","E","G","F","N","C","Y","F","P","L","Q","S","Y","G","F","Q","P","T","N","G","V","G","Y","Q","P","Y","R","V","V","V","L","S","F","E","L","L","H","A","P","A","T","V","C","G","P","K","K","S","T","N","L","V","K","N","K","C","V","N","F","N","F","N","G","L","T","G","T","G","V","L","T","E","S","N","K","K","F","L","P","F","Q","Q","F","G","R","D","I","A","D","T","T","D","A","V","R","D","P","Q","T","L","E","I","L","D","I","T","P","C","S","F","G","G","V","S","V","I","T","P","G","T","N","T","S","N","Q","V","A","V","L","Y","Q","G","V","N","C","T","E","V","P","V","A","I","H","A","D","Q","L","T","P","T","W","R","V","Y","S","T","G","S","N","V","F","Q","T","R","A","G","C","L","I","G","A","E","H","V","N","N","S","Y","E","C","D","I","P","I","G","A","G","I","C","A","S","Y","H","T","Q","T","N","S","P","R","R","A","R","S","V","A","S","Q","S","I","I","A","Y","T","M","S","L","G","A","E","N","S","V","A","Y","S","N","N","S","I","A","I","P","T","N","F","T","I","S","V","T","T","E","I","L","P","V","S","M","T","K","T","S","V","D","C","T","M","Y","I","C","G","D","S","T","E","C","S","N","L","L","L","Q","Y","G","S","F","C","T","Q","L","N","R","A","L","T","G","I","A","V","E","Q","D","K","N","T","Q","E","V","F","A","Q","V","K","Q","I","Y","K","T","P","P","I","K","D","F","G","G","F","N","F","S","Q","I","L","P","D","P","S","K","P","S","K","R","S","F","I","E","D","L","L","F","N","K","V","T","L","A","D","A","G","F","I","K","Q","Y","G","D","C","L","G","D","I","A","A","R","D","L","I","C","A","Q","K","F","N","G","L","T","V","L","P","P","L","L","T","D","E","M","I","A","Q","Y","T","S","A","L","L","A","G","T","I","T","S","G","W","T","F","G","A","G","A","A","L","Q","I","P","F","A","M","Q","M","A","Y","R","F","N","G","I","G","V","T","Q","N","V","L","Y","E","N","Q","K","L","I","A","N","Q","F","N","S","A","I","G","K","I","Q","D","S","L","S","S","T","A","S","A","L","G","K","L","Q","D","V","V","N","Q","N","A","Q","A","L","N","T","L","V","K","Q","L","S","S","N","F","G","A","I","S","S","V","L","N","D","I","L","S","R","L","D","K","V","E","A","E","V","Q","I","D","R","L","I","T","G","R","L","Q","S","L","Q","T","Y","V","T","Q","Q","L","I","R","A","A","E","I","R","A","S","A","N","L","A","A","T","K","M","S","E","C","V","L","G","Q","S","K","R","V","D","F","C","G","K","G","Y","H","L","M","S","F","P","Q","S","A","P","H","G","V","V","F","L","H","V","T","Y","V","P","A","Q","E","K","N","F","T","T","A","P","A","I","C","H","D","G","K","A","H","F","P","R","E","G","V","F","V","S","N","G","T","H","W","F","V","T","Q","R","N","F","Y","E","P","Q","I","I","T","T","D","N","T","F","V","S","G","N","C","D","V","V","I","G","I","V","N","N","T","V","Y","D","P","L","Q","P","E","L","D","S","F","K","E","E","L","D","K","Y","F","K","N","H","T","S","P","D","V","D","L","G","D","I","S","G","I","N","A","S","V","V","N","I","Q","K","E","I","D","R","L","N","E","V","A","K","N","L","N","E","S","L","I","D","L","Q","E","L","G","K","Y","E","Q","Y","I","K","W","P","W","Y","I","W","L","G","F","I","A","G","L","I","A","I","V","M","V","T","I","M","L","C","C","M","T","S","C","C","S","C","L","K","G","C","C","S","C","G","S","C","C","K","F","D","E","D","D","S","E","P","V","L","K","G","V","K","L","H","Y","T","---"
"New.hCoV.19.Japan.PG.17291.2020","M","F","V","F","L","V","L","L","P","L","V","S","S","Q","C","V","N","L","T","T","R","T","Q","L","P","P","A","Y","T","N","S","F","T","R","G","V","Y","Y","P","D","K","V","F","R","S","S","V","L","H","S","T","Q","D","L","F","L","P","F","F","S","N","V","T","W","F","H","A","I","H","V","S","G","T","N","G","T","K","R","F","D","N","P","V","L","P","F","N","D","G","V","Y","F","A","S","T","E","K","S","N","I","I","R","G","W","I","F","G","T","T","L","D","S","K","T","Q","S","L","L","I","V","N","N","A","T","N","V","V","I","K","V","C","E","F","Q","F","C","N","D","P","F","L","G","V","Y","Y","H","K","N","N","K","S","W","M","E","S","E","F","R","V","Y","S","S","A","N","N","C","T","F","E","Y","V","S","Q","P","F","L","M","D","L","E","G","K","Q","G","N","F","K","N","L","R","E","F","V","F","K","N","I","D","G","Y","F","K","I","Y","S","K","H","T","P","I","N","L","V","R","D","L","P","Q","G","F","S","A","L","E","P","L","V","D","L","P","I","G","I","N","I","T","R","F","Q","T","L","L","A","L","H","R","S","Y","L","T","P","G","D","S","S","S","G","W","T","A","G","A","A","A","Y","Y","V","G","Y","L","Q","P","R","T","F","L","L","K","Y","N","E","N","G","T","I","T","D","A","V","D","C","A","L","D","P","L","S","E","T","K","C","T","L","K","S","F","T","V","E","K","G","I","Y","Q","T","S","N","F","R","V","Q","P","T","E","S","I","V","R","F","P","N","I","T","N","L","C","P","F","G","E","V","F","N","A","T","R","F","A","S","V","Y","A","W","N","R","K","R","I","S","N","C","V","A","D","Y","S","V","L","Y","N","S","A","S","F","S","T","F","K","C","Y","G","V","S","P","T","K","L","N","D","L","C","F","T","N","V","Y","A","D","S","F","V","I","R","G","D","E","V","R","Q","I","A","P","G","Q","T","G","K","I","A","D","Y","N","Y","K","L","P","D","D","F","T","G","C","V","I","A","W","N","S","N","N","L","D","S","K","V","G","G","N","Y","N","Y","L","Y","R","L","F","R","K","S","N","L","K","P","F","E","R","D","I","S","T","E","I","Y","Q","A","G","S","T","P","C","N","G","V","E","G","F","N","C","Y","F","P","L","Q","S","Y","G","F","Q","P","T","N","G","V","G","Y","Q","P","Y","R","V","V","V","L","S","F","E","L","L","H","A","P","A","T","V","C","G","P","K","K","S","T","N","L","V","K","N","K","C","V","N","F","N","F","N","G","L","T","G","T","G","V","L","T","E","S","N","K","K","F","L","P","F","Q","Q","F","G","R","D","I","A","D","T","T","D","A","V","R","D","P","Q","T","L","E","I","L","D","I","T","P","C","S","F","G","G","V","S","V","I","T","P","G","T","N","T","S","N","Q","V","A","V","L","Y","Q","G","V","N","C","T","E","V","P","V","A","I","H","A","D","Q","L","T","P","T","W","R","V","Y","S","T","G","S","N","V","F","Q","T","R","A","G","C","L","I","G","A","E","H","V","N","N","S","Y","E","C","D","I","P","I","G","A","G","I","C","A","S","Y","H","T","Q","T","N","S","P","R","R","A","R","S","V","A","S","Q","S","I","I","A","Y","T","M","S","L","G","A","E","N","S","V","A","Y","S","N","N","S","I","A","I","P","T","N","F","T","I","S","V","T","T","E","I","L","P","V","S","M","T","K","T","S","V","D","C","T","M","Y","I","C","G","D","S","T","E","C","S","N","L","L","L","Q","Y","G","S","F","C","T","Q","L","N","R","A","L","T","G","I","A","V","E","Q","D","K","N","T","Q","E","V","F","A","Q","V","K","Q","I","Y","K","T","P","P","I","K","D","F","G","G","F","N","F","S","Q","I","L","P","D","P","S","K","P","S","K","R","S","F","I","E","D","L","L","F","N","K","V","T","L","A","D","A","G","F","I","K","Q","Y","G","D","C","L","G","D","I","A","A","R","D","L","I","C","A","Q","K","F","N","G","L","T","V","L","P","P","L","L","T","D","E","M","I","A","Q","Y","T","S","A","L","L","A","G","T","I","T","S","G","W","T","F","G","A","G","A","A","L","Q","I","P","F","A","M","Q","M","A","Y","R","F","N","G","I","G","V","T","Q","N","V","L","Y","E","N","Q","K","L","I","A","N","Q","F","N","S","A","I","G","K","I","Q","D","S","L","S","S","T","A","S","A","L","G","K","L","Q","D","V","V","N","Q","N","A","Q","A","L","N","T","L","V","K","Q","L","S","S","N","F","G","A","I","S","S","V","L","N","D","I","L","S","R","L","D","K","V","E","A","E","V","Q","I","D","R","L","I","T","G","R","L","Q","S","L","Q","T","Y","V","T","Q","Q","L","I","R","A","A","E","I","R","A","S","A","N","L","A","A","T","K","M","S","E","C","V","L","G","Q","S","K","R","V","D","F","C","G","K","G","Y","H","L","M","S","F","P","Q","S","A","P","H","G","V","V","F","L","H","V","T","Y","V","P","A","Q","E","K","N","F","T","T","A","P","A","I","C","H","D","G","K","A","H","F","P","R","E","G","V","F","V","S","N","G","T","H","W","F","V","T","Q","R","N","F","Y","E","P","Q","I","I","T","T","D","N","T","F","V","S","G","N","C","D","V","V","I","G","I","V","N","N","T","V","Y","D","P","L","Q","P","E","L","D","S","F","K","E","E","L","D","K","Y","F","K","N","H","T","S","P","D","V","D","L","G","D","I","S","G","I","N","A","S","V","V","N","I","Q","K","E","I","D","R","L","N","E","V","A","K","N","L","N","E","S","L","I","D","L","Q","E","L","G","K","Y","E","Q","Y","I","K","W","P","W","Y","I","W","L","G","F","I","A","G","L","I","A","I","V","M","V","T","I","M","L","C","C","M","T","S","C","C","S","C","L","K","G","C","C","S","C","G","S","C","C","K","F","D","E","D","D","S","E","P","V","L","K","G","V","K","L","H","Y","T","---"
"New.hCoV.19.Japan.PG.14073.2020","M","F","V","F","L","V","L","L","P","L","V","S","S","Q","C","V","N","L","T","T","R","T","Q","L","P","P","A","Y","T","N","S","F","T","R","G","V","Y","Y","P","D","K","V","F","R","S","S","V","L","H","S","T","Q","D","L","F","L","P","F","F","S","N","V","T","W","F","H","A","I","H","V","S","G","T","N","G","T","K","R","F","D","N","P","V","L","P","F","N","D","G","V","Y","F","A","S","T","E","K","S","N","I","I","R","G","W","I","F","G","T","T","L","D","S","K","T","Q","S","L","L","I","V","N","N","A","T","N","V","V","I","K","V","C","E","F","Q","F","C","N","D","P","F","L","G","V","Y","Y","H","K","N","N","K","S","W","M","E","S","E","F","R","V","Y","S","S","A","N","N","C","T","F","E","Y","V","S","Q","P","F","L","M","D","L","E","G","K","Q","G","N","F","K","N","L","R","E","F","V","F","K","N","I","D","G","Y","F","K","I","Y","S","K","H","T","P","I","N","L","V","R","D","L","P","Q","G","F","S","A","L","E","P","L","V","D","L","P","I","G","I","N","I","T","R","F","Q","T","L","L","A","L","H","R","S","Y","L","T","P","G","D","S","S","S","G","W","T","A","G","A","A","A","Y","Y","V","G","Y","L","Q","P","R","T","F","L","L","K","Y","N","E","N","G","T","I","T","D","A","V","D","C","A","L","D","P","L","S","E","T","K","C","T","L","K","S","F","T","V","E","K","G","I","Y","Q","T","S","N","F","R","V","Q","P","T","E","S","I","V","R","F","P","N","I","T","N","L","C","P","F","G","E","V","F","N","A","T","R","F","A","S","V","Y","A","W","N","R","K","R","I","S","N","C","V","A","D","Y","S","V","L","Y","N","S","A","S","F","S","T","F","K","C","Y","G","V","S","P","T","K","L","N","D","L","C","F","T","N","V","Y","A","D","S","F","V","I","R","G","D","E","V","R","Q","I","A","P","G","Q","T","G","K","I","A","D","Y","N","Y","K","L","P","D","D","F","T","G","C","V","I","A","W","N","S","N","N","L","D","S","K","V","G","G","N","Y","N","Y","L","Y","R","L","F","R","K","S","N","L","K","P","F","E","R","D","I","S","T","E","I","Y","Q","A","G","S","T","P","C","N","G","V","E","G","F","N","C","Y","F","P","L","Q","S","Y","G","F","Q","P","T","N","G","V","G","Y","Q","P","Y","R","V","V","V","L","S","F","E","L","L","H","A","P","A","T","V","C","G","P","K","K","S","T","N","L","V","K","N","K","C","V","N","F","N","F","N","G","L","T","G","T","G","V","L","T","E","S","N","K","K","F","L","P","F","Q","Q","F","G","R","D","I","A","D","T","T","D","A","V","R","D","P","Q","T","L","E","I","L","D","I","T","P","C","S","F","G","G","V","S","V","I","T","P","G","T","N","T","S","N","Q","V","A","V","L","Y","Q","G","V","N","C","T","E","V","P","V","A","I","H","A","D","Q","L","T","P","T","W","R","V","Y","S","T","G","S","N","V","F","Q","T","R","A","G","C","L","I","G","A","E","H","V","N","N","S","Y","E","C","D","I","P","I","G","A","G","I","C","A","S","Y","Q","T","Q","T","N","S","P","R","R","A","R","S","V","A","S","Q","S","I","I","A","Y","T","M","S","L","G","A","E","N","S","V","A","Y","S","N","N","S","I","A","I","P","T","N","F","T","I","S","V","T","T","E","I","L","P","V","S","M","T","K","T","S","V","D","C","T","M","Y","I","C","G","D","S","T","E","C","S","N","L","L","L","Q","Y","G","S","F","C","T","Q","L","N","R","A","L","T","G","I","A","V","E","Q","D","K","N","T","Q","E","V","F","A","Q","V","K","Q","I","Y","K","T","P","P","I","K","D","F","G","G","F","N","F","S","Q","I","L","P","D","P","S","K","P","S","K","R","S","F","I","E","D","L","L","F","N","K","V","T","L","A","D","A","G","F","I","K","Q","Y","G","D","C","L","G","D","I","A","A","R","D","L","I","C","A","Q","K","F","N","G","L","T","V","L","P","P","L","L","T","D","E","M","I","A","Q","Y","T","S","A","L","L","A","G","T","I","T","S","G","W","T","F","G","A","G","A","A","L","Q","I","P","F","A","M","Q","M","A","Y","R","F","N","G","I","G","V","T","Q","N","V","L","Y","E","N","Q","K","L","I","A","N","Q","F","N","S","A","I","G","K","I","Q","D","S","L","S","S","T","A","S","A","L","G","K","L","Q","D","V","V","N","Q","N","A","Q","A","L","N","T","L","V","K","Q","L","S","S","N","F","G","A","I","S","S","V","L","N","D","I","L","S","R","L","D","K","V","E","A","E","V","Q","I","D","R","L","I","T","G","R","L","Q","S","L","Q","T","Y","V","T","Q","Q","L","I","R","A","A","E","I","R","A","S","A","N","L","A","A","T","K","M","S","E","C","V","L","G","Q","S","K","R","V","D","F","C","G","K","G","Y","H","L","M","S","F","P","Q","S","A","P","H","G","V","V","F","L","H","V","T","Y","V","P","A","Q","E","K","N","F","T","T","A","P","A","I","C","H","D","G","K","A","H","F","P","R","E","G","V","F","V","S","N","G","T","H","W","F","V","T","Q","R","N","F","Y","E","P","Q","I","I","T","T","D","N","T","F","V","S","G","N","C","D","V","V","I","G","I","V","N","N","T","V","Y","D","P","L","Q","P","E","L","D","S","F","K","E","E","L","D","K","Y","F","K","N","H","T","S","P","D","V","D","L","G","D","I","S","G","I","N","A","S","V","V","N","I","Q","K","E","I","D","R","L","N","E","V","A","K","N","L","N","E","S","L","I","D","L","Q","E","L","G","K","Y","E","Q","Y","I","K","W","P","W","Y","I","W","L","G","F","I","A","G","L","I","A","I","V","M","V","T","I","M","L","C","C","M","T","S","C","C","S","C","L","K","G","C","C","S","C","G","S","C","C","K","F","D","E","D","D","S","E","P","V","L","K","G","V","K","L","H","Y","T","---"
"New.hCoV.19.Japan.PG.12804.2020","M","F","V","F","L","V","L","L","P","L","V","S","S","Q","C","V","N","L","T","T","R","T","Q","L","P","P","A","Y","T","N","S","F","T","R","G","V","Y","Y","P","D","K","V","F","R","S","S","V","L","H","S","T","Q","D","L","F","L","P","F","F","S","N","V","T","W","F","H","A","I","H","V","S","G","T","N","G","T","K","R","F","D","N","P","V","L","P","F","N","D","G","V","Y","F","A","S","T","E","K","S","N","I","I","R","G","W","I","F","G","T","T","L","D","S","K","T","Q","S","L","L","I","V","N","N","A","T","N","V","V","I","K","V","C","E","F","Q","F","C","N","D","P","F","L","G","V","Y","Y","H","K","N","N","K","S","W","M","E","S","E","F","R","V","Y","S","S","A","N","N","C","T","F","E","Y","V","S","Q","P","F","L","M","D","L","E","G","K","Q","G","N","F","K","N","L","R","E","F","V","F","K","N","I","D","G","Y","F","K","I","Y","S","K","H","T","P","I","N","L","V","R","D","L","P","Q","G","F","S","A","L","E","P","L","V","D","L","P","I","G","I","N","I","T","R","F","Q","T","L","L","A","L","H","R","S","Y","L","T","P","G","D","S","S","S","G","W","T","A","G","A","A","A","Y","Y","V","G","Y","L","Q","P","R","T","F","L","L","K","Y","N","E","N","G","T","I","T","D","A","V","D","C","A","L","D","P","L","S","E","T","K","C","T","L","K","S","F","T","V","E","K","G","I","Y","Q","T","S","N","F","R","V","Q","P","T","E","S","I","V","R","F","P","N","I","T","N","L","C","P","F","G","E","V","F","N","A","T","R","F","A","S","V","Y","A","W","N","R","K","R","I","S","N","C","V","A","D","Y","S","V","L","Y","N","S","A","S","F","S","T","F","K","C","Y","G","V","S","P","T","K","L","N","D","L","C","F","T","N","V","Y","A","D","S","F","V","I","R","G","D","E","V","R","Q","I","A","P","G","Q","T","G","K","I","A","D","Y","N","Y","K","L","P","D","D","F","T","G","C","V","I","A","W","N","S","N","N","L","D","S","K","V","G","G","N","Y","N","Y","L","Y","R","L","F","R","K","S","N","L","K","P","F","E","R","D","I","S","T","E","I","Y","Q","A","G","S","T","P","C","N","G","V","E","G","F","N","C","Y","F","P","L","Q","S","Y","G","F","Q","P","T","N","G","V","G","Y","Q","P","Y","R","V","V","V","L","S","F","E","L","L","H","A","P","A","T","V","C","G","P","K","K","S","T","N","L","V","K","N","K","C","V","N","F","N","F","N","G","L","T","G","T","G","V","L","T","E","S","N","K","K","F","L","P","F","Q","Q","F","G","R","D","I","A","D","T","T","D","A","V","R","D","P","Q","T","L","E","I","L","D","I","T","P","C","S","F","G","G","V","S","V","I","T","P","G","T","N","T","S","N","Q","V","A","V","L","Y","Q","G","V","N","C","T","E","V","P","V","A","I","H","A","D","Q","L","T","P","T","W","R","V","Y","S","T","G","S","N","V","F","Q","T","R","A","G","C","L","I","G","A","E","H","V","N","N","S","Y","E","C","D","I","P","I","G","A","G","I","C","A","S","Y","H","T","Q","T","N","S","P","R","R","A","R","S","V","A","S","Q","S","I","I","A","Y","T","M","S","L","G","A","E","N","S","V","A","Y","S","N","N","S","I","A","I","P","T","N","F","T","I","S","V","T","T","E","I","L","P","V","S","M","T","K","T","S","V","D","C","T","M","Y","I","C","G","D","S","T","E","C","S","N","L","L","L","Q","Y","G","S","F","C","T","Q","L","N","R","A","L","T","G","I","A","V","E","Q","D","K","N","T","Q","E","V","F","A","Q","V","K","Q","I","Y","K","T","P","P","I","K","D","F","G","G","F","N","F","S","Q","I","L","P","D","P","S","K","P","S","K","R","S","F","I","E","D","L","L","F","N","K","V","T","L","A","D","A","G","F","I","K","Q","Y","G","D","C","L","G","D","I","A","A","R","D","L","I","C","A","Q","K","F","N","G","L","T","V","L","P","P","L","L","T","D","E","M","I","A","Q","Y","T","S","A","L","L","A","G","T","I","T","S","G","W","T","F","G","A","G","A","A","L","Q","I","P","F","A","M","Q","M","A","Y","R","F","N","G","I","G","V","T","Q","N","V","L","Y","E","N","Q","K","L","I","A","N","Q","F","N","S","A","I","G","K","I","Q","Y","S","L","S","S","T","A","S","A","L","G","K","L","Q","D","V","V","N","Q","N","A","Q","A","L","N","T","L","V","K","Q","L","S","S","N","F","G","A","I","S","S","V","L","N","D","I","L","S","R","L","D","K","V","E","A","E","V","Q","I","D","R","L","I","T","G","R","L","Q","S","L","Q","T","Y","V","T","Q","Q","L","I","R","A","A","E","I","R","A","S","A","N","L","A","A","T","K","M","S","E","C","V","L","G","Q","S","K","R","V","D","F","C","G","K","G","Y","H","L","M","S","F","P","Q","S","A","P","H","G","V","V","F","L","H","V","T","Y","V","P","A","Q","E","K","N","F","T","T","A","P","A","I","C","H","D","G","K","A","H","F","P","R","E","G","V","F","V","S","N","G","T","H","W","F","V","T","Q","R","N","F","Y","E","P","Q","I","I","T","T","D","N","T","F","V","S","G","N","C","D","V","V","I","G","I","V","N","N","T","V","Y","D","P","L","Q","P","E","L","D","S","F","K","E","E","L","D","K","Y","F","K","N","H","T","S","P","D","V","D","L","G","D","I","S","G","I","N","A","S","V","V","N","I","Q","K","E","I","D","R","L","N","E","V","A","K","N","L","N","E","S","L","I","D","L","Q","E","L","G","K","Y","E","Q","Y","I","K","W","P","W","Y","I","W","L","G","F","I","A","G","L","I","A","I","V","M","V","T","I","M","L","C","C","M","T","S","C","C","S","C","L","K","G","C","C","S","C","G","S","C","C","K","F","D","E","D","D","S","E","P","V","L","K","G","V","K","L","H","Y","T","---"
"New.hCoV.19.Japan.PG.17841.2020","M","F","V","F","L","V","L","L","P","L","V","S","S","Q","C","V","N","F","T","T","R","T","Q","L","P","P","A","Y","T","N","S","F","T","R","G","V","Y","Y","P","D","K","V","F","R","S","S","V","L","H","S","T","Q","D","L","F","L","P","F","F","S","N","V","T","W","F","H","A","I","H","V","S","G","T","N","G","T","K","R","F","D","N","P","V","L","P","F","N","D","G","V","Y","F","A","S","T","E","K","S","N","I","I","R","G","W","I","F","G","T","T","L","D","S","K","T","Q","S","L","L","I","V","N","N","A","T","N","V","V","I","K","V","C","E","F","Q","F","C","N","D","P","F","L","G","V","Y","Y","H","K","N","N","K","S","W","T","E","S","E","F","R","V","Y","S","S","A","N","N","C","T","F","E","Y","V","S","Q","P","F","L","M","D","L","E","G","K","Q","G","N","F","K","N","L","R","E","F","V","F","K","N","I","D","G","Y","F","K","I","Y","S","K","H","T","P","I","N","L","V","R","D","L","P","Q","G","F","S","A","L","E","P","L","V","D","L","P","I","G","I","N","I","T","R","F","Q","T","L","L","A","L","H","R","S","Y","L","T","P","G","D","S","S","S","G","W","T","A","G","A","A","A","Y","Y","V","G","Y","L","Q","P","R","T","F","L","L","K","Y","N","E","N","G","T","I","T","D","A","V","D","C","A","L","D","P","L","S","E","T","K","C","T","L","K","S","F","T","V","E","K","G","I","Y","Q","T","S","N","F","R","V","Q","P","T","E","S","I","V","R","F","P","N","I","T","N","L","C","P","F","G","E","V","F","N","A","T","R","F","A","S","V","Y","A","W","N","R","K","R","I","S","N","C","V","A","D","Y","S","V","L","Y","N","S","A","S","F","S","T","F","K","C","Y","G","V","S","P","T","K","L","N","D","L","C","F","T","N","V","Y","A","D","S","F","V","I","R","G","D","E","V","R","Q","I","A","P","G","Q","T","G","K","I","A","D","Y","N","Y","K","L","P","D","D","F","T","G","C","V","I","A","W","N","S","N","N","L","D","S","K","V","G","G","N","Y","N","Y","L","Y","R","L","F","R","K","S","N","L","K","P","F","E","R","D","I","S","T","E","I","Y","Q","A","G","S","T","P","C","N","G","V","E","G","F","N","C","Y","F","P","L","Q","S","Y","G","F","Q","P","T","N","G","V","G","Y","Q","P","Y","R","V","V","V","L","S","F","E","L","L","H","A","P","A","T","V","C","G","P","K","K","S","T","N","L","V","K","N","K","C","V","N","F","N","F","N","G","L","T","G","T","G","V","L","T","E","S","N","K","K","F","L","P","F","Q","Q","F","G","R","D","I","A","D","T","T","D","A","V","R","D","P","Q","T","L","E","I","L","D","I","T","P","C","S","F","G","G","V","S","V","I","T","P","G","T","N","T","S","N","Q","V","A","V","L","Y","Q","G","V","N","C","T","E","V","P","V","A","I","H","A","D","Q","L","T","P","T","W","R","V","Y","S","T","G","S","N","V","F","Q","T","R","A","G","C","L","I","G","A","E","H","V","N","N","S","Y","E","C","D","I","P","I","G","A","G","I","C","A","S","Y","Q","T","Q","T","N","S","P","R","R","A","R","S","V","A","S","Q","S","I","I","A","Y","T","M","S","L","G","A","E","N","S","V","A","Y","S","N","N","S","I","A","I","P","T","N","F","T","I","S","V","T","T","E","I","L","P","V","S","M","T","K","T","S","V","D","C","T","M","Y","I","C","G","D","S","T","E","C","S","N","L","L","L","Q","Y","G","S","F","C","T","Q","L","N","R","A","L","T","G","I","A","V","E","Q","D","K","N","T","Q","E","V","F","A","Q","V","K","Q","I","Y","K","T","P","P","I","K","D","F","G","G","F","N","F","S","Q","I","L","P","D","P","S","K","P","S","K","R","S","F","I","E","D","L","L","F","N","K","V","T","L","A","D","A","G","F","I","K","Q","Y","G","D","C","L","G","D","I","V","A","R","D","L","I","C","A","Q","K","F","N","G","L","T","V","L","P","P","L","L","T","D","E","M","I","A","Q","Y","T","S","A","L","L","A","G","T","I","T","S","G","W","T","F","G","A","G","A","A","L","Q","I","P","F","A","M","Q","M","A","Y","R","F","N","G","I","G","V","T","Q","N","V","L","Y","E","N","Q","K","L","I","A","N","Q","F","N","S","A","I","G","K","I","Q","D","S","L","S","S","T","A","S","A","L","G","K","L","Q","D","V","V","N","Q","N","A","Q","A","L","N","T","L","V","K","Q","L","S","S","N","F","G","A","I","S","S","V","L","N","D","I","L","S","R","L","D","K","V","E","A","E","V","Q","I","D","R","L","I","T","G","R","L","Q","S","L","Q","T","Y","V","T","Q","Q","L","I","R","A","A","E","I","R","A","S","A","N","L","A","A","T","K","M","S","E","C","V","L","G","Q","S","K","R","V","D","F","C","G","K","G","Y","H","L","M","S","F","P","Q","S","A","P","H","G","V","V","F","L","H","V","T","Y","V","P","A","Q","E","K","N","F","T","T","A","P","A","I","C","H","D","G","K","A","H","F","P","R","E","G","V","F","V","S","N","G","T","H","W","F","V","T","Q","R","N","F","Y","E","P","Q","I","I","T","T","D","N","T","F","V","S","G","N","C","D","V","V","I","G","I","V","N","N","T","V","Y","D","P","L","Q","P","E","L","D","S","F","K","E","E","L","D","K","Y","F","K","N","H","T","S","P","D","V","D","L","G","D","I","S","G","I","N","A","S","V","V","N","I","Q","K","E","I","D","R","L","N","E","V","A","K","N","L","N","E","S","L","I","D","L","Q","E","L","G","K","Y","E","Q","Y","I","K","W","P","W","Y","I","W","L","G","F","I","A","G","L","I","A","I","V","M","V","T","I","M","L","C","C","M","T","S","C","C","S","C","L","K","G","C","C","S","C","G","S","C","C","K","F","D","E","D","D","S","E","P","V","L","K","G","V","K","L","H","Y","T","---"
"New.hCoV.19.Japan.PG.19254.2020","M","F","V","F","L","V","L","L","P","L","V","S","S","Q","C","V","N","L","T","T","R","T","Q","L","P","P","A","Y","T","N","S","F","T","R","G","V","Y","Y","P","D","K","V","F","R","S","S","V","L","H","S","T","Q","D","L","F","L","P","F","F","S","N","V","T","W","F","H","A","I","H","V","S","G","T","N","G","T","K","R","F","D","N","P","V","L","P","F","N","D","G","V","Y","F","A","S","T","E","K","S","N","I","I","R","G","W","I","F","G","T","T","L","D","S","K","T","Q","S","L","L","I","V","N","N","A","T","N","V","V","I","K","V","C","E","F","Q","F","C","N","D","P","F","L","G","V","Y","Y","H","K","N","N","K","S","W","M","E","S","E","F","R","V","Y","S","S","A","N","N","C","T","F","E","Y","V","S","Q","P","F","L","M","D","L","E","G","K","Q","G","N","F","K","N","L","R","E","F","V","F","K","N","I","D","G","Y","F","K","I","Y","S","K","H","T","P","I","N","L","V","R","D","L","P","Q","G","F","S","A","L","E","P","L","V","D","L","P","I","G","I","N","I","T","R","F","Q","T","L","L","A","L","H","R","S","Y","L","T","P","G","D","S","S","S","G","W","T","A","G","A","A","A","Y","Y","V","G","Y","L","Q","P","R","T","F","L","L","K","Y","N","E","N","G","T","I","T","D","A","V","D","C","A","L","D","P","L","S","E","T","K","C","T","L","K","S","F","T","V","E","K","G","I","Y","Q","T","S","N","F","R","V","Q","P","T","E","S","I","V","R","F","P","N","I","T","N","L","C","P","F","G","E","V","F","N","A","T","R","F","A","S","V","Y","A","W","N","R","K","R","I","S","N","C","V","A","D","Y","S","V","L","Y","N","S","A","S","F","S","T","F","K","C","Y","G","V","S","P","T","K","L","N","D","L","C","F","T","N","V","Y","A","D","S","F","V","I","R","G","D","E","V","R","Q","I","A","P","G","Q","T","G","K","I","A","D","Y","N","Y","K","L","P","D","D","F","T","G","C","V","I","A","W","N","S","N","N","L","D","S","K","V","G","G","N","Y","N","Y","L","Y","R","L","F","R","K","S","N","L","K","P","F","E","R","D","I","S","T","E","I","Y","Q","A","G","S","T","P","C","N","G","V","E","G","F","N","C","Y","F","P","L","Q","S","Y","G","F","Q","P","T","N","G","V","G","Y","Q","P","Y","R","V","V","V","L","S","F","E","L","L","H","A","P","A","T","V","C","G","P","K","K","S","T","N","L","V","K","N","K","C","V","N","F","N","F","N","G","L","T","G","T","G","V","L","T","E","S","N","K","K","F","L","P","F","Q","Q","F","G","R","D","I","A","D","T","T","D","A","V","R","D","P","Q","T","L","E","I","L","D","I","T","P","C","S","F","G","G","V","S","V","I","T","P","G","T","N","T","S","N","Q","V","A","V","L","Y","Q","G","V","N","C","T","E","V","P","V","A","I","H","A","D","Q","L","T","P","T","W","R","V","Y","S","T","G","S","N","V","F","Q","T","R","A","G","C","L","I","G","A","E","H","V","N","N","S","Y","E","C","D","I","P","I","G","A","G","I","C","A","S","Y","Q","T","Q","T","N","S","P","R","R","A","R","S","V","A","S","Q","S","I","I","A","Y","T","M","S","L","G","A","E","N","S","V","A","Y","S","N","N","S","I","A","I","P","T","N","F","T","I","S","V","T","T","E","I","L","P","V","S","M","T","K","T","S","V","D","C","T","M","Y","I","C","G","D","S","T","E","C","S","N","L","L","L","Q","Y","G","S","F","C","T","Q","L","N","R","A","L","T","G","I","A","V","E","Q","D","K","N","T","Q","E","V","F","A","Q","V","K","Q","I","Y","K","T","P","P","I","K","D","F","G","G","F","N","F","S","Q","I","L","P","D","P","S","K","P","S","K","R","S","F","I","E","D","L","L","F","N","K","V","T","L","A","D","A","G","F","I","K","Q","Y","G","D","C","L","G","D","I","A","A","R","D","L","I","C","A","Q","K","F","N","G","L","T","V","L","P","P","L","L","T","D","E","M","I","A","Q","Y","T","S","A","L","L","A","G","T","I","T","S","G","W","T","F","G","A","G","A","A","L","Q","I","P","F","A","M","Q","M","A","Y","R","F","N","G","I","G","V","T","Q","N","V","L","Y","E","N","Q","K","L","I","A","N","Q","F","N","S","A","I","G","K","I","Q","D","S","L","S","S","T","A","S","A","L","G","K","L","Q","D","V","V","N","Q","N","A","Q","A","L","N","T","L","V","K","Q","L","S","S","N","F","G","A","I","S","S","V","L","N","D","I","L","S","R","L","D","K","V","E","A","E","V","Q","I","D","R","L","I","T","G","R","L","Q","S","L","Q","T","Y","V","T","Q","Q","L","I","R","A","A","E","I","R","A","S","A","N","L","A","A","T","K","M","S","E","C","V","L","G","Q","S","K","R","V","D","F","C","G","K","G","Y","H","L","M","S","F","P","Q","S","A","P","H","G","V","V","F","L","H","V","T","Y","V","P","A","Q","E","K","N","F","T","T","A","P","A","I","C","H","D","G","K","A","H","F","P","R","E","G","V","F","V","S","N","G","T","H","W","F","V","T","Q","R","N","F","Y","E","P","Q","I","I","T","T","D","N","T","F","V","S","G","N","C","D","V","V","I","G","I","V","N","N","T","V","Y","D","P","L","Q","P","E","L","D","S","F","K","E","E","L","D","K","Y","F","K","N","H","T","S","P","D","V","D","L","G","D","I","S","G","I","N","A","S","V","V","N","I","Q","K","E","I","D","R","L","N","E","V","A","K","N","L","N","E","S","L","I","D","L","Q","E","L","G","K","Y","E","Q","Y","I","K","W","P","W","Y","I","W","L","G","F","I","A","G","L","I","A","I","V","M","V","T","I","M","L","C","C","M","T","S","C","C","S","C","L","K","G","C","C","S","C","G","S","C","C","K","F","D","E","D","D","S","E","P","V","L","K","G","V","K","L","H","Y","T","---"
"New.hCoV.19.Japan.PG.14478.2020","M","F","V","F","L","V","L","L","P","L","V","S","S","Q","C","V","N","L","T","T","R","T","Q","L","P","P","A","Y","T","N","S","F","T","R","G","V","Y","Y","P","D","K","V","F","R","S","S","V","L","H","S","T","Q","D","L","F","L","P","F","F","S","N","V","T","W","F","H","A","I","H","V","S","G","T","N","G","T","K","R","F","D","N","P","V","L","P","F","N","D","G","V","Y","F","A","S","T","E","K","S","N","I","I","R","G","W","I","F","G","T","T","L","D","S","K","T","Q","S","L","L","I","V","N","N","A","T","N","V","V","I","K","V","C","E","F","Q","F","C","N","D","P","F","L","G","V","Y","Y","H","K","N","N","K","S","W","M","E","S","E","F","R","V","Y","S","S","A","N","N","C","T","F","E","Y","V","S","Q","P","F","L","M","D","L","E","G","K","Q","G","N","F","K","N","L","R","E","F","V","F","K","N","I","D","G","Y","F","K","I","Y","S","K","H","T","P","I","N","L","V","R","D","L","P","Q","G","F","S","A","L","E","P","L","V","D","L","P","I","G","I","N","I","T","R","F","Q","T","L","L","A","L","H","R","S","Y","L","T","P","G","D","S","S","S","G","W","T","A","G","A","A","A","Y","Y","V","G","Y","L","Q","P","R","T","F","L","L","K","Y","N","E","N","G","T","I","T","D","A","V","D","C","A","L","D","P","L","S","E","T","K","C","T","L","K","S","F","T","V","E","K","G","I","Y","Q","T","S","N","F","R","V","Q","P","T","E","S","I","V","R","F","P","N","I","T","N","L","C","P","F","G","E","V","F","N","A","T","R","F","A","S","V","Y","A","W","N","R","K","R","I","S","N","C","V","A","D","Y","S","V","L","Y","N","S","A","S","F","S","T","F","K","C","Y","G","V","S","P","T","K","L","N","D","L","C","F","T","N","V","Y","A","D","S","F","V","I","R","G","D","E","V","R","Q","I","A","P","G","Q","T","G","K","I","A","D","Y","N","Y","K","L","P","D","D","F","T","G","C","V","I","A","W","N","S","N","N","L","D","S","K","V","G","G","N","Y","N","Y","L","Y","R","L","F","R","K","S","N","L","K","P","F","E","R","D","I","S","T","E","I","Y","Q","A","G","S","T","P","C","N","G","V","E","G","F","N","C","Y","F","P","L","Q","S","Y","G","F","Q","P","T","N","G","V","G","Y","Q","P","Y","R","V","V","V","L","S","F","E","L","L","H","A","P","A","T","V","C","G","P","K","K","S","T","N","L","V","K","N","K","C","V","N","F","N","F","N","G","L","T","G","T","G","V","L","T","E","S","N","K","K","F","L","P","F","Q","Q","F","G","R","D","I","A","D","T","T","D","A","V","R","D","P","Q","T","L","E","I","L","D","I","T","P","C","S","F","G","G","V","S","V","I","T","P","G","T","N","T","S","N","Q","V","A","V","L","Y","Q","G","V","N","C","T","E","V","P","V","A","I","H","A","D","Q","L","T","P","T","W","R","V","Y","S","T","G","S","N","V","F","Q","T","R","A","G","C","L","I","G","A","E","H","V","N","N","S","Y","E","C","D","I","P","I","G","A","G","I","C","A","S","Y","Q","T","Q","T","N","S","P","R","R","A","R","S","V","A","S","Q","S","I","I","A","Y","T","M","S","L","G","A","E","N","S","V","A","Y","S","N","N","S","I","A","I","P","T","N","F","T","I","S","V","T","T","E","I","L","P","V","S","M","T","K","T","S","V","D","C","T","M","Y","I","C","G","D","S","T","E","C","S","N","L","L","L","Q","Y","G","S","F","C","T","Q","L","N","R","A","L","T","G","I","A","V","E","Q","D","K","N","T","Q","E","V","F","A","Q","V","K","Q","I","Y","K","T","P","P","I","K","D","F","G","G","F","N","F","S","Q","I","L","P","D","P","S","K","P","S","K","R","S","F","I","E","D","L","L","F","N","K","V","T","L","A","D","A","G","F","I","K","Q","Y","G","D","C","L","G","D","I","A","A","R","D","L","I","C","A","Q","K","F","N","G","L","T","V","L","P","P","L","L","T","D","E","M","I","A","Q","Y","T","S","A","L","L","A","G","T","I","T","S","G","W","T","F","G","A","G","A","A","L","Q","I","P","F","A","M","Q","M","A","Y","R","F","N","G","I","G","V","T","Q","N","V","L","Y","E","N","Q","K","L","I","A","N","Q","F","N","S","A","I","G","K","I","Q","D","S","L","S","S","T","A","S","A","L","G","K","L","Q","D","V","V","N","Q","N","A","Q","A","L","N","T","L","V","K","Q","L","S","S","N","F","G","A","I","S","S","V","L","N","D","I","L","S","R","L","D","K","V","E","A","E","V","Q","I","D","R","L","I","T","G","R","L","Q","S","L","Q","T","Y","V","T","Q","Q","L","I","R","A","A","E","I","R","A","S","A","N","L","A","A","T","K","M","S","E","C","V","L","G","Q","S","K","R","V","D","F","C","G","K","G","Y","H","L","M","S","F","P","Q","S","A","P","H","G","V","V","F","L","H","V","T","Y","V","P","A","Q","E","K","N","F","T","T","A","P","A","I","C","H","D","G","K","A","H","F","P","R","E","G","V","F","V","S","N","G","T","H","W","F","V","T","Q","R","N","F","Y","E","P","Q","I","I","T","T","D","N","T","F","V","S","G","N","C","D","V","V","I","G","I","V","N","N","T","V","Y","D","P","L","Q","P","E","L","D","S","F","K","E","E","L","D","K","Y","F","K","N","H","T","S","P","D","V","D","L","G","D","I","S","G","I","N","A","S","V","V","N","I","Q","K","E","I","D","R","L","N","E","V","A","K","N","L","N","E","S","L","I","D","L","Q","E","L","G","K","Y","E","Q","Y","I","K","W","P","W","Y","I","W","L","G","F","I","A","G","L","I","A","I","V","M","V","T","I","M","L","C","C","M","T","S","C","C","S","C","L","K","G","C","C","S","C","G","S","C","C","K","F","D","E","D","D","S","E","P","V","L","K","G","V","K","L","H","Y","T","---"
"New.hCoV.19.Japan.PG.15277.2020","M","F","V","F","L","V","L","L","P","L","V","S","S","Q","C","V","N","L","T","T","R","T","Q","L","P","P","A","Y","T","N","S","F","T","R","G","V","Y","Y","P","D","K","V","F","R","S","S","V","L","H","S","T","Q","D","L","F","L","P","F","F","S","N","V","T","W","F","H","A","I","H","V","S","G","T","N","G","T","K","R","F","D","N","P","V","L","P","F","N","D","G","V","Y","F","A","S","T","E","K","S","N","I","I","R","G","W","I","F","G","T","T","L","D","S","K","T","Q","S","L","L","I","V","N","N","A","T","N","V","V","I","K","V","C","E","F","Q","F","C","N","D","P","F","L","G","V","Y","Y","H","K","N","N","K","S","W","M","E","S","E","F","R","V","Y","S","S","A","N","N","C","T","F","E","Y","V","S","Q","P","F","L","M","D","L","E","G","K","Q","G","N","F","K","N","L","R","E","F","V","F","K","N","I","D","G","Y","F","K","I","Y","S","K","H","T","P","I","N","L","V","R","D","L","P","Q","G","F","S","A","L","E","P","L","V","D","L","P","I","G","I","N","I","T","R","F","Q","T","L","L","A","L","H","R","S","Y","L","T","P","G","D","S","S","S","G","W","T","A","G","A","A","A","Y","Y","V","G","Y","L","Q","P","R","T","F","L","L","K","Y","N","E","N","G","T","I","T","D","A","V","D","C","A","L","D","P","L","S","E","T","K","C","T","L","K","S","F","T","V","E","K","G","I","Y","Q","T","S","N","F","R","V","Q","P","T","E","S","I","V","R","F","P","N","I","T","N","L","C","P","F","G","E","V","F","N","A","T","R","F","A","S","V","Y","A","W","N","R","K","R","I","S","N","C","V","A","D","Y","S","V","L","Y","N","S","A","S","F","S","T","F","K","C","Y","G","V","S","P","T","K","L","N","D","L","C","F","T","N","V","Y","A","D","S","F","V","I","R","G","D","E","V","R","Q","I","A","P","G","Q","T","G","K","I","A","D","Y","N","Y","K","L","P","D","D","F","T","G","C","V","I","A","W","N","S","N","N","L","D","S","K","V","G","G","N","Y","N","Y","L","Y","R","L","F","R","K","S","N","L","K","P","F","E","R","D","I","S","T","E","I","Y","Q","A","G","S","T","P","C","N","G","V","E","G","F","N","C","Y","F","P","L","Q","S","Y","G","F","Q","P","T","N","G","V","G","Y","Q","P","Y","R","V","V","V","L","S","F","E","L","L","H","A","P","A","T","V","C","G","P","K","K","S","T","N","L","V","K","N","K","C","V","N","F","N","F","N","G","L","T","G","T","G","V","L","T","E","S","N","K","K","F","L","P","F","Q","Q","F","G","R","D","I","A","D","T","T","D","A","V","R","D","P","Q","T","L","E","I","L","D","I","T","P","C","S","F","G","G","V","S","V","I","T","P","G","T","N","T","S","N","Q","V","A","V","L","Y","Q","G","V","N","C","T","E","V","P","V","A","I","H","A","D","Q","L","T","P","T","W","R","V","Y","S","T","G","S","N","V","F","Q","T","R","A","G","C","L","I","G","A","E","H","V","N","N","S","Y","E","C","D","I","P","I","G","A","G","I","C","A","S","Y","Q","T","Q","T","N","S","P","R","R","A","R","S","V","A","S","Q","S","I","I","A","Y","T","M","S","L","G","A","E","N","S","V","A","Y","S","N","N","S","I","A","I","P","T","N","F","T","I","S","V","T","T","E","I","L","P","V","S","M","T","K","T","S","V","D","C","T","M","Y","I","C","G","D","S","T","E","C","S","N","L","L","L","Q","Y","G","S","F","C","T","Q","L","N","R","A","L","T","G","I","A","V","E","Q","D","K","N","T","Q","E","V","F","A","Q","V","K","Q","I","Y","K","T","P","P","I","K","D","F","G","G","F","N","F","S","Q","I","L","P","D","P","S","K","P","S","K","R","S","F","I","E","D","L","L","F","N","K","V","T","L","A","D","A","G","F","I","K","Q","Y","G","D","C","L","G","D","I","A","A","R","D","L","I","C","A","Q","K","F","N","G","L","T","V","L","P","P","L","L","T","D","E","M","I","A","Q","Y","T","S","A","L","L","A","G","T","I","T","S","G","W","T","F","G","A","G","A","A","L","Q","I","P","F","A","M","Q","M","A","Y","R","F","N","G","I","G","V","T","Q","N","V","L","Y","E","N","Q","K","L","I","A","N","Q","F","N","S","A","I","G","K","I","Q","D","S","L","S","S","T","A","S","A","L","G","K","L","Q","D","V","V","N","Q","N","A","Q","A","L","N","T","L","V","K","Q","L","S","S","N","F","G","A","I","S","S","V","L","N","D","I","L","S","R","L","D","K","V","E","A","E","V","Q","I","D","R","L","I","T","G","R","L","Q","S","L","Q","T","Y","V","T","Q","Q","L","I","R","A","A","E","I","R","A","S","A","N","L","A","A","T","K","M","S","E","C","V","L","G","Q","S","K","R","V","D","F","C","G","K","G","Y","H","L","M","S","F","P","Q","S","A","P","H","G","V","V","F","L","H","V","T","Y","V","P","A","Q","E","K","N","F","T","T","A","P","A","I","C","H","D","G","K","A","H","F","P","R","E","G","V","F","V","S","N","G","T","H","W","F","V","T","Q","R","N","F","Y","E","P","Q","I","I","T","T","D","N","T","F","V","S","G","N","C","D","V","V","I","G","I","V","N","N","T","V","Y","D","P","L","Q","P","E","L","D","S","F","K","E","E","L","D","K","Y","F","K","N","H","T","S","P","D","V","D","L","G","D","I","S","G","I","N","A","S","V","V","N","I","Q","K","E","I","D","R","L","N","E","V","A","K","N","L","N","E","S","L","I","D","L","Q","E","L","G","K","Y","E","Q","Y","I","K","W","P","W","Y","I","W","L","G","F","I","A","G","L","I","A","I","V","M","V","T","I","M","L","C","C","M","T","S","C","C","S","C","L","K","G","C","C","S","C","G","S","C","C","K","F","D","E","D","D","S","E","P","V","L","K","G","V","K","L","H","Y","T","---"
"New.hCoV.19.Japan.PG.13912.2020","M","F","V","F","L","V","L","L","P","L","V","S","S","Q","C","V","N","L","T","T","R","T","Q","L","P","P","A","Y","T","N","S","F","T","R","G","V","Y","Y","P","D","K","V","F","R","S","S","V","L","H","S","T","Q","D","F","F","L","P","F","F","S","N","V","T","W","F","H","A","I","H","V","S","G","T","N","G","T","K","R","F","D","N","P","V","L","P","F","N","D","G","V","Y","F","A","S","T","E","K","S","N","I","I","R","G","W","I","F","G","T","T","L","D","S","K","T","Q","S","L","L","I","V","N","N","A","T","N","V","V","I","K","V","C","E","F","Q","F","C","N","D","P","F","L","G","V","Y","Y","H","K","N","N","K","S","W","M","E","S","E","F","R","V","Y","S","S","A","N","N","C","T","F","E","Y","V","S","Q","P","F","L","M","D","L","E","G","K","Q","G","N","F","K","N","L","R","E","F","V","F","K","N","I","D","G","Y","F","K","I","Y","S","K","H","T","P","I","N","L","V","R","D","L","P","Q","G","F","S","A","L","E","P","L","V","D","L","P","I","G","I","N","I","T","R","F","Q","T","L","L","A","L","H","R","S","Y","L","T","P","G","D","S","S","S","G","W","T","A","G","A","A","A","Y","Y","V","G","Y","L","Q","P","R","T","F","L","L","K","Y","N","E","N","G","T","I","T","D","A","V","D","C","A","L","D","P","L","S","E","T","K","C","T","L","K","S","F","T","V","E","K","G","I","Y","Q","T","S","N","F","R","V","Q","P","T","E","S","I","V","R","F","P","N","I","T","N","L","C","P","F","G","E","V","F","N","A","T","R","F","A","S","V","Y","A","W","N","R","K","R","I","S","N","C","V","A","D","Y","S","V","L","Y","N","S","A","S","F","S","T","F","K","C","Y","G","V","S","P","T","K","L","N","D","L","C","F","T","N","V","Y","A","D","S","F","V","I","R","G","D","E","V","R","Q","I","A","P","G","Q","T","G","K","I","A","D","Y","N","Y","K","L","P","D","D","F","T","G","C","V","I","A","W","N","S","N","N","L","D","S","K","V","G","G","N","Y","N","Y","L","Y","R","L","F","R","K","S","N","L","K","P","F","E","R","D","I","S","T","E","I","Y","Q","A","G","S","T","P","C","N","G","V","E","G","F","N","C","Y","F","P","L","Q","S","Y","G","F","Q","P","T","N","G","V","G","Y","Q","P","Y","R","V","V","V","L","S","F","E","L","L","H","A","P","A","T","V","C","G","P","K","K","S","T","N","L","V","K","N","K","C","V","N","F","N","F","N","G","L","T","G","T","G","V","L","T","E","S","N","K","K","F","L","P","F","Q","Q","F","G","R","D","I","A","D","T","T","D","A","V","R","D","P","Q","T","L","E","I","L","D","I","T","P","C","S","F","G","G","V","S","V","I","T","P","G","T","N","T","S","N","Q","V","A","V","L","Y","Q","G","V","N","C","T","E","V","P","V","A","I","H","A","D","Q","L","T","P","T","W","R","V","Y","S","T","G","S","N","V","F","Q","T","R","A","G","C","L","I","G","A","E","H","V","N","N","S","Y","E","C","D","I","P","I","G","A","G","I","C","A","S","Y","Q","T","Q","T","N","S","P","R","R","A","R","S","V","A","S","Q","S","I","I","A","Y","T","M","S","L","G","A","E","N","S","V","A","Y","S","N","N","S","I","A","I","P","T","N","F","T","I","S","V","T","T","E","I","L","P","V","S","M","T","K","T","S","V","D","C","T","M","Y","I","C","G","D","S","T","E","C","S","N","L","L","L","Q","Y","G","S","F","C","T","Q","L","N","R","A","L","T","G","I","A","V","E","Q","D","K","N","T","Q","E","V","F","A","Q","V","K","Q","I","Y","K","T","P","P","I","K","D","F","G","G","F","N","F","S","Q","I","L","P","D","P","S","K","P","S","K","R","S","F","I","E","D","L","L","F","N","K","V","T","L","A","D","A","G","F","I","K","Q","Y","G","D","C","L","G","D","I","A","A","R","D","L","I","C","A","Q","K","F","N","G","L","T","V","L","P","P","L","L","T","D","E","M","I","A","Q","Y","T","S","A","L","L","A","G","T","I","T","S","G","W","T","F","G","A","G","A","A","L","Q","I","P","F","A","M","Q","M","A","Y","R","F","N","G","I","G","V","T","Q","N","V","L","Y","E","N","Q","K","L","I","A","N","Q","F","N","S","A","I","G","K","I","Q","D","S","L","S","S","T","A","S","A","L","G","K","L","Q","D","V","V","N","Q","N","A","Q","A","L","N","T","L","V","K","Q","L","S","S","N","F","G","A","I","S","S","V","L","N","D","I","L","S","R","L","D","K","V","E","A","E","V","Q","I","D","R","L","I","T","G","R","L","Q","S","L","Q","T","Y","V","T","Q","Q","L","I","R","A","A","E","I","R","A","S","A","N","L","A","A","T","K","M","S","E","C","V","L","G","Q","S","K","R","V","D","F","C","G","K","G","Y","H","L","M","S","F","P","Q","S","A","P","H","G","V","V","F","L","H","V","T","Y","V","P","A","Q","E","K","N","F","T","T","A","P","A","I","C","H","D","G","K","A","H","F","P","R","E","G","V","F","V","S","N","G","T","H","W","F","V","T","Q","R","N","F","Y","E","P","Q","I","I","T","T","D","N","T","F","V","S","G","N","C","D","V","V","I","G","I","V","N","N","T","V","Y","D","P","L","Q","P","E","L","D","S","F","K","E","E","L","D","K","Y","F","K","N","H","T","S","P","D","V","D","L","G","D","I","S","G","I","N","A","S","V","V","N","I","Q","K","E","I","D","R","L","N","E","V","A","K","N","L","N","E","S","L","I","D","L","Q","E","L","G","K","Y","E","Q","Y","I","K","W","P","W","Y","I","W","L","G","F","I","A","G","L","I","A","I","V","M","V","T","I","M","L","C","C","M","T","S","C","C","S","C","L","K","G","C","C","S","C","G","S","C","C","K","F","D","E","D","D","S","E","P","V","L","K","G","V","K","L","H","Y","T","---"
"New.hCoV.19.Japan.PG.13857.2020","M","F","V","F","L","V","L","L","P","L","V","S","S","Q","C","V","N","L","T","T","R","T","Q","L","P","P","A","Y","T","N","S","F","T","R","G","V","Y","Y","P","D","K","V","F","R","S","S","V","L","H","S","T","Q","D","L","F","L","P","F","F","S","N","V","T","W","F","H","A","I","H","V","S","G","T","N","G","T","K","R","F","D","N","P","V","L","P","F","N","D","G","V","Y","F","A","S","T","E","K","S","N","I","I","R","G","W","I","F","G","T","T","L","D","S","K","T","Q","S","L","L","I","V","N","N","A","T","N","V","V","I","K","V","C","E","F","Q","F","C","N","D","P","F","L","G","V","Y","Y","H","K","N","N","K","S","W","M","E","S","E","F","R","V","Y","S","S","A","N","N","C","T","F","E","Y","V","S","Q","P","F","L","M","D","L","E","G","K","Q","G","N","F","K","N","L","R","E","F","V","F","K","N","I","D","G","Y","F","K","I","Y","S","K","H","T","P","I","N","L","V","R","D","L","P","Q","G","F","S","A","L","E","P","L","V","D","L","P","I","G","I","N","I","T","R","F","Q","T","L","L","A","L","H","R","S","Y","L","T","P","G","D","S","S","S","G","W","T","A","G","A","A","A","Y","Y","V","G","Y","L","Q","P","R","T","F","L","L","K","Y","N","E","N","G","T","I","T","D","A","V","D","C","A","L","D","P","L","S","E","T","K","C","T","L","K","S","F","T","V","E","K","G","I","Y","Q","T","S","N","F","R","V","Q","P","T","E","S","I","V","R","F","P","N","I","T","N","L","C","P","F","G","E","V","F","N","A","T","R","F","A","S","V","Y","A","W","N","R","K","R","I","S","N","C","V","A","D","Y","S","V","L","Y","N","S","A","S","F","S","T","F","K","C","Y","G","V","S","P","T","K","L","N","D","L","C","F","T","N","V","Y","A","D","S","F","V","I","R","G","D","E","V","R","Q","I","A","P","G","Q","T","G","K","I","A","D","Y","N","Y","K","L","P","D","D","F","T","G","C","V","I","A","W","N","S","N","N","L","D","S","K","V","G","G","N","Y","N","Y","L","Y","R","L","F","R","K","S","N","L","K","P","F","E","R","D","I","S","T","E","I","Y","Q","A","G","S","T","P","C","N","G","V","E","G","F","N","C","Y","F","P","L","Q","S","Y","G","F","Q","P","T","N","G","V","G","Y","Q","P","Y","R","V","V","V","L","S","F","E","L","L","H","A","P","A","T","V","C","G","P","K","K","S","T","N","L","V","K","N","K","C","V","N","F","N","F","N","G","L","T","G","T","G","V","L","T","E","S","N","K","K","F","L","P","F","Q","Q","F","G","R","D","I","A","D","T","T","D","A","V","R","D","P","Q","T","L","E","I","L","D","I","T","P","C","S","F","G","G","V","S","V","I","T","P","G","T","N","T","S","N","Q","V","A","V","L","Y","Q","G","V","N","C","T","E","V","P","V","A","I","H","A","D","Q","L","T","P","T","W","R","V","Y","S","T","G","S","N","V","F","Q","T","R","A","G","C","L","I","G","A","E","H","V","N","N","S","Y","E","C","D","I","P","I","G","A","G","I","C","A","S","Y","Q","T","Q","T","N","S","P","R","R","A","R","S","V","A","S","Q","S","I","I","A","Y","T","M","S","L","G","A","E","N","S","V","A","Y","S","N","N","S","I","A","I","P","T","N","F","T","I","S","V","T","T","E","I","L","P","V","S","M","T","K","T","S","V","D","C","T","M","Y","I","C","G","D","S","T","E","C","S","N","L","L","L","Q","Y","G","S","F","C","T","Q","L","N","R","A","L","T","G","I","A","V","E","Q","D","K","N","T","Q","E","V","F","A","Q","V","K","Q","I","Y","K","T","P","P","I","K","D","F","G","G","F","N","F","S","Q","I","L","P","D","P","S","K","P","S","K","R","S","F","I","E","D","L","L","F","N","K","V","T","L","A","D","A","G","F","I","K","Q","Y","G","D","C","L","G","D","I","A","A","R","D","L","I","C","A","Q","K","F","N","G","L","T","V","L","P","P","L","L","T","D","E","M","I","A","Q","Y","T","S","A","L","L","A","G","T","I","T","S","G","W","T","F","G","A","G","A","A","L","Q","I","P","F","A","M","Q","M","A","Y","R","F","N","G","I","G","V","T","Q","N","V","L","Y","E","N","Q","K","L","I","A","N","Q","F","N","S","A","I","G","K","I","Q","D","S","L","S","S","T","A","S","A","L","G","K","L","Q","D","V","V","N","Q","N","A","Q","A","L","N","T","L","V","K","Q","L","S","S","N","F","G","A","I","S","S","V","L","N","D","I","L","S","R","L","D","K","V","E","A","E","V","Q","I","D","R","L","I","T","G","R","L","Q","S","L","Q","T","Y","V","T","Q","Q","L","I","R","A","A","E","I","R","A","S","A","N","L","A","A","T","K","M","S","E","C","V","L","G","Q","S","K","R","V","D","F","C","G","K","G","Y","H","L","M","S","F","P","Q","S","A","P","H","G","V","V","F","L","H","V","T","Y","V","P","A","Q","E","K","N","F","T","T","A","P","A","I","C","H","D","G","K","A","H","F","P","R","E","G","V","F","V","S","N","G","T","H","W","F","V","T","Q","R","N","F","Y","E","P","Q","I","I","T","T","D","N","T","F","V","S","G","N","C","D","V","V","I","G","I","V","N","N","T","V","Y","D","P","L","Q","P","E","L","D","S","F","K","E","E","L","D","K","Y","F","K","N","H","T","S","P","D","V","D","L","G","D","I","S","G","I","N","A","S","V","V","N","I","Q","K","E","I","D","R","L","N","E","V","A","K","N","L","N","E","S","L","I","D","L","Q","E","L","G","K","Y","E","Q","Y","I","K","W","P","W","Y","I","W","L","G","F","I","A","G","L","I","A","I","V","M","V","T","I","M","L","C","C","M","T","S","C","C","S","C","L","K","G","C","C","S","C","G","S","C","C","K","F","D","E","D","D","S","E","P","V","L","K","G","V","K","L","H","Y","T","---"
"New.hCoV.19.Japan.Donner131.2020","M","F","V","F","L","V","L","L","P","L","V","S","S","Q","C","V","N","L","T","T","R","T","Q","L","P","P","A","Y","T","N","S","F","T","R","G","V","Y","Y","P","D","K","V","F","R","S","S","V","L","H","S","T","Q","D","L","F","L","P","F","F","S","N","V","T","W","F","H","A","I","H","V","S","G","T","N","G","T","K","R","F","D","N","P","V","L","P","F","N","D","G","V","Y","F","A","S","T","E","K","S","N","I","I","R","G","W","I","F","G","T","T","L","D","S","K","T","Q","S","L","L","I","V","N","N","A","T","N","V","V","I","K","V","C","E","F","Q","F","C","N","D","P","F","L","G","V","Y","Y","H","K","N","N","K","S","W","M","E","S","E","F","R","V","Y","S","S","A","N","N","C","T","F","E","Y","V","S","Q","P","F","L","M","D","L","E","G","K","Q","G","N","F","K","N","L","R","E","F","V","F","K","N","I","D","G","Y","F","K","I","Y","S","K","H","T","P","I","N","L","V","R","D","L","P","Q","G","F","S","A","L","E","P","L","V","D","L","P","I","G","I","N","I","T","R","F","Q","T","L","L","A","L","H","R","S","Y","L","T","P","G","D","S","S","S","G","W","T","A","G","A","A","A","Y","Y","V","G","Y","L","Q","P","R","T","F","L","L","K","Y","N","E","N","G","T","I","T","D","A","V","D","C","A","L","D","P","L","S","E","T","K","C","T","L","K","S","F","T","V","E","K","G","I","Y","Q","T","S","N","F","R","V","Q","P","T","E","S","I","V","R","F","P","N","I","T","N","L","C","P","F","G","E","V","F","N","A","T","R","F","A","S","V","Y","A","W","N","R","K","R","I","S","N","C","V","A","D","Y","S","V","L","Y","N","S","A","S","F","S","T","F","K","C","Y","G","V","S","P","T","K","L","N","D","L","C","F","T","N","V","Y","A","D","S","F","V","I","R","G","D","E","V","R","Q","I","A","P","G","Q","T","G","K","I","A","D","Y","N","Y","K","L","P","D","D","F","T","G","C","V","I","A","W","N","S","N","N","L","D","S","K","V","G","G","N","Y","N","Y","L","Y","R","L","F","R","K","S","N","L","K","P","F","E","R","D","I","S","T","E","I","Y","Q","A","G","S","T","P","C","N","G","V","E","G","F","N","C","Y","F","P","L","Q","S","Y","G","F","Q","P","T","N","G","V","G","Y","Q","P","Y","R","V","V","V","L","S","F","E","L","L","H","A","P","A","T","V","C","G","P","K","K","S","T","N","L","V","K","N","K","C","V","N","F","N","F","N","G","L","T","G","T","G","V","L","T","E","S","N","K","K","F","L","P","F","Q","Q","F","G","R","D","I","A","D","T","T","D","A","V","R","D","P","Q","T","L","E","I","L","D","I","T","P","C","S","F","G","G","V","S","V","I","T","P","G","T","N","T","S","N","Q","V","A","V","L","Y","Q","G","V","N","C","T","E","V","P","V","A","I","H","A","D","Q","L","T","P","T","W","R","V","Y","S","T","G","S","N","V","F","Q","T","R","A","G","C","L","I","G","A","E","H","V","N","N","S","Y","E","C","D","I","P","I","G","A","G","I","C","A","S","Y","Q","T","Q","T","N","S","P","R","R","A","R","S","V","A","S","Q","S","I","I","A","Y","T","M","S","L","G","A","E","N","S","V","A","Y","S","N","N","S","I","A","I","P","T","N","F","T","I","S","V","T","T","E","I","L","P","V","S","M","T","K","T","S","V","D","C","T","M","Y","I","C","G","D","S","T","E","C","S","N","L","L","L","Q","Y","G","S","F","C","T","Q","L","N","R","A","L","T","G","I","A","V","E","Q","D","K","N","T","Q","E","V","F","A","Q","V","K","Q","I","Y","K","T","P","P","I","K","D","F","G","G","F","N","F","S","Q","I","L","P","D","P","S","K","P","S","K","R","S","F","I","E","D","L","L","F","N","K","V","T","L","A","D","A","G","F","I","K","Q","Y","G","D","C","L","G","D","I","A","A","R","D","L","I","C","A","Q","K","F","N","G","L","T","V","L","P","P","L","L","T","D","E","M","I","A","Q","Y","T","S","A","L","L","A","G","T","I","T","S","G","W","T","F","G","A","G","A","A","L","Q","I","P","F","A","M","Q","M","A","Y","R","F","N","G","I","G","V","T","Q","N","V","L","Y","E","N","Q","K","L","I","A","N","Q","F","N","S","A","I","G","K","I","Q","D","S","L","S","S","T","A","S","A","L","G","K","L","Q","D","V","V","N","Q","N","A","Q","A","L","N","T","L","V","K","Q","L","S","S","N","F","G","A","I","S","S","V","L","N","D","I","L","S","R","L","D","K","V","E","A","E","V","Q","I","D","R","L","I","T","G","R","L","Q","S","L","Q","T","Y","V","T","Q","Q","L","I","R","A","A","E","I","R","A","S","A","N","L","A","A","T","K","M","S","E","C","V","L","G","Q","S","K","R","V","D","F","C","G","K","G","Y","H","L","M","S","F","P","Q","S","A","P","H","G","V","V","F","L","H","V","T","Y","V","P","A","Q","E","K","N","F","T","T","A","P","A","I","C","H","D","G","K","A","H","F","P","R","E","G","V","F","V","S","N","G","T","H","W","F","V","T","Q","R","N","F","Y","E","P","Q","I","I","T","T","D","N","T","F","V","S","G","N","C","D","V","V","I","G","I","V","N","N","T","V","Y","D","P","L","Q","P","E","L","D","S","F","K","E","E","L","D","K","Y","F","K","N","H","T","S","P","D","V","D","L","G","D","I","S","G","I","N","A","S","V","V","N","I","Q","K","E","I","D","R","L","N","E","V","A","K","N","L","N","E","S","L","I","D","L","Q","E","L","G","K","Y","E","Q","Y","I","K","W","P","W","Y","I","W","L","G","F","I","A","G","L","I","A","I","V","M","V","T","I","M","L","C","C","M","T","S","C","C","S","C","L","K","G","C","C","S","C","G","S","C","C","K","F","D","E","D","D","S","E","P","V","L","K","G","V","K","L","H","Y","T","---"
"New.hCoV.19.Japan.PG.23826.2020","M","F","V","F","L","V","L","L","P","L","V","S","S","Q","C","V","N","L","T","T","R","T","Q","L","P","P","A","Y","T","N","S","F","T","R","G","V","Y","Y","P","D","K","V","F","R","S","S","V","L","H","S","T","Q","D","L","F","L","P","F","F","S","N","V","T","W","F","H","A","I","H","V","S","G","T","N","G","T","K","R","F","D","N","P","V","L","P","F","N","D","G","V","Y","F","A","S","T","E","K","S","N","I","I","R","G","W","I","F","G","T","T","L","D","S","K","T","Q","S","L","L","I","V","N","N","A","T","N","V","V","I","K","V","C","E","F","Q","F","C","N","D","P","F","L","G","V","Y","Y","H","K","N","N","K","S","W","M","E","S","E","F","R","V","Y","S","S","A","N","N","C","T","F","E","Y","V","S","Q","P","F","L","M","D","L","E","G","K","Q","G","N","F","K","N","L","R","E","F","V","F","K","N","I","D","G","Y","F","K","I","Y","S","K","H","T","P","I","N","L","V","R","D","L","P","Q","G","F","S","A","L","E","P","L","V","D","L","P","I","G","I","N","I","T","R","F","Q","T","L","L","A","L","H","R","S","Y","L","T","P","G","D","S","S","S","G","W","T","A","G","A","A","A","Y","Y","V","G","Y","L","Q","P","R","T","F","L","L","K","Y","N","E","N","G","T","I","T","D","A","V","D","C","A","L","D","P","L","S","E","T","K","C","T","L","K","S","F","T","V","E","K","G","I","Y","Q","T","S","N","F","R","V","Q","P","T","E","S","I","V","R","F","P","N","I","T","N","L","C","P","F","G","E","V","F","N","A","T","R","F","A","S","V","Y","A","W","N","R","K","R","I","S","N","C","V","A","D","Y","S","V","L","Y","N","S","A","S","F","S","T","F","K","C","Y","G","V","S","P","T","K","L","N","D","L","C","F","T","N","V","Y","A","D","S","F","V","I","R","G","D","E","V","R","Q","I","A","P","G","Q","T","G","K","I","A","D","Y","N","Y","K","L","P","D","D","F","T","G","C","V","I","A","W","N","S","N","N","L","D","S","K","V","G","G","N","Y","N","Y","L","Y","R","L","F","R","K","S","N","L","K","P","F","E","R","D","I","S","T","E","I","Y","Q","A","G","S","T","P","C","N","G","V","E","G","F","N","C","Y","F","P","L","Q","S","Y","G","F","Q","P","T","N","G","V","G","Y","Q","P","Y","R","V","V","V","L","S","F","E","L","L","H","A","P","A","T","V","C","G","P","K","K","S","T","N","L","V","K","N","K","C","V","N","F","N","F","N","G","L","T","G","T","G","V","L","T","E","S","N","K","K","F","L","P","F","Q","Q","F","G","R","D","I","A","D","T","T","D","A","V","R","D","P","Q","T","L","E","I","L","D","I","T","P","C","S","F","G","G","V","S","V","I","T","P","G","T","N","T","S","N","Q","V","A","V","L","Y","Q","G","V","N","C","T","E","V","P","V","A","I","H","A","D","Q","L","T","P","T","W","R","V","Y","S","T","G","S","N","V","F","Q","T","R","A","G","C","L","I","G","A","E","H","V","N","N","S","Y","E","C","D","I","P","I","G","A","G","I","C","A","S","Y","Q","T","Q","T","N","S","P","R","R","A","R","S","V","A","S","Q","S","I","I","A","Y","T","M","S","L","G","A","E","N","S","V","A","Y","S","N","N","S","I","A","I","P","T","N","F","T","I","S","V","T","T","E","I","L","P","V","S","M","T","K","T","S","V","D","C","T","M","Y","I","C","G","D","S","T","E","C","S","N","L","L","L","Q","Y","G","S","F","C","T","Q","L","N","R","A","L","T","G","I","A","V","E","Q","D","K","N","T","Q","E","V","F","A","Q","V","K","Q","I","Y","K","T","P","P","I","K","D","F","G","G","F","N","F","S","Q","I","L","P","D","P","S","K","P","S","K","R","S","F","I","E","D","L","L","F","N","K","V","T","L","A","D","A","G","F","I","K","Q","Y","G","D","C","L","G","D","I","A","A","R","D","L","I","C","A","Q","K","F","N","G","L","T","V","L","P","P","L","L","T","D","E","M","I","A","Q","Y","T","S","A","L","L","A","G","T","I","T","S","G","W","T","F","G","A","G","A","A","L","Q","I","P","F","A","M","Q","M","A","Y","R","F","N","G","I","G","V","T","Q","N","V","L","Y","E","N","Q","K","L","I","A","N","Q","F","N","S","A","I","G","K","I","Q","D","S","L","S","S","T","A","S","A","L","G","K","L","Q","D","V","V","N","Q","N","A","Q","A","L","N","T","L","V","K","Q","L","S","S","N","F","G","A","I","S","S","V","L","N","D","I","L","S","R","L","D","K","V","E","A","E","V","Q","I","D","R","L","I","T","G","R","L","Q","S","L","Q","T","Y","V","T","Q","Q","L","I","R","A","A","E","I","R","A","S","A","N","L","A","A","T","K","M","S","E","C","V","L","G","Q","S","K","R","V","D","F","C","G","K","G","Y","H","L","M","S","F","P","Q","S","A","P","H","G","V","V","F","L","H","V","T","Y","V","P","A","Q","E","K","N","F","T","T","A","P","A","I","C","H","D","G","K","A","H","F","P","R","E","G","V","F","V","S","N","G","T","H","W","F","V","T","Q","R","N","F","Y","E","P","Q","I","I","T","T","D","N","T","F","V","S","G","N","C","D","V","V","I","G","I","V","N","N","T","V","Y","D","P","L","Q","P","E","L","D","S","F","K","E","E","L","D","K","Y","F","K","N","H","T","S","P","D","V","D","L","G","D","I","S","G","I","N","A","S","V","V","N","I","Q","K","E","I","D","R","L","N","E","V","A","K","N","L","N","E","S","L","I","D","L","Q","E","L","G","K","Y","E","Q","Y","I","K","W","P","W","Y","I","W","L","G","F","I","A","G","L","I","A","I","V","M","V","T","I","M","L","C","C","M","T","S","C","C","S","C","L","K","G","C","C","S","C","G","S","C","C","K","F","D","E","D","D","S","E","P","V","L","K","G","V","K","L","H","Y","T","---"
"New.hCoV.19.Japan.PG.14982.2020","M","F","V","F","L","V","L","L","P","L","V","S","S","Q","C","V","N","L","T","T","R","T","Q","L","P","P","A","Y","T","N","S","F","T","R","G","V","Y","Y","P","D","K","V","F","R","S","S","V","L","H","S","T","Q","D","L","F","L","P","F","F","S","N","V","T","W","F","H","A","I","H","V","S","G","T","N","G","T","K","R","F","D","N","P","V","L","P","F","N","D","G","V","Y","F","A","S","T","E","K","S","N","I","I","R","G","W","I","F","G","T","T","L","D","S","K","T","Q","S","L","L","I","V","N","N","A","T","N","V","V","I","K","V","C","E","F","Q","F","C","N","D","P","F","L","G","V","Y","Y","H","K","N","N","K","S","W","M","E","S","E","F","R","V","Y","S","S","A","N","N","C","T","F","E","Y","V","S","Q","P","F","L","M","D","L","E","G","K","Q","G","N","F","K","N","L","R","E","F","V","F","K","N","I","D","G","Y","F","K","I","Y","S","K","H","T","P","I","N","L","V","R","D","L","P","Q","G","F","S","A","L","E","P","L","V","D","L","P","I","G","I","N","I","T","R","F","Q","T","L","L","A","L","H","R","S","Y","L","T","P","G","D","S","S","S","G","W","T","A","G","A","A","A","Y","Y","V","G","Y","L","Q","P","R","T","F","L","L","K","Y","N","E","N","G","T","I","T","D","A","V","D","C","A","L","D","P","L","S","E","T","K","C","T","L","K","S","F","T","V","E","K","G","I","Y","Q","T","S","N","F","R","V","Q","P","T","E","S","I","V","R","F","P","N","I","T","N","L","C","P","F","G","E","V","F","N","A","T","R","F","A","S","V","Y","A","W","N","R","K","R","I","S","N","C","V","A","D","Y","S","V","L","Y","N","S","A","S","F","S","T","F","K","C","Y","G","V","S","P","T","K","L","N","D","L","C","F","T","N","V","Y","A","D","S","F","V","I","R","G","D","E","V","R","Q","I","A","P","G","Q","T","G","K","I","A","D","Y","N","Y","K","L","P","D","D","F","T","G","C","V","I","A","W","N","S","N","N","L","D","S","K","V","G","G","N","Y","N","Y","L","Y","R","L","F","R","K","S","N","L","K","P","F","E","R","D","I","S","T","E","I","Y","Q","A","G","S","T","P","C","N","G","V","E","G","F","N","C","Y","F","P","L","Q","S","Y","G","F","Q","P","T","N","G","V","G","Y","Q","P","Y","R","V","V","V","L","S","F","E","L","L","H","A","P","A","T","V","C","G","P","K","K","S","T","N","L","V","K","N","K","C","V","N","F","N","F","N","G","L","T","G","T","G","V","L","T","E","S","N","K","K","F","L","P","F","Q","Q","F","G","R","D","I","A","D","T","T","D","A","V","R","D","P","Q","T","L","E","I","L","D","I","T","P","C","S","F","G","G","V","S","V","I","T","P","G","T","N","T","S","N","Q","V","A","V","L","Y","Q","G","V","N","C","T","E","V","P","V","A","I","H","A","D","Q","L","T","P","T","W","R","V","Y","S","T","G","S","N","V","F","Q","T","R","A","G","C","L","I","G","A","E","H","V","N","N","S","Y","E","C","D","I","P","I","G","A","G","I","C","A","S","Y","Q","T","Q","T","N","S","P","R","R","A","R","S","V","A","S","Q","S","I","I","A","Y","T","M","S","L","G","A","E","N","S","V","A","Y","S","N","N","S","I","A","I","P","T","N","F","T","I","S","V","T","T","E","I","L","P","V","S","M","T","K","T","S","V","D","C","T","M","Y","I","C","G","D","S","T","E","C","S","N","L","L","L","Q","Y","G","S","F","C","T","Q","L","N","R","A","L","T","G","I","A","V","E","Q","D","K","N","T","Q","E","V","F","A","Q","V","K","Q","I","Y","K","T","P","P","I","K","D","F","G","G","F","N","F","S","Q","I","L","P","D","P","S","K","P","S","K","R","S","F","I","E","D","L","L","F","N","K","V","T","L","A","D","A","G","F","I","K","Q","Y","G","D","C","L","G","D","I","A","A","R","D","L","I","C","A","Q","K","F","N","G","L","T","V","L","P","P","L","L","T","D","E","M","I","A","Q","Y","T","S","A","L","L","A","G","T","I","T","S","G","W","T","F","G","A","G","A","A","L","Q","I","P","F","A","M","Q","M","A","Y","R","F","N","G","I","G","V","T","Q","N","V","L","Y","E","N","Q","K","L","I","A","N","Q","F","N","S","A","I","G","K","I","Q","D","S","L","S","S","T","A","S","A","L","G","K","L","Q","D","V","V","N","Q","N","A","Q","A","L","N","T","L","V","K","Q","L","S","S","N","F","G","A","I","S","S","V","L","N","D","I","L","S","R","L","D","K","V","E","A","E","V","Q","I","D","R","L","I","T","G","R","L","Q","S","L","Q","T","Y","V","T","Q","Q","L","I","R","A","A","E","I","R","A","S","A","N","L","A","A","T","K","M","S","E","C","V","L","G","Q","S","K","R","V","D","F","C","G","K","G","Y","H","L","M","S","F","P","Q","S","A","P","H","G","V","V","F","L","H","V","T","Y","V","P","A","Q","E","K","N","F","T","T","A","P","A","I","C","H","D","G","K","A","H","F","P","R","E","G","V","F","V","S","N","G","T","H","W","F","V","T","Q","R","N","F","Y","E","P","Q","I","I","T","T","D","N","T","F","V","S","G","N","C","D","V","V","I","G","I","V","N","N","T","V","Y","D","P","L","Q","P","E","L","D","S","F","K","E","E","L","D","K","Y","F","K","N","H","T","S","P","D","V","D","L","G","D","I","S","G","I","N","A","S","V","V","N","I","Q","K","E","I","D","R","L","N","E","V","A","K","N","L","N","E","S","L","I","D","L","Q","E","L","G","K","Y","E","Q","Y","I","K","W","P","W","Y","I","W","L","G","F","I","A","G","L","I","A","I","V","M","V","T","I","M","L","C","C","M","T","S","C","C","S","C","L","K","G","C","C","S","C","G","S","C","C","K","F","D","E","D","D","S","E","P","V","L","K","G","V","K","L","H","Y","T","---"
"New.hCoV.19.Japan.PG.14074.2020","M","F","V","F","L","V","L","L","P","L","V","S","S","Q","C","V","N","L","T","T","R","T","Q","L","P","P","A","Y","T","N","S","F","T","R","G","V","Y","Y","P","D","K","V","F","R","S","S","V","L","H","S","T","Q","D","L","F","L","P","F","F","S","N","V","T","W","F","H","A","I","H","V","S","G","T","N","G","T","K","R","F","D","N","P","V","L","P","F","N","D","G","V","Y","F","A","S","T","E","K","S","N","I","I","R","G","W","I","F","G","T","T","L","D","S","K","T","Q","S","L","L","I","V","N","N","A","T","N","V","V","I","K","V","C","E","F","Q","F","C","N","D","P","F","L","G","V","Y","Y","H","K","N","N","K","S","W","M","E","S","E","F","R","V","Y","S","S","A","N","N","C","T","F","E","Y","V","S","Q","P","F","L","M","D","L","E","G","K","Q","G","N","F","K","N","L","R","E","F","V","F","K","N","I","D","G","Y","F","K","I","Y","S","K","H","T","P","I","N","L","V","R","D","L","P","Q","G","F","S","A","L","E","P","L","V","D","L","P","I","G","I","N","I","T","R","F","Q","T","L","L","A","L","H","R","S","Y","L","T","P","G","D","S","S","S","G","W","T","A","G","A","A","A","Y","Y","V","G","Y","L","Q","P","R","T","F","L","L","K","Y","N","E","N","G","T","I","T","D","A","V","D","C","A","L","D","P","L","S","E","T","K","C","T","L","K","S","F","T","V","E","K","G","I","Y","Q","T","S","N","F","R","V","Q","P","T","E","S","I","V","R","F","P","N","I","T","N","L","C","P","F","G","E","V","F","N","A","T","R","F","A","S","V","Y","A","W","N","R","K","R","I","S","N","C","V","A","D","Y","S","V","L","Y","N","S","A","S","F","S","T","F","K","C","Y","G","V","S","P","T","K","L","N","D","L","C","F","T","N","V","Y","A","D","S","F","V","I","R","G","D","E","V","R","Q","I","A","P","G","Q","T","G","K","I","A","D","Y","N","Y","K","L","P","D","D","F","T","G","C","V","I","A","W","N","S","N","N","L","D","S","K","V","G","G","N","Y","N","Y","L","Y","R","L","F","R","K","S","N","L","K","P","F","E","R","D","I","S","T","E","I","Y","Q","A","G","S","T","P","C","N","G","V","E","G","F","N","C","Y","F","P","L","Q","S","Y","G","F","Q","P","T","N","G","V","G","Y","Q","P","Y","R","V","V","V","L","S","F","E","L","L","H","A","P","A","T","V","C","G","P","K","K","S","T","N","L","V","K","N","K","C","V","N","F","N","F","N","G","L","T","G","T","G","V","L","T","E","S","N","K","K","F","L","P","F","Q","Q","F","G","R","D","I","A","D","T","T","D","A","V","R","D","P","Q","T","L","E","I","L","D","I","T","P","C","S","F","G","G","V","S","V","I","T","P","G","T","N","T","S","N","Q","V","A","V","L","Y","Q","G","V","N","C","T","E","V","P","V","A","I","H","A","D","Q","L","T","P","T","W","R","V","Y","S","T","G","S","N","V","F","Q","T","R","A","G","C","L","I","G","A","E","H","V","N","N","S","Y","E","C","D","I","P","I","G","A","G","I","C","A","S","Y","Q","T","Q","T","N","S","P","R","R","A","R","S","V","A","S","Q","S","I","I","A","Y","T","M","S","L","G","A","E","N","S","V","A","Y","S","N","N","S","I","A","I","P","T","N","F","T","I","S","V","T","T","E","I","L","P","V","S","M","T","K","T","S","V","D","C","T","M","Y","I","C","G","D","S","T","E","C","S","N","L","L","L","Q","Y","G","S","F","C","T","Q","L","N","R","A","L","T","G","I","A","V","E","Q","D","K","N","T","Q","E","V","F","A","Q","V","K","Q","I","Y","K","T","P","P","I","K","D","F","G","G","F","N","F","S","Q","I","L","P","D","P","S","K","P","S","K","R","S","F","I","E","D","L","L","F","N","K","V","T","L","A","D","A","G","F","I","K","Q","Y","G","D","C","L","G","D","I","A","A","R","D","L","I","C","A","Q","K","F","N","G","L","T","V","L","P","P","L","L","T","D","E","M","I","A","Q","Y","T","S","A","L","L","A","G","T","I","T","S","G","W","T","F","G","A","G","A","A","L","Q","I","P","F","A","M","Q","M","A","Y","R","F","N","G","I","G","V","T","Q","N","V","L","Y","E","N","Q","K","L","I","A","N","Q","F","N","S","A","I","G","K","I","Q","D","S","L","S","S","T","A","S","A","L","G","K","L","Q","D","V","V","N","Q","N","A","Q","A","L","N","T","L","V","K","Q","L","S","S","N","F","G","A","I","S","S","V","L","N","D","I","L","S","R","L","D","K","V","E","A","E","V","Q","I","D","R","L","I","T","G","R","L","Q","S","L","Q","T","Y","V","T","Q","Q","L","I","R","A","A","E","I","R","A","S","A","N","L","A","A","T","K","M","S","E","C","V","L","G","Q","S","K","R","V","D","F","C","G","K","G","Y","H","L","M","S","F","P","Q","S","A","P","H","G","V","V","F","L","H","V","T","Y","V","P","A","Q","E","K","N","F","T","T","A","P","A","I","C","H","D","G","K","A","H","F","P","R","E","G","V","F","V","S","N","G","T","H","W","F","V","T","Q","R","N","F","Y","E","P","Q","I","I","T","T","D","N","T","F","V","S","G","N","C","D","V","V","I","G","I","V","N","N","T","V","Y","D","P","L","Q","P","E","L","D","S","F","K","E","E","L","D","K","Y","F","K","N","H","T","S","P","D","V","D","L","G","D","I","S","G","I","N","A","S","V","V","N","I","Q","K","E","I","D","R","L","N","E","V","A","K","N","L","N","E","S","L","I","D","L","Q","E","L","G","K","Y","E","Q","Y","I","K","W","P","W","Y","I","W","L","G","F","I","A","G","L","I","A","I","V","M","V","T","I","M","L","C","C","M","T","S","C","C","S","C","L","K","G","C","C","S","C","G","S","C","C","K","F","D","E","D","D","S","E","P","V","L","K","G","V","K","L","H","Y","T","---"
"New.hCoV.19.Japan.PG.15784.2020","M","F","V","F","L","V","L","L","P","L","V","S","S","Q","C","V","N","L","T","T","R","T","Q","L","P","P","A","Y","T","N","S","F","T","R","G","V","Y","Y","P","D","K","V","F","R","S","S","V","L","H","S","T","Q","D","L","F","L","P","F","F","S","N","V","T","W","F","H","A","I","H","V","S","G","T","N","G","T","K","R","F","D","N","P","V","L","P","F","N","D","G","V","Y","F","A","S","T","E","K","S","N","I","I","R","G","W","I","F","G","T","T","L","D","S","K","T","Q","S","L","L","I","V","N","N","A","T","N","V","V","I","K","V","C","E","F","Q","F","C","N","D","P","F","L","G","V","Y","Y","H","K","N","N","K","S","W","M","E","S","E","F","R","V","Y","S","S","A","N","N","C","T","F","E","Y","V","S","Q","P","F","L","M","D","L","E","G","K","Q","G","N","F","K","N","L","R","E","F","V","F","K","N","I","D","G","Y","F","K","I","Y","S","K","H","T","P","I","N","L","V","R","D","L","P","Q","G","F","S","A","L","E","P","L","V","D","L","P","I","G","I","N","I","T","R","F","Q","T","L","L","A","L","H","R","S","Y","L","T","P","G","D","S","S","S","G","W","T","A","G","A","A","A","Y","Y","V","G","Y","L","Q","P","R","T","F","L","L","K","Y","N","E","N","G","T","I","T","D","A","V","D","C","A","L","D","P","L","S","E","T","K","C","T","L","K","S","F","T","V","E","K","G","I","Y","Q","T","S","N","F","R","V","Q","P","T","E","S","I","V","R","F","P","N","I","T","N","L","C","P","F","G","E","V","F","N","A","T","R","F","A","S","V","Y","A","W","N","R","K","R","I","S","N","C","V","A","D","Y","S","V","L","Y","N","S","A","S","F","S","T","F","K","C","Y","G","V","S","P","T","K","L","N","D","L","C","F","T","N","V","Y","A","D","S","F","V","I","R","G","D","E","V","R","Q","I","A","P","G","Q","T","G","K","I","A","D","Y","N","Y","K","L","P","D","D","F","T","G","C","V","I","A","W","N","S","N","N","L","D","S","K","V","G","G","N","Y","N","Y","L","Y","R","L","F","R","K","S","N","L","K","P","F","E","R","D","I","S","T","E","I","Y","Q","A","G","S","T","P","C","N","G","V","E","G","F","N","C","Y","F","P","L","Q","S","Y","G","F","Q","P","T","N","G","V","G","Y","Q","P","Y","R","V","V","V","L","S","F","E","L","L","H","A","P","A","T","V","C","G","P","K","K","S","T","N","L","V","K","N","K","C","V","N","F","N","F","N","G","L","T","G","T","G","V","L","T","E","S","N","K","K","F","L","P","F","Q","Q","F","G","R","D","I","A","D","T","T","D","A","V","R","D","P","Q","T","L","E","I","L","D","I","T","P","C","S","F","G","G","V","S","V","I","T","P","G","T","N","T","S","N","Q","V","A","V","L","Y","Q","G","V","N","C","T","E","V","P","V","A","I","H","A","D","Q","L","T","P","T","W","R","V","Y","S","T","G","S","N","V","F","Q","T","R","A","G","C","L","I","G","A","E","H","V","N","N","S","Y","E","C","D","I","P","I","G","A","G","I","C","A","S","Y","Q","T","Q","T","N","S","P","R","R","A","R","S","V","A","S","Q","S","I","I","A","Y","T","M","S","L","G","A","E","N","S","V","A","Y","S","N","N","S","I","A","I","P","T","N","F","T","I","S","V","T","T","E","I","L","P","V","S","M","T","K","T","S","V","D","C","T","M","Y","I","C","G","D","S","T","E","C","S","N","L","L","L","Q","Y","G","S","F","C","T","Q","L","N","R","A","L","T","G","I","A","V","E","Q","D","K","N","T","Q","E","V","F","A","Q","V","K","Q","I","Y","K","T","P","P","I","K","D","F","G","G","F","N","F","S","Q","I","L","P","D","P","S","K","P","S","K","R","S","F","I","E","D","L","L","F","N","K","V","T","L","A","D","A","G","F","I","K","Q","Y","G","D","C","L","G","D","I","A","A","R","D","L","I","C","A","Q","K","F","N","G","L","T","V","L","P","P","L","L","T","D","E","M","I","A","Q","Y","T","S","A","L","L","A","G","T","I","T","S","G","W","T","F","G","A","G","A","A","L","Q","I","P","F","A","M","Q","M","A","Y","R","F","N","G","I","G","V","T","Q","N","V","L","Y","E","N","Q","K","L","I","A","N","Q","F","N","S","A","I","G","K","I","Q","D","S","L","S","S","T","A","S","A","L","G","K","L","Q","D","V","V","N","Q","N","A","Q","A","L","N","T","L","V","K","Q","L","S","S","N","F","G","A","I","S","S","V","L","N","D","I","L","S","R","L","D","K","V","E","A","E","V","Q","I","D","R","L","I","T","G","R","L","Q","S","L","Q","T","Y","V","T","Q","Q","L","I","R","A","A","E","I","R","A","S","A","N","L","A","A","T","K","M","S","E","C","V","L","G","Q","S","K","R","V","D","F","C","G","K","G","Y","H","L","M","S","F","P","Q","S","A","P","H","G","V","V","F","L","H","V","T","Y","V","P","A","Q","E","K","N","F","T","T","A","P","A","I","C","H","D","G","K","A","H","F","P","R","E","G","V","F","V","S","N","G","T","H","W","F","V","T","Q","R","N","F","Y","E","P","Q","I","I","T","T","D","N","T","F","V","S","G","N","C","D","V","V","I","G","I","V","N","N","T","V","Y","D","P","L","Q","P","E","L","D","S","F","K","E","E","L","D","K","Y","F","K","N","H","T","S","P","D","V","D","L","G","D","I","S","G","I","N","A","S","V","V","N","I","Q","K","E","I","D","R","L","N","E","V","A","K","N","L","N","E","S","L","I","D","L","Q","E","L","G","K","Y","E","Q","Y","I","K","W","P","W","Y","I","W","L","G","F","I","A","G","L","I","A","I","V","M","V","T","I","M","L","C","C","M","T","S","C","C","S","C","L","K","G","C","C","S","C","G","S","C","C","K","F","D","E","D","D","S","E","P","V","L","K","G","V","K","L","H","Y","T","---"
"New.hCoV.19.Japan.PG.12879.2020","M","F","V","F","L","V","L","L","P","L","V","S","S","Q","C","V","N","L","T","T","R","T","Q","L","P","P","A","Y","T","N","S","F","T","R","G","V","Y","Y","P","D","K","V","F","R","S","S","V","L","H","S","T","Q","D","L","F","L","P","F","F","S","N","V","T","W","F","H","A","I","H","V","S","G","T","N","G","T","K","R","F","D","N","P","V","L","P","F","N","D","G","V","Y","F","A","S","T","E","K","S","N","I","I","R","G","W","I","F","G","T","T","L","D","S","K","T","Q","S","L","L","I","V","N","N","A","T","N","V","V","I","K","V","C","E","F","Q","F","C","N","D","P","F","L","G","V","Y","Y","H","K","N","N","K","S","W","T","E","S","E","F","R","V","Y","S","S","A","N","N","C","T","F","E","Y","V","S","Q","P","F","L","M","D","L","E","G","K","Q","G","N","F","K","N","L","R","E","F","V","F","K","N","I","D","G","Y","F","K","I","Y","S","K","H","T","P","I","N","L","V","R","D","L","P","Q","G","F","S","A","L","E","P","L","V","D","L","P","I","G","I","N","I","T","R","F","Q","T","L","L","A","L","H","R","S","Y","L","T","P","G","D","S","S","S","G","W","T","A","G","A","A","A","Y","Y","V","G","Y","L","Q","P","R","T","F","L","L","K","Y","N","E","N","G","T","I","T","D","A","V","D","C","A","L","D","P","L","S","E","T","K","C","T","L","K","S","F","T","V","E","K","G","I","Y","Q","T","S","N","F","R","V","Q","P","T","E","S","I","V","R","F","P","N","I","T","N","L","C","P","F","G","E","V","F","N","A","T","R","F","A","S","V","Y","A","W","N","R","K","R","I","S","N","C","V","A","D","Y","S","V","L","Y","N","S","A","S","F","S","T","F","K","C","Y","G","V","S","P","T","K","L","N","D","L","C","F","T","N","V","Y","A","D","S","F","V","I","R","G","D","E","V","R","Q","I","A","P","G","Q","T","G","K","I","A","D","Y","N","Y","K","L","P","D","D","F","T","G","C","V","I","A","W","N","S","N","N","L","D","S","K","V","G","G","N","Y","N","Y","L","Y","R","L","F","R","K","S","N","L","K","P","F","E","R","D","I","S","T","E","I","Y","Q","A","G","S","T","P","C","N","G","V","E","G","F","N","C","Y","F","P","L","Q","S","Y","G","F","Q","P","T","N","G","V","G","Y","Q","P","Y","R","V","V","V","L","S","F","E","L","L","H","A","P","A","T","V","C","G","P","K","K","S","T","N","L","V","K","N","K","C","V","N","F","N","F","N","G","L","T","G","T","G","V","L","T","E","S","N","K","K","F","L","P","F","Q","Q","F","G","R","D","I","A","D","T","T","D","A","V","R","D","P","Q","T","L","E","I","L","D","I","T","P","C","S","F","G","G","V","S","V","I","T","P","G","T","N","T","S","N","Q","V","A","V","L","Y","Q","G","V","N","C","T","E","V","P","V","A","I","H","A","D","Q","L","T","P","T","W","R","V","Y","S","T","G","S","N","V","F","Q","T","R","A","G","C","L","I","G","A","E","H","V","N","N","S","Y","E","C","D","I","P","I","G","A","G","I","C","A","S","Y","Q","T","Q","T","N","S","P","R","R","A","R","S","V","A","S","Q","S","I","I","A","Y","T","M","S","L","G","A","E","N","S","V","A","Y","S","N","N","S","I","A","I","P","T","N","F","T","I","S","V","T","T","E","I","L","P","V","S","M","T","K","T","S","V","D","C","T","M","Y","I","C","G","D","S","T","E","C","S","N","L","L","L","Q","Y","G","S","F","C","T","Q","L","N","R","A","L","T","G","I","A","V","E","Q","D","K","N","T","Q","E","V","F","A","Q","V","K","Q","I","Y","K","T","P","P","I","K","D","F","G","G","F","N","F","S","Q","I","L","P","D","P","S","K","P","S","K","R","S","F","I","E","D","L","L","F","N","K","V","T","L","A","D","A","G","F","I","K","Q","Y","G","D","C","L","G","D","I","A","A","R","D","L","I","C","A","Q","K","F","N","G","L","T","V","L","P","P","L","L","T","D","E","M","I","A","Q","Y","T","S","A","L","L","A","G","T","I","T","S","G","W","T","F","G","A","G","A","A","L","Q","I","P","F","A","M","Q","M","A","Y","R","F","N","G","I","G","V","T","Q","N","V","L","Y","E","N","Q","K","L","I","A","N","Q","F","N","S","A","I","G","K","I","Q","D","S","L","S","S","T","A","S","A","L","G","K","L","Q","D","V","V","N","Q","N","A","Q","A","L","N","T","L","V","K","Q","L","S","S","N","F","G","A","I","S","S","V","L","N","D","I","L","S","R","L","D","K","V","E","A","E","V","Q","I","D","R","L","I","T","G","R","L","Q","S","L","Q","T","Y","V","T","Q","Q","L","I","R","A","A","E","I","R","A","S","A","N","L","A","A","T","K","M","S","E","C","V","L","G","Q","S","K","R","V","D","F","C","G","K","G","Y","H","L","M","S","F","P","Q","S","A","P","H","G","V","V","F","L","H","V","T","Y","V","P","A","Q","E","K","N","F","T","T","A","P","A","I","C","H","D","G","K","A","H","F","P","R","E","G","V","F","V","S","N","G","T","H","W","F","V","T","Q","R","N","F","Y","E","P","Q","I","I","T","T","D","N","T","F","V","S","G","N","C","D","V","V","I","G","I","V","N","N","T","V","Y","D","P","L","Q","P","E","L","D","S","F","K","E","E","L","D","K","Y","F","K","N","H","T","S","P","D","V","D","L","G","D","I","S","G","I","N","A","S","V","V","N","I","Q","K","E","I","D","R","L","N","E","V","A","K","N","L","N","E","S","L","I","D","L","Q","E","L","G","K","Y","E","Q","Y","I","K","W","P","W","Y","I","W","L","G","F","I","A","G","L","I","A","I","V","M","V","T","I","M","L","C","C","M","T","S","C","C","S","C","L","K","G","C","C","S","C","G","S","C","C","K","F","D","E","D","D","S","E","P","V","L","K","G","V","K","L","H","Y","T","---"
"New.hCoV.19.Japan.PG.12273.2020","M","F","V","F","L","V","L","L","P","L","V","S","S","Q","C","V","N","L","T","T","R","T","Q","L","P","P","A","Y","T","N","S","F","T","R","G","V","Y","Y","P","D","K","V","F","R","S","S","V","L","H","S","T","Q","D","L","F","L","P","F","F","S","N","V","T","W","F","H","A","I","H","V","S","G","T","N","G","T","K","R","F","D","N","P","V","L","P","F","N","D","G","V","Y","F","A","S","T","E","K","S","N","I","I","R","G","W","I","F","G","T","T","L","D","S","K","T","Q","S","L","L","I","V","N","N","A","T","N","V","V","I","K","V","C","E","F","Q","F","C","N","D","P","F","L","G","V","Y","Y","H","K","N","N","K","S","W","M","E","S","E","F","R","V","Y","S","S","A","N","N","C","T","F","E","Y","V","S","Q","P","F","L","M","D","L","E","G","K","Q","G","N","F","K","N","L","R","E","F","V","F","K","N","I","D","G","Y","F","K","I","Y","S","K","H","T","P","I","N","L","V","R","D","L","P","Q","G","F","S","A","L","E","P","L","V","D","L","P","I","G","I","N","I","T","R","F","Q","T","L","L","A","L","H","R","S","Y","L","T","P","G","D","S","S","S","G","W","T","A","G","A","A","A","Y","Y","V","G","Y","L","Q","P","R","T","F","L","L","K","Y","N","E","N","G","T","I","T","D","A","V","D","C","A","L","D","P","L","S","E","T","K","C","T","L","K","S","F","T","V","E","K","G","I","Y","Q","T","S","N","F","R","V","Q","P","T","E","S","I","V","R","F","P","N","I","T","N","L","C","P","F","G","E","V","F","N","A","T","R","F","A","S","V","Y","A","W","N","R","K","R","I","S","N","C","V","A","D","Y","S","V","L","Y","N","S","A","S","F","S","T","F","K","C","Y","G","V","S","P","T","K","L","N","D","L","C","F","T","N","V","Y","A","D","S","F","V","I","R","G","D","E","V","R","Q","I","A","P","G","Q","T","G","K","I","A","D","Y","N","Y","K","L","P","D","D","F","T","G","C","V","I","A","W","N","S","N","N","L","D","S","K","V","G","G","N","Y","N","Y","L","Y","R","L","F","R","K","S","N","L","K","P","F","E","R","D","I","S","T","E","I","Y","Q","A","G","S","T","P","C","N","G","V","E","G","F","N","C","Y","F","P","L","Q","S","Y","G","F","Q","P","T","N","G","V","G","Y","Q","P","Y","R","V","V","V","L","S","F","E","L","L","H","A","P","A","T","V","C","G","P","K","K","S","T","N","L","V","K","N","K","C","V","N","F","N","F","N","G","L","T","G","T","G","V","L","T","E","S","N","K","K","F","L","P","F","Q","Q","F","G","R","D","I","A","D","T","T","D","A","V","R","D","P","Q","T","L","E","I","L","D","I","T","P","C","S","F","G","G","V","S","V","I","T","P","G","T","N","T","S","N","Q","V","A","V","L","Y","Q","G","V","N","C","T","E","V","P","V","A","I","H","A","D","Q","L","T","P","T","W","R","V","Y","S","T","G","S","N","V","F","Q","T","R","A","G","C","L","I","G","A","E","H","V","N","N","S","Y","E","C","D","I","P","I","G","A","G","I","C","A","S","Y","H","T","Q","T","N","S","P","R","R","A","R","S","V","A","S","Q","S","I","I","A","Y","T","M","S","L","G","A","E","N","S","V","A","Y","S","N","N","S","I","A","I","P","T","N","F","T","I","S","V","T","T","E","I","L","P","V","S","M","T","K","T","S","V","D","C","T","M","Y","I","C","G","D","S","T","E","C","S","N","L","L","L","Q","Y","G","S","F","C","T","Q","L","N","R","A","L","T","G","I","A","V","E","Q","D","K","N","T","Q","E","V","F","A","Q","V","K","Q","I","Y","K","T","P","P","I","K","D","F","G","G","F","N","F","S","Q","I","L","P","D","P","S","K","P","S","K","R","S","F","I","E","D","L","L","F","N","K","V","T","L","A","D","A","G","F","I","K","Q","Y","G","D","C","L","G","D","I","A","A","R","D","L","I","C","A","Q","K","F","N","G","L","T","V","L","P","P","L","L","T","D","E","M","I","A","Q","Y","T","S","A","L","L","A","G","T","I","T","S","G","W","T","F","G","A","G","A","A","L","Q","I","P","F","A","M","Q","M","A","Y","R","F","N","G","I","G","V","T","Q","N","V","L","Y","E","N","Q","K","L","I","A","N","Q","F","N","S","A","I","G","K","I","Q","D","S","L","S","S","T","A","S","A","L","G","K","L","Q","D","V","V","N","Q","N","A","Q","A","L","N","T","L","V","K","Q","L","S","S","N","F","G","A","I","S","S","V","L","N","D","I","L","S","R","L","D","K","V","E","A","E","V","Q","I","D","R","L","I","T","G","R","L","Q","S","L","Q","T","Y","V","T","Q","Q","L","I","R","A","A","E","I","R","A","S","A","N","L","A","A","T","K","M","S","E","C","V","L","G","Q","S","K","R","V","D","F","C","G","K","G","Y","H","L","M","S","F","P","Q","S","A","P","H","G","V","V","F","L","H","V","T","Y","V","P","A","Q","E","K","N","F","T","T","A","P","A","I","C","H","D","G","K","A","H","F","P","R","E","G","V","F","V","S","N","G","T","H","W","F","V","T","Q","R","N","F","Y","E","P","Q","I","I","T","T","D","N","T","F","V","S","G","N","C","D","V","V","I","G","I","V","N","N","T","V","Y","D","P","L","Q","P","E","L","D","S","F","K","E","E","L","D","K","Y","F","K","N","H","T","S","P","D","V","D","L","G","D","I","S","G","I","N","A","S","V","V","N","I","Q","K","E","I","D","R","L","N","E","V","A","K","N","L","N","E","S","L","I","D","L","Q","E","L","G","K","Y","E","Q","Y","I","K","W","P","W","Y","I","W","L","G","F","I","A","G","L","I","A","I","V","M","V","T","I","M","L","C","C","M","T","S","C","C","S","C","L","K","G","C","C","S","C","G","S","C","C","K","F","D","E","D","D","S","E","P","V","L","K","G","V","K","L","H","Y","T","---"
"New.hCoV.19.Japan.PG.10756.2020","M","F","V","F","L","V","L","L","P","L","V","S","S","Q","C","V","N","L","T","T","R","T","Q","L","P","P","A","Y","T","N","S","F","T","R","G","V","Y","Y","P","D","K","V","F","R","S","S","V","L","H","S","T","Q","D","L","F","L","P","F","F","S","N","V","T","W","F","H","A","I","H","V","S","G","T","N","G","T","K","R","F","D","N","P","V","L","P","F","N","D","G","V","Y","F","A","S","T","E","K","S","N","I","I","R","G","W","I","F","G","T","T","L","D","S","K","T","Q","S","L","L","I","V","N","N","A","T","N","V","V","I","K","V","C","E","F","Q","F","C","N","D","P","F","L","G","V","Y","Y","H","K","N","N","K","S","W","M","E","S","E","F","R","V","Y","S","S","A","N","N","C","T","F","E","Y","V","S","Q","P","F","L","M","D","L","E","G","K","Q","G","N","F","K","N","L","R","E","F","V","F","K","N","I","D","G","Y","F","K","I","Y","S","K","H","T","P","I","N","L","V","R","D","L","P","Q","G","F","S","A","L","E","P","L","V","D","L","P","I","G","I","N","I","T","R","F","Q","T","L","L","A","L","H","R","S","Y","L","T","P","G","D","S","S","S","G","W","T","A","G","A","A","A","Y","Y","V","G","Y","L","Q","P","R","T","F","L","L","K","Y","N","E","N","G","T","I","T","D","A","V","D","C","A","L","D","P","L","S","E","T","K","C","T","L","K","S","F","T","V","E","K","G","I","Y","Q","T","S","N","F","R","V","Q","P","T","E","S","I","V","R","F","P","N","I","T","N","L","C","P","F","G","E","V","F","N","A","T","R","F","A","S","V","Y","A","W","N","R","K","R","I","S","N","C","V","A","D","Y","S","V","L","Y","N","S","A","S","F","S","T","F","K","C","Y","G","V","S","P","T","K","L","N","D","L","C","F","T","N","V","Y","A","D","S","F","V","I","R","G","D","E","V","R","Q","I","A","P","G","Q","T","G","K","I","A","D","Y","N","Y","K","L","P","D","D","F","T","G","C","V","I","A","W","N","S","N","N","L","D","S","K","V","G","G","N","Y","N","Y","L","Y","R","L","F","R","K","S","N","L","K","P","F","E","R","D","I","S","T","E","I","Y","Q","A","G","S","T","P","C","N","G","V","E","G","F","N","C","Y","F","P","L","Q","S","Y","G","F","Q","P","T","N","G","V","G","Y","Q","P","Y","R","V","V","V","L","S","F","E","L","L","H","A","P","A","T","V","C","G","P","K","K","S","T","N","L","V","K","N","K","C","V","N","F","N","F","N","G","L","T","G","T","G","V","L","T","E","S","N","K","K","F","L","P","F","Q","Q","F","G","R","D","I","A","D","T","T","D","A","V","R","D","P","Q","T","L","E","I","L","D","I","T","P","C","S","F","G","G","V","S","V","I","T","P","G","T","N","T","S","N","Q","V","A","V","L","Y","Q","G","V","N","C","T","E","V","P","V","A","I","H","A","D","Q","L","T","P","T","W","R","V","Y","S","T","G","S","N","V","F","Q","T","R","A","G","C","L","I","G","A","E","H","V","N","N","S","Y","E","C","D","I","P","I","G","A","G","I","C","A","S","Y","Q","T","Q","T","N","S","L","R","R","A","R","S","V","A","S","Q","S","I","I","A","Y","T","M","S","L","G","A","E","N","S","V","A","Y","S","N","N","S","I","A","I","P","T","N","F","T","I","S","V","T","T","E","I","L","P","V","S","M","T","K","T","S","V","D","C","T","M","Y","I","C","G","D","S","T","E","C","S","N","L","L","L","Q","Y","G","S","F","C","T","Q","L","N","R","A","L","T","G","I","A","V","E","Q","D","K","N","T","Q","E","V","F","A","Q","V","K","Q","I","Y","K","T","P","P","I","K","D","F","G","G","F","N","F","S","Q","I","L","P","D","P","S","K","P","S","K","R","S","F","I","E","D","L","L","F","N","K","V","T","L","A","D","A","G","F","I","K","Q","Y","G","D","C","L","G","D","I","A","A","R","D","L","I","C","A","Q","K","F","N","G","L","T","V","L","P","P","L","L","T","D","E","M","I","A","Q","Y","T","S","A","L","L","A","G","T","I","T","S","G","W","T","F","G","A","G","A","A","L","Q","I","P","F","A","M","Q","M","A","Y","R","F","N","G","I","G","V","T","Q","N","V","L","Y","E","N","Q","K","L","I","A","N","Q","F","N","S","A","I","G","K","I","Q","D","S","L","S","S","T","A","S","A","L","G","K","L","Q","D","V","V","N","Q","N","A","Q","A","L","N","T","L","V","K","Q","L","S","S","N","F","G","A","I","S","S","V","L","N","D","I","L","S","R","L","D","K","V","E","A","E","V","Q","I","D","R","L","I","T","G","R","L","Q","S","L","Q","T","Y","V","T","Q","Q","L","I","R","A","A","E","I","R","A","S","A","N","L","A","A","T","K","M","S","E","C","V","L","G","Q","S","K","R","V","D","F","C","G","K","G","Y","H","L","M","S","F","P","Q","S","A","P","H","G","V","V","F","L","H","V","T","Y","V","P","A","Q","E","K","N","F","T","T","A","P","A","I","C","H","D","G","K","A","H","F","P","R","E","G","V","F","V","S","N","G","T","H","W","F","V","T","Q","R","N","F","Y","E","P","Q","I","I","T","T","D","N","T","F","V","S","G","N","C","D","V","V","I","G","I","V","N","N","T","V","Y","D","P","L","Q","P","E","L","D","S","F","K","E","E","L","D","K","Y","F","K","N","H","T","S","P","D","V","D","L","G","D","I","S","G","I","N","A","S","V","V","N","I","Q","K","E","I","D","R","L","N","E","V","A","K","N","L","N","E","S","L","I","D","L","Q","E","L","G","K","Y","E","Q","Y","I","K","W","P","W","Y","I","W","L","G","F","I","A","G","L","I","A","I","V","M","V","T","I","M","L","C","C","M","T","S","C","C","S","C","L","K","G","C","C","S","C","G","S","C","C","K","F","D","E","D","D","S","E","P","V","L","K","G","V","K","L","H","Y","T","---"
"New.hCoV.19.Japan.PG.11897.2020","M","F","V","F","L","V","L","L","P","L","V","S","S","Q","C","V","N","L","T","T","R","T","Q","L","P","P","A","Y","T","N","S","F","T","R","G","V","Y","Y","P","D","K","V","F","R","S","S","V","L","H","S","T","Q","D","L","F","L","P","F","F","S","N","V","T","W","F","H","A","I","H","V","S","G","T","N","G","T","K","R","F","D","N","P","V","L","P","F","N","D","G","V","Y","F","A","S","T","E","K","S","N","I","I","R","G","W","I","F","G","T","T","L","D","S","K","T","Q","S","L","L","I","V","N","N","A","T","N","V","V","I","K","V","C","E","F","Q","F","C","N","D","P","F","L","G","V","Y","Y","H","K","N","N","K","S","W","M","E","S","E","F","R","V","Y","S","S","A","N","N","C","T","F","E","Y","V","S","Q","P","F","L","M","D","L","E","G","K","Q","G","N","F","K","N","L","R","E","F","V","F","K","N","I","D","G","Y","F","K","I","Y","S","K","H","T","P","I","N","L","V","R","D","L","P","Q","G","F","S","A","L","E","P","L","V","D","L","P","I","G","I","N","I","T","R","F","Q","T","L","L","A","L","H","R","S","Y","L","T","P","G","D","S","S","S","G","W","T","A","G","A","A","A","Y","Y","V","G","Y","L","Q","P","R","T","F","L","L","K","Y","N","E","N","G","T","I","T","D","A","V","D","C","A","L","D","P","L","S","E","T","K","C","T","L","K","S","F","T","V","E","K","G","I","Y","Q","T","S","N","F","R","V","Q","P","T","E","S","I","V","R","F","P","N","I","T","N","L","C","P","F","G","E","V","F","N","A","T","R","F","A","S","V","Y","A","W","N","R","K","R","I","S","N","C","V","A","D","Y","S","V","L","Y","N","S","A","S","F","S","T","F","K","C","Y","G","V","S","P","T","K","L","N","D","L","C","F","T","N","V","Y","A","D","S","F","V","I","R","G","D","E","V","R","Q","I","A","P","G","Q","T","G","K","I","A","D","Y","N","Y","K","L","P","D","D","F","T","G","C","V","I","A","W","N","S","N","N","L","D","S","K","V","G","G","N","Y","N","Y","L","Y","R","L","F","R","K","S","N","L","K","P","F","E","R","D","I","S","T","E","I","Y","Q","A","G","S","T","P","C","N","G","V","E","G","F","N","C","Y","F","P","L","Q","S","Y","G","F","Q","P","T","N","G","V","G","Y","Q","P","Y","R","V","V","V","L","S","F","E","L","L","H","A","P","A","T","V","C","G","P","K","K","S","T","N","L","V","K","N","K","C","V","N","F","N","F","N","G","L","T","G","T","G","V","L","T","E","S","N","K","K","F","L","P","F","Q","Q","F","G","R","D","I","A","D","T","T","D","A","V","R","D","P","Q","T","L","E","I","L","D","I","T","P","C","S","F","G","G","V","S","V","I","T","P","G","T","N","T","S","N","Q","V","A","V","L","Y","Q","G","V","N","C","T","E","V","P","V","A","I","H","A","D","Q","L","T","P","T","W","R","V","Y","S","T","G","S","N","V","F","Q","T","R","A","G","C","L","I","G","A","E","H","V","N","N","S","Y","E","C","D","I","P","I","G","A","G","I","C","A","S","Y","Q","T","Q","T","N","S","P","R","R","A","R","S","V","A","S","Q","S","I","I","A","Y","T","M","S","L","G","A","E","N","S","V","A","Y","S","N","N","S","I","A","I","P","T","N","F","T","I","S","V","T","T","E","I","L","P","V","S","M","T","K","T","S","V","D","C","T","M","Y","I","C","G","D","S","T","E","C","S","N","L","L","L","Q","Y","G","S","F","C","T","Q","L","N","R","A","L","T","G","I","A","V","E","Q","D","K","N","T","Q","E","V","F","A","Q","V","K","Q","I","Y","K","T","P","P","I","K","D","F","G","G","F","N","F","S","Q","I","L","P","D","P","S","K","P","S","K","R","S","F","I","E","D","L","L","F","N","K","V","T","L","A","D","A","G","F","I","K","Q","Y","G","D","C","L","G","D","I","A","A","R","D","L","I","C","A","Q","K","F","N","G","L","T","V","L","P","P","L","L","T","D","E","M","I","A","Q","Y","T","S","A","L","L","A","G","T","I","T","S","G","W","T","F","G","A","G","A","A","L","Q","I","P","F","A","M","Q","M","A","Y","R","F","N","G","I","G","V","T","Q","N","V","L","Y","E","N","Q","K","L","I","A","N","Q","F","N","S","A","I","G","K","I","Q","D","S","L","S","S","T","A","S","A","L","G","K","L","Q","D","V","V","N","Q","N","A","Q","A","L","N","T","L","V","K","Q","L","S","S","N","F","G","A","I","S","S","V","L","N","D","I","L","S","R","L","D","K","V","E","A","E","V","Q","I","D","R","L","I","T","G","R","L","Q","S","L","Q","T","Y","V","T","Q","Q","L","I","R","A","A","E","I","R","A","S","A","N","L","A","A","T","K","M","S","E","C","V","L","G","Q","S","K","R","V","D","F","C","G","K","G","Y","H","L","M","S","F","P","Q","S","A","P","H","G","V","V","F","L","H","V","T","Y","V","P","A","Q","E","K","N","F","T","T","A","P","A","I","C","H","D","G","K","A","H","F","P","R","E","G","V","F","V","S","N","G","T","H","W","F","V","T","Q","R","N","F","Y","E","P","Q","I","I","T","T","D","N","T","F","V","S","G","N","C","D","V","V","I","G","I","V","N","N","T","V","Y","D","P","L","Q","P","E","L","D","S","F","K","E","E","L","D","K","Y","F","K","N","H","T","S","P","D","V","D","L","G","D","I","S","G","I","N","A","S","V","V","N","I","Q","K","E","I","D","R","L","N","E","V","A","K","N","L","N","E","S","L","I","D","L","Q","E","L","G","K","Y","E","Q","Y","I","K","W","P","W","Y","I","W","L","G","F","I","A","G","L","I","A","I","V","M","V","T","I","M","L","C","C","M","T","S","C","C","S","C","L","K","G","C","C","S","C","G","S","C","C","K","F","D","E","D","D","S","E","P","V","L","K","G","V","K","L","H","Y","T","---"
"New.hCoV.19.Japan.PG.12749.2020","M","F","V","F","L","V","L","L","P","L","V","S","S","Q","C","V","N","L","T","T","R","T","Q","L","P","P","A","Y","T","N","S","F","T","R","G","V","Y","Y","P","D","K","V","F","R","S","S","V","L","H","S","T","Q","D","L","F","L","P","F","F","S","N","V","T","W","F","H","A","I","H","V","S","G","T","N","G","T","K","R","F","D","N","P","V","L","P","F","N","D","G","V","Y","F","A","S","T","E","K","S","N","I","I","R","G","W","I","F","G","T","T","L","D","S","K","T","Q","S","L","L","I","V","N","N","A","T","N","V","V","I","K","V","C","E","F","Q","F","C","N","D","P","F","L","G","V","Y","Y","H","K","N","N","K","S","W","M","E","S","E","F","R","V","Y","S","S","A","N","N","C","T","F","E","Y","V","S","Q","P","F","L","M","D","L","E","G","K","Q","G","N","F","K","N","L","R","E","F","V","F","K","N","I","D","G","Y","F","K","I","Y","S","K","H","T","P","I","N","L","V","R","D","L","P","Q","G","F","S","A","L","E","P","L","V","D","L","P","I","G","I","N","I","T","R","F","Q","T","L","L","A","L","H","R","S","Y","L","T","P","G","D","S","S","S","G","W","T","A","G","A","A","A","Y","Y","V","G","Y","L","Q","P","R","T","F","L","L","K","Y","N","E","N","G","T","I","T","D","A","V","D","C","A","L","D","P","L","S","E","T","K","C","T","L","K","S","F","T","V","E","K","G","I","Y","Q","T","S","N","F","R","V","Q","P","T","E","S","I","V","R","F","P","N","I","T","N","L","C","P","F","G","E","V","F","N","A","T","R","F","A","S","V","Y","A","W","N","R","K","R","I","S","N","C","V","A","D","Y","S","V","L","Y","N","S","A","S","F","S","T","F","K","C","Y","G","V","S","P","T","K","L","N","D","L","C","F","T","N","V","Y","A","D","S","F","V","I","R","G","D","E","V","R","Q","I","A","P","G","Q","T","G","K","I","A","D","Y","N","Y","K","L","P","D","D","F","T","G","C","V","I","A","W","N","S","N","N","L","D","S","K","V","G","G","N","Y","N","Y","L","Y","R","L","F","R","K","S","N","L","K","P","F","E","R","D","I","S","T","E","I","Y","Q","A","G","S","T","P","C","N","G","V","E","G","F","N","C","Y","F","P","L","Q","S","Y","G","F","Q","P","T","N","G","V","G","Y","Q","P","Y","R","V","V","V","L","S","F","E","L","L","H","A","P","A","T","V","C","G","P","K","K","S","T","N","L","V","K","N","K","C","V","N","F","N","F","N","G","L","T","G","T","G","V","L","T","E","S","N","K","K","F","L","P","F","Q","Q","F","G","R","D","I","A","D","T","T","D","A","V","R","D","P","Q","T","L","E","I","L","D","I","T","P","C","S","F","G","G","V","S","V","I","T","P","G","T","N","T","S","N","Q","V","A","V","L","Y","Q","G","V","N","C","T","E","V","P","V","A","I","H","A","D","Q","L","T","P","T","W","R","V","Y","S","T","G","S","N","V","F","Q","T","R","A","G","C","L","I","G","A","E","H","V","N","N","S","Y","E","C","D","I","P","I","G","A","G","I","C","A","S","Y","H","T","Q","T","N","S","P","R","R","A","R","S","V","A","S","Q","S","I","I","A","Y","T","M","S","L","G","A","E","N","S","V","A","Y","S","N","N","S","I","A","I","P","T","N","F","T","I","S","V","T","T","E","I","L","P","V","S","M","T","K","T","S","V","D","C","T","M","Y","I","C","G","D","S","T","E","C","S","N","L","L","L","Q","Y","G","S","F","C","T","Q","L","N","R","A","L","T","G","I","A","V","E","Q","D","K","N","T","Q","E","V","F","A","Q","V","K","Q","I","Y","K","T","P","P","I","K","D","F","G","G","F","N","F","S","Q","I","L","P","D","P","S","K","P","S","K","R","S","F","I","E","D","L","L","F","N","K","V","T","L","A","D","A","G","F","I","K","Q","Y","G","D","C","L","G","D","I","A","A","R","D","L","I","C","A","Q","K","F","N","G","L","T","V","L","P","P","L","L","T","D","E","M","I","A","Q","Y","T","S","A","L","L","A","G","T","I","T","S","G","W","T","F","G","A","G","A","A","L","Q","I","P","F","A","M","Q","M","A","Y","R","F","N","G","I","G","V","T","Q","N","V","L","Y","E","N","Q","K","L","I","A","N","Q","F","N","S","A","I","G","K","I","Q","D","S","L","S","S","T","A","S","A","L","G","K","L","Q","D","V","V","N","Q","N","A","Q","A","L","N","T","L","V","K","Q","L","S","S","N","F","G","A","I","S","S","V","L","N","D","I","L","S","R","L","D","K","V","E","A","E","V","Q","I","D","R","L","I","T","G","R","L","Q","S","L","Q","T","Y","V","T","Q","Q","L","I","R","A","A","E","I","R","A","S","A","N","L","A","A","T","K","M","S","E","C","V","L","G","Q","S","K","R","V","D","F","C","G","K","G","Y","H","L","M","S","F","P","Q","S","A","P","H","G","V","V","F","L","H","V","T","Y","V","P","A","Q","E","K","N","F","T","T","A","P","A","I","C","H","D","G","K","A","H","F","P","R","E","G","V","F","V","S","N","G","T","H","W","F","V","T","Q","R","N","F","Y","E","P","Q","I","I","T","T","D","N","T","F","V","S","G","N","C","D","V","V","I","G","I","V","N","N","T","V","Y","D","P","L","Q","P","E","L","D","S","F","K","E","E","L","D","K","Y","F","K","N","H","T","S","P","D","V","D","L","G","D","I","S","G","I","N","A","S","V","V","N","I","Q","K","E","I","D","R","L","N","E","V","A","K","N","L","N","E","S","L","I","D","L","Q","E","L","G","K","Y","E","Q","Y","I","K","W","P","W","Y","I","W","L","G","F","I","A","G","L","I","A","I","V","M","V","T","I","M","L","C","C","M","T","S","C","C","S","C","L","K","G","C","C","S","C","G","S","C","C","K","F","D","E","D","D","S","E","P","V","L","K","G","V","K","L","H","Y","T","---"
"New.hCoV.19.Japan.PG.11296.2020","M","F","V","F","L","V","L","L","P","L","V","S","S","Q","C","V","N","L","T","T","R","T","Q","L","P","P","A","Y","T","N","S","F","T","R","G","V","Y","Y","P","D","K","V","F","R","S","S","V","L","H","S","T","Q","D","L","F","L","P","F","F","S","N","V","T","W","F","H","A","I","H","V","S","G","T","N","G","T","K","R","F","D","N","P","V","L","P","F","N","D","G","V","Y","F","A","S","T","E","K","S","N","I","I","R","G","W","I","F","G","T","T","L","D","S","K","T","Q","S","L","L","I","V","N","N","A","T","N","V","V","I","K","V","C","E","F","Q","F","C","N","D","P","F","L","G","V","Y","Y","H","K","N","N","K","S","W","M","E","S","E","F","R","V","Y","S","S","A","N","N","C","T","F","E","Y","V","S","Q","P","F","L","M","D","L","E","G","K","Q","G","N","F","K","N","L","R","E","F","V","F","K","N","I","D","G","Y","F","K","I","Y","S","K","H","T","P","I","N","L","V","R","D","L","P","Q","G","F","S","A","L","E","P","L","V","D","L","P","I","G","I","N","I","T","R","F","Q","T","L","L","A","L","H","R","S","Y","L","T","P","G","D","S","S","S","G","W","T","A","G","A","A","A","Y","Y","V","G","Y","L","Q","P","R","T","F","L","L","K","Y","N","E","N","G","T","I","T","D","A","V","D","C","A","L","D","P","L","S","E","T","K","C","T","L","K","S","F","T","V","E","K","G","I","Y","Q","T","S","N","F","R","V","Q","P","T","E","S","I","V","R","F","P","N","I","T","N","L","C","P","F","G","E","V","F","N","A","T","R","F","A","S","V","Y","A","W","N","R","K","R","I","S","N","C","V","A","D","Y","S","V","L","Y","N","S","A","S","F","S","T","F","K","C","Y","G","V","S","P","T","K","L","N","D","L","C","F","T","N","V","Y","A","D","S","F","V","I","R","G","D","E","V","R","Q","I","A","P","G","Q","T","G","K","I","A","D","Y","N","Y","K","L","P","D","D","F","T","G","C","V","I","A","W","N","S","N","N","L","D","S","K","V","G","G","N","Y","N","Y","L","Y","R","L","F","R","K","S","N","L","K","P","F","E","R","D","I","S","T","E","I","Y","Q","A","G","S","T","P","C","N","G","V","E","G","F","N","C","Y","F","P","L","Q","S","Y","G","F","Q","P","T","N","G","V","G","Y","Q","P","Y","R","V","V","V","L","S","F","E","L","L","H","A","P","A","T","V","C","G","P","K","K","S","T","N","L","V","K","N","K","C","V","N","F","N","F","N","G","L","T","G","T","G","V","L","T","E","S","N","K","K","F","L","P","F","Q","Q","F","G","R","D","I","A","D","T","T","D","A","V","R","D","P","Q","T","L","E","I","L","D","I","T","P","C","S","F","G","G","V","S","V","I","T","P","G","T","N","T","S","N","Q","V","A","V","L","Y","Q","G","V","N","C","T","E","V","P","V","A","I","H","A","D","Q","L","T","P","T","W","R","V","Y","S","T","G","S","N","V","F","Q","T","R","A","G","C","L","I","G","A","E","H","V","N","N","S","Y","E","C","D","I","P","I","G","A","G","I","C","A","S","Y","Q","T","Q","T","N","S","P","R","R","A","R","S","V","A","S","Q","S","I","I","A","Y","T","M","S","L","G","A","E","N","S","V","A","Y","S","N","N","S","I","A","I","P","T","N","F","T","I","S","V","T","T","E","I","L","P","V","S","M","T","K","T","S","V","D","C","T","M","Y","I","C","G","D","S","T","E","C","S","N","L","L","L","Q","Y","G","S","F","C","T","Q","L","N","R","A","L","T","G","I","A","V","E","Q","D","K","N","T","Q","E","V","F","A","Q","V","K","Q","I","Y","K","T","P","P","I","K","D","F","G","G","F","N","F","S","Q","I","L","P","D","P","S","K","P","S","K","R","S","F","I","E","D","L","L","F","N","K","V","T","L","A","D","A","G","F","I","K","Q","Y","G","D","C","L","G","D","I","A","A","R","D","L","I","C","A","Q","K","F","N","G","L","T","V","L","P","P","L","L","T","D","E","M","I","A","Q","Y","T","S","A","L","L","A","G","T","I","T","S","G","W","T","F","G","A","G","A","A","L","Q","I","P","F","A","M","Q","M","A","Y","R","F","N","G","I","G","V","T","Q","N","V","L","Y","E","N","Q","K","L","I","A","N","Q","F","N","S","A","I","G","K","I","Q","D","S","L","S","S","T","A","S","A","L","G","K","L","Q","D","V","V","N","Q","N","A","Q","A","L","N","T","L","V","K","Q","L","S","S","N","F","G","A","I","S","S","V","L","N","D","I","L","S","R","L","D","K","V","E","A","E","V","Q","I","D","R","L","I","T","G","R","L","Q","S","L","Q","T","Y","V","T","Q","Q","L","I","R","A","A","E","I","R","A","S","A","N","L","A","A","T","K","M","S","E","C","V","L","G","Q","S","K","R","V","D","F","C","G","K","G","Y","H","L","M","S","F","P","Q","S","A","P","H","G","V","V","F","L","H","V","T","Y","V","P","A","Q","E","K","N","F","T","T","A","P","A","I","C","H","D","G","K","A","H","F","P","R","E","G","V","F","V","S","N","G","T","H","W","F","V","T","Q","R","N","F","Y","E","P","Q","I","I","T","T","D","N","T","F","V","S","G","N","C","D","V","V","I","G","I","V","N","N","T","V","Y","D","P","L","Q","P","E","L","D","S","F","K","E","E","L","D","K","Y","F","K","N","H","T","S","P","D","V","D","L","G","D","I","S","G","I","N","A","S","V","V","N","I","Q","K","E","I","D","R","L","N","E","V","A","K","N","L","N","E","S","L","I","D","L","Q","E","L","G","K","Y","E","Q","Y","I","K","W","P","W","Y","I","W","L","G","F","I","A","G","L","I","A","I","V","M","V","T","I","M","L","C","C","M","T","S","C","C","S","C","L","K","G","C","C","S","C","G","S","C","C","K","F","D","E","D","D","S","E","P","V","L","K","G","V","K","L","H","Y","T","---"
"New.hCoV.19.Japan.PG.13001.2020","M","F","V","F","L","V","L","L","P","L","V","S","S","Q","C","V","N","L","T","T","R","T","Q","L","P","P","A","Y","T","N","S","F","T","R","G","V","Y","Y","P","D","K","V","F","R","S","S","V","L","H","S","T","Q","D","L","F","L","P","F","F","S","N","V","T","W","F","H","A","I","H","V","S","G","T","N","G","T","K","R","F","D","N","P","V","L","P","F","N","D","G","V","Y","F","A","S","T","E","K","S","N","I","I","R","G","W","I","F","G","T","T","L","D","S","K","T","Q","S","L","L","I","V","N","N","A","T","N","V","V","I","K","V","C","E","F","Q","F","C","N","D","P","F","L","G","V","Y","Y","H","K","N","N","K","S","W","M","E","S","E","F","R","V","Y","S","S","A","N","N","C","T","F","E","Y","V","S","Q","P","F","L","M","D","L","E","G","K","Q","G","N","F","K","N","L","R","E","F","V","F","K","N","I","D","G","Y","F","K","I","Y","S","K","H","T","P","I","N","L","V","R","D","L","P","Q","G","F","S","A","L","E","P","L","V","D","L","P","I","G","I","N","I","T","R","F","Q","T","L","L","A","L","H","R","S","Y","L","T","P","G","D","S","S","S","G","W","T","A","G","A","A","A","Y","Y","V","G","Y","L","Q","P","R","T","F","L","L","K","Y","N","E","N","G","T","I","T","D","A","V","D","C","A","L","D","P","L","S","E","T","K","C","T","L","K","S","F","T","V","E","K","G","I","Y","Q","T","S","N","F","R","V","Q","P","T","E","S","I","V","R","F","P","N","I","T","N","L","C","P","F","G","E","V","F","N","A","T","R","F","A","S","V","Y","A","W","N","R","K","R","I","S","N","C","V","A","D","Y","S","V","L","Y","N","S","A","S","F","S","T","F","K","C","Y","G","V","S","P","T","K","L","N","D","L","C","F","T","N","V","Y","A","D","S","F","V","I","R","G","D","E","V","R","Q","I","A","P","G","Q","T","G","K","I","A","D","Y","N","Y","K","L","P","D","D","F","T","G","C","V","I","A","W","N","S","N","N","L","D","S","K","V","G","G","N","Y","N","Y","L","Y","R","L","F","R","K","S","N","L","K","P","F","E","R","D","I","S","T","E","I","Y","Q","A","G","S","T","P","C","N","G","V","E","G","F","N","C","Y","F","P","L","Q","S","Y","G","F","Q","P","T","N","G","V","G","Y","Q","P","Y","R","V","V","V","L","S","F","E","L","L","H","A","P","A","T","V","C","G","P","K","K","S","T","N","L","V","K","N","K","C","V","N","F","N","F","N","G","L","T","G","T","G","V","L","T","E","S","N","K","K","F","L","P","F","Q","Q","F","G","R","D","I","A","D","T","T","D","A","V","R","D","P","Q","T","L","E","I","L","D","I","T","P","C","S","F","G","G","V","S","V","I","T","P","G","T","N","T","S","N","Q","V","A","V","L","Y","Q","G","V","N","C","T","E","V","P","V","A","I","H","A","D","Q","L","T","P","T","W","R","V","Y","S","T","G","S","N","V","F","Q","T","R","A","G","C","L","I","G","A","E","H","V","N","N","S","Y","E","C","D","I","P","I","G","A","G","I","C","A","S","Y","H","T","Q","T","N","S","P","R","R","A","R","S","V","A","S","Q","S","I","I","A","Y","T","M","S","L","G","A","E","N","S","V","A","Y","S","N","N","S","I","A","I","P","T","N","F","T","I","S","V","T","T","E","I","L","P","V","S","M","T","K","T","S","V","D","C","T","M","Y","I","C","G","D","S","T","E","C","S","N","L","L","L","Q","Y","G","S","F","C","T","Q","L","N","R","A","L","T","G","I","A","V","E","Q","D","K","N","T","Q","E","V","F","A","Q","V","K","Q","I","Y","K","T","P","P","I","K","D","F","G","G","F","N","F","S","Q","I","L","P","D","P","S","K","P","S","K","R","S","F","I","E","D","L","L","F","N","K","V","T","L","A","D","A","G","F","I","K","Q","Y","G","D","C","L","G","D","I","A","A","R","D","L","I","C","A","Q","K","F","N","G","L","T","V","L","P","P","L","L","T","D","E","M","I","A","Q","Y","T","S","A","L","L","A","G","T","I","T","S","G","W","T","F","G","A","G","A","A","L","Q","I","P","F","A","M","Q","M","A","Y","R","F","N","G","I","G","V","T","Q","N","V","L","Y","E","N","Q","K","L","I","A","N","Q","F","N","S","A","I","G","K","I","Q","D","S","L","S","S","T","A","S","A","L","G","K","L","Q","D","V","V","N","Q","N","A","Q","A","L","N","T","L","V","K","Q","L","S","S","N","F","G","A","I","S","S","V","L","N","D","I","L","S","R","L","D","K","V","E","A","E","V","Q","I","D","R","L","I","T","G","R","L","Q","S","L","Q","T","Y","V","T","Q","Q","L","I","R","A","A","E","I","R","A","S","A","N","L","A","A","T","K","M","S","E","C","V","L","G","Q","S","K","R","V","D","F","C","G","K","G","Y","H","L","M","S","F","P","Q","S","A","P","H","G","V","V","F","L","H","V","T","Y","V","P","A","Q","E","K","N","F","T","T","A","P","A","I","C","H","D","G","K","A","H","F","P","R","E","G","V","F","V","S","N","G","T","H","W","F","V","T","Q","R","N","F","Y","E","P","Q","I","I","T","T","D","N","T","F","V","S","G","N","C","D","V","V","I","G","I","V","N","N","T","V","Y","D","P","L","Q","P","E","L","D","S","F","K","E","E","L","D","K","Y","F","K","N","H","T","S","P","D","V","D","L","G","D","I","S","G","I","N","A","S","V","V","N","I","Q","K","E","I","D","R","L","N","E","V","A","K","N","L","N","E","S","L","I","D","L","Q","E","L","G","K","Y","E","Q","Y","I","K","W","P","W","Y","I","W","L","G","F","I","A","G","L","I","A","I","V","M","V","T","I","M","L","C","C","M","T","S","C","C","S","C","L","K","G","C","C","S","C","G","S","C","C","K","F","D","E","D","D","S","E","P","V","L","K","G","V","K","L","H","Y","T","---"
"New.hCoV.19.Japan.PG.12125.2020","M","F","V","F","L","V","L","L","P","L","V","S","S","Q","C","V","N","L","T","T","R","T","Q","L","P","P","A","Y","T","N","S","F","T","R","G","V","Y","Y","P","D","K","V","F","R","S","S","V","L","H","S","T","Q","D","L","F","L","P","F","F","S","N","V","T","W","F","H","A","I","H","V","S","G","T","N","G","T","K","R","F","D","N","P","V","L","P","F","N","D","G","V","Y","F","A","S","T","E","K","S","N","I","I","R","G","W","I","F","G","T","T","L","D","S","K","T","Q","S","L","L","I","V","N","N","A","T","N","V","V","I","K","V","C","E","F","Q","F","C","N","D","P","F","L","G","V","Y","Y","H","K","N","N","K","S","W","M","E","S","E","F","R","V","Y","S","S","A","N","N","C","T","F","E","Y","V","S","Q","P","F","L","M","D","L","E","G","K","Q","G","N","F","K","N","L","R","E","F","V","F","K","N","I","D","G","Y","F","K","I","Y","S","K","H","T","P","I","N","L","V","R","D","L","P","Q","G","F","S","A","L","E","P","L","V","D","L","P","I","G","I","N","I","T","R","F","Q","T","L","L","A","L","H","R","S","Y","L","T","P","G","D","S","S","S","G","W","T","A","G","A","A","A","Y","Y","V","G","Y","L","Q","P","R","T","F","L","L","K","Y","N","E","N","G","T","I","T","D","A","V","D","C","A","L","D","P","L","S","E","T","K","C","T","L","K","S","F","T","V","E","K","G","I","Y","Q","T","S","N","F","R","V","Q","P","T","E","S","I","V","R","F","P","N","I","T","N","L","C","P","F","G","E","V","F","N","A","T","R","F","A","S","V","Y","A","W","N","R","K","R","I","S","N","C","V","A","D","Y","S","V","L","Y","N","S","A","S","F","S","T","F","K","C","Y","G","V","S","P","T","K","L","N","D","L","C","F","T","N","V","Y","A","D","S","F","V","I","R","G","D","E","V","R","Q","I","A","P","G","Q","T","G","K","I","A","D","Y","N","Y","K","L","P","D","D","F","T","G","C","V","I","A","W","N","S","N","N","L","D","S","K","V","G","G","N","Y","N","Y","L","Y","R","L","F","R","K","S","N","L","K","P","F","E","R","D","I","S","T","E","I","Y","Q","A","G","S","T","P","C","N","G","V","E","G","F","N","C","Y","F","P","L","Q","S","Y","G","F","Q","P","T","N","G","V","G","Y","Q","P","Y","R","V","V","V","L","S","F","E","L","L","H","A","P","A","T","V","C","G","P","K","K","S","T","N","L","V","K","N","K","C","V","N","F","N","F","N","G","L","T","G","T","G","V","L","T","E","S","N","K","K","F","L","P","F","Q","Q","F","G","R","D","I","A","D","T","T","D","A","V","R","D","P","Q","T","L","E","I","L","D","I","T","P","C","S","F","G","G","V","S","V","I","T","P","G","T","N","T","S","N","Q","V","A","V","L","Y","Q","G","V","N","C","T","E","V","P","V","A","I","H","A","D","Q","L","T","P","T","W","R","V","Y","S","T","G","S","N","V","F","Q","T","R","A","G","C","L","I","G","A","E","H","V","N","N","S","Y","E","C","D","I","P","I","G","A","G","I","C","A","S","Y","H","T","Q","T","N","S","P","R","R","A","R","S","V","A","S","Q","S","I","I","A","Y","T","M","S","L","G","A","E","N","S","V","A","Y","S","N","N","S","I","A","I","P","T","N","F","T","I","S","V","T","T","E","I","L","P","V","S","M","T","K","T","S","V","D","C","T","M","Y","I","C","G","D","S","T","E","C","S","N","L","L","L","Q","Y","G","S","F","C","T","Q","L","N","R","A","L","T","G","I","A","V","E","Q","D","K","N","T","Q","E","V","F","A","Q","V","K","Q","I","Y","K","T","P","P","I","K","D","F","G","G","F","N","F","S","Q","I","L","P","D","P","S","K","P","S","K","R","S","F","I","E","D","L","L","F","N","K","V","T","L","A","D","A","G","F","I","K","Q","Y","G","D","C","L","G","D","I","A","A","R","D","L","I","C","A","Q","K","F","N","G","L","T","V","L","P","P","L","L","T","D","E","M","I","A","Q","Y","T","S","A","L","L","A","G","T","I","T","S","G","W","T","F","G","A","G","A","A","L","Q","I","P","F","A","M","Q","M","A","Y","R","F","N","G","I","G","V","T","Q","N","V","L","Y","E","N","Q","K","L","I","A","N","Q","F","N","S","A","I","G","K","I","Q","D","S","L","S","S","T","A","S","A","L","G","K","L","Q","D","V","V","N","Q","N","A","Q","A","L","N","T","L","V","K","Q","L","S","S","N","F","G","A","I","S","S","V","L","N","D","I","L","S","R","L","D","K","V","E","A","E","V","Q","I","D","R","L","I","T","G","R","L","Q","S","L","Q","T","Y","V","T","Q","Q","L","I","R","A","A","E","I","R","A","S","A","N","L","A","A","T","K","M","S","E","C","V","L","G","Q","S","K","R","V","D","F","C","G","K","G","Y","H","L","M","S","F","P","Q","S","A","P","H","G","V","V","F","L","H","V","T","Y","V","P","A","Q","E","K","N","F","T","T","A","P","A","I","C","H","D","G","K","A","H","F","P","R","E","G","V","F","V","S","N","G","T","H","W","F","V","T","Q","R","N","F","Y","E","P","Q","I","I","T","T","D","N","T","F","V","S","G","N","C","D","V","V","I","G","I","V","N","N","T","V","Y","D","P","L","Q","P","E","L","D","S","F","K","E","E","L","D","K","Y","F","K","N","H","T","S","P","D","V","D","L","G","D","I","S","G","I","N","A","S","V","V","N","I","Q","K","E","I","D","R","L","N","E","V","A","K","N","L","N","E","S","L","I","D","L","Q","E","L","G","K","Y","E","Q","Y","I","K","W","P","W","Y","I","W","L","G","F","I","A","G","L","I","A","I","V","M","V","T","I","M","L","C","C","M","T","S","C","C","S","C","L","K","G","C","C","S","C","G","S","C","C","K","F","D","E","D","D","S","E","P","V","L","K","G","V","K","L","H","Y","T","---"
"New.hCoV.19.Japan.PG.11942.2020","M","F","V","F","L","V","L","L","P","L","V","S","S","Q","C","V","N","L","T","T","R","T","Q","L","P","P","A","Y","T","N","S","F","T","R","G","V","Y","Y","P","D","K","V","F","R","S","S","V","L","H","S","T","Q","D","L","F","L","P","F","F","S","N","V","T","W","F","H","A","I","H","V","S","G","T","N","G","T","K","R","F","D","N","P","V","L","P","F","N","D","G","V","Y","F","A","S","T","E","K","S","N","I","I","R","G","W","I","F","G","T","T","L","D","S","K","T","Q","S","L","L","I","V","N","N","A","T","N","V","V","I","K","V","C","E","F","Q","F","C","N","D","P","F","L","G","V","Y","Y","H","K","N","N","K","S","W","M","E","S","E","F","R","V","Y","S","S","A","N","N","C","T","F","E","Y","V","S","Q","P","F","L","M","D","L","E","G","K","Q","G","N","F","K","N","L","R","E","F","V","F","K","N","I","D","G","Y","F","K","I","Y","S","K","H","T","P","I","N","L","V","R","D","L","P","Q","G","F","S","A","L","E","P","L","V","D","L","P","I","G","I","N","I","T","R","F","Q","T","L","L","A","L","H","R","S","Y","L","T","P","G","D","S","S","S","G","W","T","A","G","A","A","A","Y","Y","V","G","Y","L","Q","P","R","T","F","L","L","K","Y","N","E","N","G","T","I","T","D","A","V","D","C","A","L","D","P","L","S","E","T","K","C","T","L","K","S","F","T","V","E","K","G","I","Y","Q","T","S","N","F","R","V","Q","P","T","E","S","I","V","R","F","P","N","I","T","N","L","C","P","F","G","E","V","F","N","A","T","R","F","A","S","V","Y","A","W","N","R","K","R","I","S","N","C","V","A","D","Y","S","V","L","Y","N","S","A","S","F","S","T","F","K","C","Y","G","V","S","P","T","K","L","N","D","L","C","F","T","N","V","Y","A","D","S","F","V","I","R","G","D","E","V","R","Q","I","A","P","G","Q","T","G","K","I","A","D","Y","N","Y","K","L","P","D","D","F","T","G","C","V","I","A","W","N","S","N","N","L","D","S","K","V","G","G","N","Y","N","Y","L","Y","R","L","F","R","K","S","N","L","K","P","F","E","R","D","I","S","T","E","I","Y","Q","A","G","S","T","P","C","N","G","V","E","G","F","N","C","Y","F","P","L","Q","S","Y","G","F","Q","P","T","N","G","V","G","Y","Q","P","Y","R","V","V","V","L","S","F","E","L","L","H","A","P","A","T","V","C","G","P","K","K","S","T","N","L","V","K","N","K","C","V","N","F","N","F","N","G","L","T","G","T","G","V","L","T","E","S","N","K","K","F","L","P","F","Q","Q","F","G","R","D","I","A","D","T","T","D","A","V","R","D","P","Q","T","L","E","I","L","D","I","T","P","C","S","F","G","G","V","S","V","I","T","P","G","T","N","T","S","N","Q","V","A","V","L","Y","Q","G","V","N","C","T","E","V","P","V","A","I","H","A","D","Q","L","T","P","T","W","R","V","Y","S","T","G","S","N","V","F","Q","T","R","A","G","C","L","I","G","A","E","H","V","N","N","S","Y","E","C","D","I","P","I","G","A","G","I","C","A","S","Y","Q","T","Q","T","N","S","P","R","R","A","R","S","V","A","S","Q","S","I","I","A","Y","T","M","S","L","G","A","E","N","S","V","A","Y","S","N","N","S","I","A","I","P","T","N","F","T","I","S","V","T","T","E","I","L","P","V","S","M","T","K","T","S","V","D","C","T","M","Y","I","C","G","D","S","T","E","C","S","N","L","L","L","Q","Y","G","S","F","C","T","Q","L","N","R","A","L","T","G","I","A","V","E","Q","D","K","N","T","Q","E","V","F","A","Q","V","K","Q","I","Y","K","T","P","P","I","K","D","F","G","G","F","N","F","S","Q","I","L","P","D","P","S","K","P","S","K","R","S","F","I","E","D","L","L","F","N","K","V","T","L","A","D","A","G","F","I","K","Q","Y","G","D","C","L","G","D","I","A","A","R","D","L","I","C","A","Q","K","F","N","G","L","T","V","L","P","P","L","L","T","D","E","M","I","A","Q","Y","T","S","A","L","L","A","G","T","I","T","S","G","W","T","F","G","A","G","A","A","L","Q","I","P","F","A","M","Q","M","A","Y","R","F","N","G","I","G","V","T","Q","N","V","L","Y","E","N","Q","K","L","I","A","N","Q","F","N","S","A","I","G","K","I","Q","D","S","L","S","S","T","A","S","A","L","G","K","L","Q","D","V","V","N","Q","N","A","Q","A","L","N","T","L","V","K","Q","L","S","S","N","F","G","A","I","S","S","V","L","N","D","I","L","S","R","L","D","K","V","E","A","E","V","Q","I","D","R","L","I","T","G","R","L","Q","S","L","Q","T","Y","V","T","Q","Q","L","I","R","A","A","E","I","R","A","S","A","N","L","A","A","T","K","M","S","E","C","V","L","G","Q","S","K","R","V","D","F","C","G","K","G","Y","H","L","M","S","F","P","Q","S","A","P","H","G","V","V","F","L","H","V","T","Y","V","P","A","Q","E","K","N","F","T","T","A","P","A","I","C","H","D","G","K","A","H","F","P","R","E","G","V","F","V","S","N","G","T","H","W","F","V","T","Q","R","N","F","Y","E","P","Q","I","I","T","T","D","N","T","F","V","S","G","N","C","D","V","V","I","G","I","V","N","N","T","V","Y","D","P","L","Q","P","E","L","D","S","F","K","E","E","L","D","K","Y","F","K","N","H","T","S","P","D","V","D","L","G","D","I","S","G","I","N","A","S","V","V","N","I","Q","K","E","I","D","R","L","N","E","V","A","K","N","L","N","E","S","L","I","D","L","Q","E","L","G","K","Y","E","Q","Y","I","K","W","P","W","Y","I","W","L","G","F","I","A","G","L","I","A","I","V","M","V","T","I","M","L","C","C","M","T","S","C","C","S","C","L","K","G","C","C","S","C","G","S","C","C","K","F","D","E","D","D","S","E","P","V","L","K","G","V","K","L","H","Y","T","---"
"New.hCoV.19.Japan.PG.12407.2020","M","F","V","F","L","V","L","L","P","L","V","S","S","Q","C","V","N","L","T","T","R","T","Q","L","P","P","A","Y","T","N","S","F","T","R","G","V","Y","Y","P","D","K","V","F","R","S","S","V","L","H","S","T","Q","D","L","F","L","P","F","F","S","N","V","T","W","F","H","A","I","H","V","S","G","T","N","G","T","K","R","F","D","N","P","V","L","P","F","N","D","G","V","Y","F","A","S","T","E","K","S","N","I","I","R","G","W","I","F","G","T","T","L","D","S","K","T","Q","S","L","L","I","V","N","N","A","T","N","V","V","I","K","V","C","E","F","Q","F","C","N","D","P","F","L","G","V","Y","Y","H","K","N","N","K","S","W","M","E","S","E","F","R","V","Y","S","S","A","N","N","C","T","F","E","Y","V","S","Q","P","F","L","M","D","L","E","G","K","Q","G","N","F","K","N","L","R","E","F","V","F","K","N","I","D","G","Y","F","K","I","Y","S","K","H","T","P","I","N","L","V","R","D","L","P","Q","G","F","S","A","L","E","P","L","V","D","L","P","I","G","I","N","I","T","R","F","Q","T","L","L","A","L","H","R","S","Y","L","T","P","G","D","S","S","S","G","W","T","A","G","A","A","A","Y","Y","V","G","Y","L","Q","P","R","T","F","L","L","K","Y","N","E","N","G","T","I","T","D","A","V","D","C","A","L","D","P","L","S","E","T","K","C","T","L","K","S","F","T","V","E","K","G","I","Y","Q","T","S","N","F","R","V","Q","P","T","E","S","I","V","R","F","P","N","I","T","N","L","C","P","F","G","E","V","F","N","A","T","R","F","A","S","V","Y","A","W","N","R","K","R","I","S","N","C","V","A","D","Y","S","V","L","Y","N","S","A","S","F","S","T","F","K","C","Y","G","V","S","P","T","K","L","N","D","L","C","F","T","N","V","Y","A","D","S","F","V","I","R","G","D","E","V","R","Q","I","A","P","G","Q","T","G","K","I","A","D","Y","N","Y","K","L","P","D","D","F","T","G","C","V","I","A","W","N","S","N","N","L","D","S","K","V","G","G","N","Y","N","Y","L","Y","R","L","F","R","K","S","N","L","K","P","F","E","R","D","I","S","T","E","I","Y","Q","A","G","S","T","P","C","N","G","V","E","G","F","N","C","Y","F","P","L","Q","S","Y","G","F","Q","P","T","N","G","V","G","Y","Q","P","Y","R","V","V","V","L","S","F","E","L","L","H","A","P","A","T","V","C","G","P","K","K","S","T","N","L","V","K","N","K","C","V","N","F","N","F","N","G","L","T","G","T","G","V","L","T","E","S","N","K","K","F","L","P","F","Q","Q","F","G","R","D","I","A","D","T","T","D","A","V","R","D","P","Q","T","L","E","I","L","D","I","T","P","C","S","F","G","G","V","S","V","I","T","P","G","T","N","T","S","N","Q","V","A","V","L","Y","Q","G","V","N","C","T","E","V","P","V","A","I","H","A","D","Q","L","T","P","T","W","R","V","Y","S","T","G","S","N","V","F","Q","T","R","A","G","C","L","I","G","A","E","H","V","N","N","S","Y","E","C","D","I","P","I","G","A","G","I","C","A","S","Y","Q","T","Q","T","N","S","P","R","R","A","R","S","V","A","S","Q","S","I","I","A","Y","T","M","S","L","G","A","E","N","S","V","A","Y","S","N","N","S","I","A","I","P","T","N","F","T","I","S","V","T","T","E","I","L","P","V","S","M","T","K","T","S","V","D","C","T","M","Y","I","C","G","D","S","T","E","C","S","N","L","L","L","Q","Y","G","S","F","C","T","Q","L","N","R","A","L","T","G","I","A","V","E","Q","D","K","N","T","Q","E","V","F","A","Q","V","K","Q","I","Y","K","T","P","P","I","K","D","F","G","G","F","N","F","S","Q","I","L","P","D","P","S","K","P","S","K","R","S","F","I","E","D","L","L","F","N","K","V","T","L","A","D","A","G","F","I","K","Q","Y","G","D","C","L","G","D","I","A","A","R","D","L","I","C","A","Q","K","F","N","G","L","T","V","L","P","P","L","L","T","D","E","M","I","A","Q","Y","T","S","A","L","L","A","G","T","I","T","S","G","W","T","F","G","A","G","A","A","L","Q","I","P","F","A","M","Q","M","A","Y","R","F","N","G","I","G","V","T","Q","N","V","L","Y","E","N","Q","K","L","I","A","N","Q","F","N","S","A","I","G","K","I","Q","D","S","L","S","S","T","A","S","A","L","G","K","L","Q","D","V","V","N","Q","N","A","Q","A","L","N","T","L","V","K","Q","L","S","S","N","F","G","A","I","S","S","V","L","N","D","I","L","S","R","L","D","K","V","E","A","E","V","Q","I","D","R","L","I","T","G","R","L","Q","S","L","Q","T","Y","V","T","Q","Q","L","I","R","A","A","E","I","R","A","S","A","N","L","A","A","T","K","M","S","E","C","V","L","G","Q","S","K","R","V","D","F","C","G","K","G","Y","H","L","M","S","F","P","Q","S","A","P","H","G","V","V","F","L","H","V","T","Y","V","P","A","Q","E","K","N","F","T","T","A","P","A","I","C","H","D","G","K","A","H","F","P","R","E","G","V","F","V","S","N","G","T","H","W","F","V","T","Q","R","N","F","Y","E","P","Q","I","I","T","T","D","N","T","F","V","S","G","N","C","D","V","V","I","G","I","V","N","N","T","V","Y","D","P","L","Q","P","E","L","D","S","F","K","E","E","L","D","K","Y","F","K","N","H","T","S","P","D","V","D","L","G","D","I","S","G","I","N","A","S","V","V","N","I","Q","K","E","I","D","R","L","N","E","V","A","K","N","L","N","E","S","L","I","D","L","Q","E","L","G","K","Y","E","Q","Y","I","K","W","P","W","Y","I","W","L","G","F","I","A","G","L","I","A","I","V","M","V","T","I","M","L","C","C","M","T","S","C","C","S","C","L","K","G","C","C","S","C","G","S","C","C","K","F","D","E","D","D","S","E","P","V","L","K","G","V","K","L","H","Y","T","---"
"New.hCoV.19.Japan.PG.22720.2020","M","F","V","F","L","V","L","L","P","L","V","S","S","Q","C","V","N","L","T","T","R","T","Q","L","P","P","A","Y","T","N","S","F","T","R","G","V","Y","Y","P","D","K","V","F","R","S","S","V","L","H","S","T","Q","D","L","F","L","P","F","F","S","N","V","T","W","F","H","A","I","H","V","S","G","T","N","G","T","K","R","F","D","N","P","V","L","P","F","N","D","G","V","Y","F","A","S","T","E","K","S","N","I","I","R","G","W","I","F","G","T","T","L","D","S","K","T","Q","S","L","L","I","V","N","N","A","T","N","V","V","I","K","V","C","E","F","Q","F","C","N","D","P","F","L","G","V","Y","Y","H","K","N","N","K","S","W","M","E","S","E","F","R","V","Y","S","S","A","N","N","C","T","F","E","Y","V","S","Q","P","F","L","M","D","L","E","G","K","Q","G","N","F","K","N","L","R","E","F","V","F","K","N","I","D","G","Y","F","K","I","Y","S","K","H","T","P","I","N","L","V","R","D","L","P","Q","G","F","S","A","L","E","P","L","V","D","L","P","I","G","I","N","I","T","R","F","Q","T","L","L","A","L","H","R","S","Y","L","T","P","G","D","S","S","S","G","W","T","A","G","A","A","A","Y","Y","V","G","Y","L","Q","P","R","T","F","L","L","K","Y","N","E","N","G","T","I","T","D","A","V","D","C","A","L","D","P","L","S","E","T","K","C","T","L","K","S","F","T","V","E","K","G","I","Y","Q","T","S","N","F","R","V","Q","P","T","E","S","I","V","R","F","P","N","I","T","N","L","C","P","F","G","E","V","F","N","A","T","R","F","A","S","V","Y","A","W","N","R","K","R","I","S","N","C","V","A","D","Y","S","V","L","Y","N","S","A","S","F","S","T","F","K","C","Y","G","V","S","P","T","K","L","N","D","L","C","F","T","N","V","Y","A","D","S","F","V","I","R","G","D","E","V","R","Q","I","A","P","G","Q","T","G","K","I","A","D","Y","N","Y","K","L","P","D","D","F","T","G","C","V","I","A","W","N","S","N","N","L","D","S","K","V","G","G","N","Y","N","Y","L","Y","R","L","F","R","K","S","N","L","K","P","F","E","R","D","I","S","T","E","I","Y","Q","A","G","S","T","P","C","N","G","V","E","G","F","N","C","Y","F","P","L","Q","S","Y","G","F","Q","P","T","N","G","V","G","Y","Q","P","Y","R","V","V","V","L","S","F","E","L","L","H","A","P","A","T","V","C","G","P","K","K","S","T","N","L","V","K","N","K","C","V","N","F","N","F","N","G","L","T","G","T","G","V","L","T","E","S","N","K","K","F","L","P","F","Q","Q","F","G","R","D","I","A","D","T","T","D","A","V","R","D","P","Q","T","L","E","I","L","D","I","T","P","C","S","F","G","G","V","S","V","I","T","P","G","T","N","T","S","N","Q","V","A","V","L","Y","Q","G","V","N","C","T","E","V","P","V","A","I","H","A","D","Q","L","T","P","T","W","R","V","Y","S","T","G","S","N","V","F","Q","T","R","A","G","C","L","I","G","A","E","H","V","N","N","S","Y","E","C","D","I","P","I","G","A","G","I","C","A","S","Y","Q","T","Q","T","N","S","P","R","R","A","R","S","V","A","S","Q","S","I","I","A","Y","T","M","S","L","G","A","E","N","S","V","A","Y","S","N","N","S","I","A","I","P","T","N","F","T","I","S","V","T","T","E","I","L","P","V","S","M","T","K","T","S","V","D","C","T","M","Y","I","C","G","D","S","T","E","C","S","N","L","L","L","Q","Y","G","S","F","C","T","Q","L","N","R","A","L","T","G","I","A","V","E","Q","D","K","N","T","Q","E","V","F","A","Q","V","K","Q","I","Y","K","T","P","P","I","K","D","F","G","G","F","N","F","S","Q","I","L","P","D","P","S","K","P","S","K","R","S","F","I","E","D","L","L","F","N","K","V","T","L","A","D","A","G","F","I","K","Q","Y","G","D","C","L","G","D","I","A","A","R","D","L","I","C","A","Q","K","F","N","G","L","T","V","L","P","P","L","L","T","D","E","M","I","A","Q","Y","T","S","A","L","L","A","G","T","I","T","S","G","W","T","F","G","A","G","A","A","L","Q","I","P","F","A","M","Q","M","A","Y","R","F","N","G","I","G","V","T","Q","N","V","L","Y","E","N","Q","K","L","I","A","N","Q","F","N","S","A","I","G","K","I","Q","D","S","L","S","S","T","A","S","A","L","G","K","L","Q","D","V","V","N","Q","N","A","Q","A","L","N","T","L","V","K","Q","L","S","S","N","F","G","A","I","S","S","V","L","N","D","I","L","S","R","L","D","K","V","E","A","E","V","Q","I","D","R","L","I","T","G","R","L","Q","S","L","Q","T","Y","V","T","Q","Q","L","I","R","A","A","E","I","R","A","S","A","N","L","A","A","T","K","M","S","E","C","V","L","G","Q","S","K","R","V","D","F","C","G","K","G","Y","H","L","M","S","F","P","Q","S","A","P","H","G","V","V","F","L","H","V","T","Y","V","P","A","Q","E","K","N","F","T","T","A","P","A","I","C","H","D","G","K","A","H","F","P","R","E","G","V","F","V","S","N","G","T","H","W","F","V","T","Q","R","N","F","Y","E","P","Q","I","I","T","T","D","N","T","F","V","S","G","N","C","D","V","V","I","G","I","V","N","N","T","V","Y","D","P","L","Q","P","E","L","D","S","F","K","E","E","L","D","K","Y","F","K","N","H","T","S","P","D","V","D","L","G","D","I","S","G","I","N","A","S","V","V","N","I","Q","K","E","I","D","R","L","N","E","V","A","K","N","L","N","E","S","L","I","D","L","Q","E","L","G","K","Y","E","Q","Y","I","K","W","P","W","Y","I","W","L","G","F","I","A","G","L","I","A","I","V","M","V","T","I","M","L","C","C","M","T","S","C","C","S","C","L","K","G","C","C","S","C","G","S","C","C","K","F","D","E","D","D","S","E","P","V","L","K","G","V","K","L","H","Y","T","---"
"New.hCoV.19.Japan.PG.11994.2020","M","F","V","F","L","V","L","L","P","L","V","S","S","Q","C","V","N","L","T","T","R","T","Q","L","P","P","A","Y","T","N","S","F","T","R","G","V","Y","Y","P","D","K","V","F","R","S","S","V","L","H","S","T","Q","D","L","F","L","P","F","F","S","N","V","T","W","F","H","A","I","H","V","S","G","T","N","G","T","K","R","F","D","N","P","V","L","P","F","N","D","G","V","Y","F","A","S","T","E","K","S","N","I","I","R","G","W","I","F","G","T","T","L","D","S","K","T","Q","S","L","L","I","V","N","N","A","T","N","V","V","I","K","V","C","E","F","Q","F","C","N","D","P","F","L","G","V","Y","Y","H","K","N","N","K","S","W","M","E","S","E","F","R","V","Y","S","S","A","N","N","C","T","F","E","Y","V","S","Q","P","F","L","M","D","L","E","G","K","Q","G","N","F","K","N","L","R","E","F","V","F","K","N","I","D","G","Y","F","K","I","Y","S","K","H","T","P","I","N","L","V","R","D","L","P","Q","G","F","S","A","L","E","P","L","V","D","L","P","I","G","I","N","I","T","R","F","Q","T","L","L","A","L","H","R","S","Y","L","T","P","G","D","S","S","S","G","W","T","A","G","A","A","A","Y","Y","V","G","Y","L","Q","P","R","T","F","L","L","K","Y","N","E","N","G","T","I","T","D","A","V","D","C","A","L","D","P","L","S","E","T","K","C","T","L","K","S","F","T","V","E","K","G","I","Y","Q","T","S","N","F","R","V","Q","P","T","E","S","I","V","R","F","P","N","I","T","N","L","C","P","F","G","E","V","F","N","A","T","R","F","A","S","V","Y","A","W","N","R","K","R","I","S","N","C","V","A","D","Y","S","V","L","Y","N","S","A","S","F","S","T","F","K","C","Y","G","V","S","P","T","K","L","N","D","L","C","F","T","N","V","Y","A","D","S","F","V","I","R","G","D","E","V","R","Q","I","A","P","G","Q","T","G","K","I","A","D","Y","N","Y","K","L","P","D","D","F","T","G","C","V","I","A","W","N","S","N","N","L","D","S","K","V","G","G","N","Y","N","Y","L","Y","R","L","F","R","K","S","N","L","K","P","F","E","R","D","I","S","T","E","I","Y","Q","A","G","S","T","P","C","N","G","V","E","G","F","N","C","Y","F","P","L","Q","S","Y","G","F","Q","P","T","N","G","V","G","Y","Q","P","Y","R","V","V","V","L","S","F","E","L","L","H","A","P","A","T","V","C","G","P","K","K","S","T","N","L","V","K","N","K","C","V","N","F","N","F","N","G","L","T","G","T","G","V","L","T","E","S","N","K","K","F","L","P","F","Q","Q","F","G","R","D","I","A","D","T","T","D","A","V","R","D","P","Q","T","L","E","I","L","D","I","T","P","C","S","F","G","G","V","S","V","I","T","P","G","T","N","T","S","N","Q","V","A","V","L","Y","Q","G","V","N","C","T","E","V","P","V","A","I","H","A","D","Q","L","T","P","T","W","R","V","Y","S","T","G","S","N","V","F","Q","T","R","A","G","C","L","I","G","A","E","H","V","N","N","S","Y","E","C","D","I","P","I","G","A","G","I","C","A","S","Y","Q","T","Q","T","N","S","P","R","R","A","R","S","V","A","S","Q","S","I","I","A","Y","T","M","S","L","G","A","E","N","S","V","A","Y","S","N","N","S","I","A","I","P","T","N","F","T","I","S","V","T","T","E","I","L","P","V","S","M","T","K","T","S","V","D","C","T","M","Y","I","C","G","D","S","T","E","C","S","N","L","L","L","Q","Y","G","S","F","C","T","Q","L","N","R","A","L","T","G","I","A","V","E","Q","D","K","N","T","Q","E","V","F","A","Q","V","K","Q","I","Y","K","T","P","P","I","K","D","F","G","G","F","N","F","S","Q","I","L","P","D","P","S","K","P","S","K","R","S","F","I","E","D","L","L","F","N","K","V","T","L","A","D","A","G","F","I","K","Q","Y","G","D","C","L","G","D","I","A","A","R","D","L","I","C","A","Q","K","F","N","G","L","T","V","L","P","P","L","L","T","D","E","M","I","A","Q","Y","T","S","A","L","L","A","G","T","I","T","S","G","W","T","F","G","A","G","A","A","L","Q","I","P","F","A","M","Q","M","A","Y","R","F","N","G","I","G","V","T","Q","N","V","L","Y","E","N","Q","K","L","I","A","N","Q","F","N","S","A","I","G","K","I","Q","D","S","L","S","S","T","A","S","A","L","G","K","L","Q","D","V","V","N","Q","N","A","Q","A","L","N","T","L","V","K","Q","L","S","S","N","F","G","A","I","S","S","V","L","N","D","I","L","S","R","L","D","K","V","E","A","E","V","Q","I","D","R","L","I","T","G","R","L","Q","S","L","Q","T","Y","V","T","Q","Q","L","I","R","A","A","E","I","R","A","S","A","N","L","A","A","T","K","M","S","E","C","V","L","G","Q","S","K","R","V","D","F","C","G","K","G","Y","H","L","M","S","F","P","Q","S","A","P","H","G","V","V","F","L","H","V","T","Y","V","P","A","Q","E","K","N","F","T","T","A","P","A","I","C","H","D","G","K","A","H","F","P","R","E","G","V","F","V","S","N","G","T","H","W","F","V","T","Q","R","N","F","Y","E","P","Q","I","I","T","T","D","N","T","F","V","S","G","N","C","D","V","V","I","G","I","V","N","N","T","V","Y","D","P","L","Q","P","E","L","D","S","F","K","E","E","L","D","K","Y","F","K","N","H","T","S","P","D","V","D","L","G","D","I","S","G","I","N","A","S","V","V","N","I","Q","K","E","I","D","R","L","N","E","V","A","K","N","L","N","E","S","L","I","D","L","Q","E","L","G","K","Y","E","Q","Y","I","K","W","P","W","Y","I","W","L","G","F","I","A","G","L","I","A","I","V","M","V","T","I","M","L","C","C","M","T","S","C","C","S","C","L","K","G","C","C","S","C","G","S","C","C","K","F","D","E","D","D","S","E","P","V","L","K","G","V","K","L","H","Y","T","---"
"New.hCoV.19.Japan.PG.13016.2020","M","F","V","F","L","V","L","L","P","L","V","S","S","Q","C","V","N","L","T","T","R","T","Q","L","P","P","A","Y","T","N","S","F","T","R","G","V","Y","Y","P","D","K","V","F","R","S","S","V","L","H","S","T","Q","D","L","F","L","P","F","F","S","N","V","T","W","F","H","A","I","H","V","S","G","T","N","G","T","K","R","F","D","N","P","V","L","P","F","N","D","G","V","Y","F","A","S","T","E","K","S","N","I","I","R","G","W","I","F","G","T","T","L","D","S","K","T","Q","S","L","L","I","V","N","N","A","T","N","V","V","I","K","V","C","E","F","Q","F","C","N","D","P","F","L","G","V","Y","Y","H","K","N","N","K","S","W","M","E","S","E","F","R","V","Y","S","S","A","N","N","C","T","F","E","Y","V","S","Q","P","F","L","M","D","L","E","G","K","Q","G","N","F","K","N","L","R","E","F","V","F","K","N","I","D","G","Y","F","K","I","Y","S","K","H","T","P","I","N","L","V","R","D","L","P","Q","G","F","S","A","L","E","P","L","V","D","L","P","I","G","I","N","I","T","R","F","Q","T","L","L","A","L","H","R","S","Y","L","T","P","G","D","S","S","S","G","W","T","A","G","A","A","A","Y","Y","V","G","Y","L","Q","P","R","T","F","L","L","K","Y","N","E","N","G","T","I","T","D","A","V","D","C","A","L","D","P","L","S","E","T","K","C","T","L","K","S","F","T","V","E","K","G","I","Y","Q","T","S","N","F","R","V","Q","P","T","E","S","I","V","R","F","P","N","I","T","N","L","C","P","F","G","E","V","F","N","A","T","R","F","A","S","V","Y","A","W","N","R","K","R","I","S","N","C","V","A","D","Y","S","V","L","Y","N","S","A","S","F","S","T","F","K","C","Y","G","V","S","P","T","K","L","N","D","L","C","F","T","N","V","Y","A","D","S","F","V","I","R","G","D","E","V","R","Q","I","A","P","G","Q","T","G","K","I","A","D","Y","N","Y","K","L","P","D","D","F","T","G","C","V","I","A","W","N","S","N","N","L","D","S","K","V","G","G","N","Y","N","Y","L","Y","R","L","F","R","K","S","N","L","K","P","F","E","R","D","I","S","T","E","I","Y","Q","A","G","S","T","P","C","N","G","V","E","G","F","N","C","Y","F","P","L","Q","S","Y","G","F","Q","P","T","N","G","V","G","Y","Q","P","Y","R","V","V","V","L","S","F","E","L","L","H","A","P","A","T","V","C","G","P","K","K","S","T","N","L","V","K","N","K","C","V","N","F","N","F","N","G","L","T","G","T","G","V","L","T","E","S","N","K","K","F","L","P","F","Q","Q","F","G","R","D","I","A","D","T","T","D","A","V","R","D","P","Q","T","L","E","I","L","D","I","T","P","C","S","F","G","G","V","S","V","I","T","P","G","T","N","T","S","N","Q","V","A","V","L","Y","Q","G","V","N","C","T","E","V","P","V","A","I","H","A","D","Q","L","T","P","T","W","R","V","Y","S","T","G","S","N","V","F","Q","T","R","A","G","C","L","I","G","A","E","H","V","N","N","S","Y","E","C","D","I","P","I","G","A","G","I","C","A","S","Y","H","T","Q","T","N","S","P","R","R","A","R","S","V","A","S","Q","S","I","I","A","Y","T","M","S","L","G","A","E","N","S","V","A","Y","S","N","N","S","I","A","I","P","T","N","F","T","I","S","V","T","T","E","I","L","P","V","S","M","T","K","T","S","V","D","C","T","M","Y","I","C","G","D","S","T","E","C","S","N","L","L","L","Q","Y","G","S","F","C","T","Q","L","N","R","A","L","T","G","I","A","V","E","Q","D","K","N","T","Q","E","V","F","A","Q","V","K","Q","I","Y","K","T","P","P","I","K","D","F","G","G","F","N","F","S","Q","I","L","P","D","P","S","K","P","S","K","R","S","F","I","E","D","L","L","F","N","K","V","T","L","A","D","A","G","F","I","K","Q","Y","G","D","C","L","G","D","I","A","A","R","D","L","I","C","A","Q","K","F","N","G","L","T","V","L","P","P","L","L","T","D","E","M","I","A","Q","Y","T","S","A","L","L","A","G","T","I","T","S","G","W","T","F","G","A","G","A","A","L","Q","I","P","F","A","M","Q","M","A","Y","R","F","N","G","I","G","V","T","Q","N","V","L","Y","E","N","Q","K","L","I","A","N","Q","F","N","S","A","I","G","K","I","Q","D","S","L","S","S","T","A","S","A","L","G","K","L","Q","D","V","V","N","Q","N","A","Q","A","L","N","T","L","V","K","Q","L","S","S","N","F","G","A","I","S","S","V","L","N","D","I","L","S","R","L","D","K","V","E","A","E","V","Q","I","D","R","L","I","T","G","R","L","Q","S","L","Q","T","Y","V","T","Q","Q","L","I","R","A","A","E","I","R","A","S","A","N","L","A","A","T","K","M","S","E","C","V","L","G","Q","S","K","R","V","D","F","C","G","K","G","Y","H","L","M","S","F","P","Q","S","A","P","H","G","V","V","F","L","H","V","T","Y","V","P","A","Q","E","K","N","F","T","T","A","P","A","I","C","H","D","G","K","A","H","F","P","R","E","G","V","F","V","S","N","G","T","H","W","F","V","T","Q","R","N","F","Y","E","P","Q","I","I","T","T","D","N","T","F","V","S","G","N","C","D","V","V","I","G","I","V","N","N","T","V","Y","D","P","L","Q","P","E","L","D","S","F","K","E","E","L","D","K","Y","F","K","N","H","T","S","P","D","V","D","L","G","D","I","S","G","I","N","A","S","V","V","N","I","Q","K","E","I","D","R","L","N","E","V","A","K","N","L","N","E","S","L","I","D","L","Q","E","L","G","K","Y","E","Q","Y","I","K","W","P","W","Y","I","W","L","G","F","I","A","G","L","I","A","I","V","M","V","T","I","M","L","C","C","M","T","S","C","C","S","C","L","K","G","C","C","S","C","G","S","C","C","K","F","D","E","D","D","S","E","P","V","L","K","G","V","K","L","H","Y","T","---"
"New.hCoV.19.Japan.PG.26457.2020","M","F","V","F","L","V","L","L","P","L","V","S","S","Q","C","V","N","L","T","T","R","T","Q","L","P","P","A","Y","T","N","S","F","T","R","G","V","Y","Y","P","D","K","V","F","R","S","S","V","L","H","S","T","Q","D","L","F","L","P","F","F","S","N","V","T","W","F","H","A","I","H","V","S","G","T","N","G","T","K","R","F","D","N","P","V","L","P","F","N","D","G","V","Y","F","A","S","T","E","K","S","N","I","I","R","G","W","I","F","G","T","T","L","D","S","K","T","Q","S","L","L","I","V","N","N","A","T","N","V","V","I","K","V","C","E","F","Q","F","C","N","D","P","F","L","G","V","Y","Y","H","K","N","N","K","S","W","T","E","S","E","F","R","V","Y","S","S","A","N","N","C","T","F","E","Y","V","S","Q","P","F","L","M","D","L","E","G","K","Q","G","N","F","K","N","L","R","E","F","V","F","K","N","I","D","G","Y","F","K","I","Y","S","K","H","T","P","I","N","L","V","R","D","L","P","Q","G","F","S","A","L","E","P","L","V","D","L","P","I","G","I","N","I","T","R","F","Q","T","L","L","A","L","H","R","S","Y","L","T","P","G","D","S","S","S","G","W","T","A","G","A","A","A","Y","Y","V","G","Y","L","Q","P","R","T","F","L","L","K","Y","N","E","N","G","T","I","T","D","A","V","D","C","A","L","D","P","L","S","E","T","K","C","T","L","K","S","F","T","V","E","K","G","I","Y","Q","T","S","N","F","R","V","Q","P","T","E","S","I","V","R","F","P","N","I","T","N","L","C","P","F","G","E","V","F","N","A","T","R","F","A","S","V","Y","A","W","N","R","K","R","I","S","N","C","V","A","D","Y","S","V","L","Y","N","S","A","S","F","S","T","F","K","C","Y","G","V","S","P","T","K","L","N","D","L","C","F","T","N","V","Y","A","D","S","F","V","I","R","G","D","E","V","R","Q","I","A","P","G","Q","T","G","K","I","A","D","Y","N","Y","K","L","P","D","D","F","T","G","C","V","I","A","W","N","S","N","N","L","D","S","K","V","G","G","N","Y","N","Y","L","Y","R","L","F","R","K","S","N","L","K","P","F","E","R","D","I","S","T","E","I","Y","Q","A","G","S","T","P","C","N","G","V","E","G","F","N","C","Y","F","P","L","Q","S","Y","G","F","Q","P","T","N","G","V","G","Y","Q","P","Y","R","V","V","V","L","S","F","E","L","L","H","A","P","A","T","V","C","G","P","K","K","S","T","N","L","V","K","N","K","C","V","N","F","N","F","N","G","L","T","G","T","G","V","L","T","E","S","N","K","K","F","L","P","F","Q","Q","F","G","R","D","I","A","D","T","T","D","A","V","R","D","P","Q","T","L","E","I","L","D","I","T","P","C","S","F","G","G","V","S","V","I","T","P","G","T","N","T","S","N","Q","V","A","V","L","Y","Q","G","V","N","C","T","E","V","P","V","A","I","H","A","D","Q","L","T","P","T","W","R","V","Y","S","T","G","S","N","V","F","Q","T","R","A","G","C","L","I","G","A","E","H","V","N","N","S","Y","E","C","D","I","P","I","G","A","G","I","C","A","S","Y","Q","T","Q","T","N","S","P","R","R","A","R","S","V","A","S","Q","S","I","I","A","Y","T","M","S","L","G","A","E","N","S","V","A","Y","S","N","N","S","I","A","I","P","T","N","F","T","I","S","V","T","T","E","I","L","P","V","S","M","T","K","T","S","V","D","C","T","M","Y","I","C","G","D","S","T","E","C","S","N","L","L","L","Q","Y","G","S","F","C","T","Q","L","N","R","A","L","T","G","I","A","V","E","Q","D","K","N","T","Q","E","V","F","A","Q","V","K","Q","I","Y","K","T","P","S","I","K","D","F","G","G","F","N","F","S","Q","I","L","P","D","P","S","K","P","S","K","R","S","F","I","E","D","L","L","F","N","K","V","T","L","A","D","A","G","F","I","K","Q","Y","G","D","C","L","G","D","I","A","A","R","D","L","I","C","A","Q","K","F","N","G","L","T","V","L","P","P","L","L","T","D","E","M","I","A","Q","Y","T","S","A","L","L","A","G","T","I","T","S","G","W","T","F","G","A","G","A","A","L","Q","I","P","F","A","M","Q","M","A","Y","R","F","N","G","I","G","V","T","Q","N","V","L","Y","E","N","Q","K","L","I","A","N","Q","F","N","S","A","I","G","K","I","Q","D","S","L","S","S","T","A","S","A","L","G","K","L","Q","D","V","V","N","Q","N","A","Q","A","L","N","T","L","V","K","Q","L","S","S","N","F","G","A","I","S","S","V","L","N","D","I","L","S","R","L","D","K","V","E","A","E","V","Q","I","D","R","L","I","T","G","R","L","Q","S","L","Q","T","Y","V","T","Q","Q","L","I","R","A","A","E","I","R","A","S","A","N","L","A","A","T","K","M","S","E","C","V","L","G","Q","S","K","R","V","D","F","C","G","K","G","Y","H","L","M","S","F","P","Q","S","A","P","H","G","V","V","F","L","H","V","T","Y","V","P","A","Q","E","K","N","F","T","T","A","P","A","I","C","H","D","G","K","A","H","F","P","R","E","G","V","F","V","S","N","G","T","H","W","F","V","T","Q","R","N","F","Y","E","P","Q","I","I","T","T","D","N","T","F","V","S","G","N","C","D","V","V","I","G","I","V","N","N","T","V","Y","D","P","L","Q","P","E","L","D","S","F","K","E","E","L","D","K","Y","F","K","N","H","T","S","P","D","V","D","L","G","D","I","S","G","I","N","A","S","V","V","N","I","Q","K","E","I","D","R","L","N","E","V","A","K","N","L","N","E","S","L","I","D","L","Q","E","L","G","K","Y","E","Q","Y","I","K","W","P","W","Y","I","W","L","G","F","I","A","G","L","I","A","I","V","M","V","T","I","M","L","C","C","M","T","S","C","C","S","C","L","K","G","C","C","S","C","G","S","C","C","K","F","D","E","D","D","S","E","P","V","L","K","G","V","K","L","H","Y","T","---"
"New.hCoV.19.Japan.HiroHC235.2020","M","F","V","F","L","V","L","L","P","L","V","S","S","Q","C","V","N","L","T","T","R","T","Q","L","P","P","A","Y","T","N","S","F","T","R","G","V","Y","Y","P","D","K","V","F","R","S","S","V","L","H","S","T","Q","D","L","F","L","P","F","F","S","N","V","T","W","F","H","A","I","H","V","S","G","T","N","G","T","K","R","F","D","N","P","V","L","P","F","N","D","G","V","Y","F","A","S","T","E","K","S","N","I","I","R","G","W","I","F","G","T","T","L","D","S","K","T","Q","S","L","L","I","V","N","N","A","T","N","V","V","I","K","V","C","E","F","Q","F","C","N","D","P","F","L","G","V","Y","Y","H","K","N","N","K","S","W","M","E","S","E","F","R","V","Y","S","S","A","N","N","C","T","F","E","Y","V","S","Q","P","F","L","M","D","L","E","G","K","Q","G","N","F","K","N","L","R","E","F","V","F","K","N","I","D","G","Y","F","K","I","Y","S","K","H","T","P","I","N","L","V","R","D","L","P","Q","G","F","S","A","L","E","P","L","V","D","L","P","I","G","I","N","I","T","R","F","Q","T","L","L","A","L","H","R","S","Y","L","T","P","G","D","S","S","S","G","W","T","A","G","A","A","A","Y","Y","V","G","Y","L","Q","P","R","T","F","L","L","K","Y","N","E","N","G","T","I","T","D","A","V","D","C","A","L","D","P","L","S","E","T","K","C","T","L","K","S","F","T","V","E","K","G","I","Y","Q","T","S","N","F","R","V","Q","P","T","E","S","I","V","R","F","P","N","I","T","N","L","C","P","F","G","E","V","F","N","A","T","R","F","A","S","V","Y","A","W","N","R","K","R","I","S","N","C","V","A","D","Y","S","V","L","Y","N","S","A","S","F","S","T","F","K","C","Y","G","V","S","P","T","K","L","N","D","L","C","F","T","N","V","Y","A","D","S","F","V","I","R","G","D","E","V","R","Q","I","A","P","G","Q","T","G","K","I","A","D","Y","N","Y","K","L","P","D","D","F","T","G","C","V","I","A","W","N","S","N","N","L","D","S","K","V","G","G","N","Y","N","Y","L","Y","R","L","F","R","K","S","N","L","K","P","F","E","R","D","I","S","T","E","I","Y","Q","A","G","S","T","P","C","N","G","V","E","G","F","N","C","Y","F","P","L","Q","S","Y","G","F","Q","P","T","S","G","V","G","Y","Q","P","Y","R","V","V","V","L","S","F","E","L","L","H","A","P","A","T","V","C","G","P","K","K","S","T","N","L","V","K","N","K","C","V","N","F","N","F","N","G","L","T","G","T","G","V","L","T","E","S","N","K","K","F","L","P","F","Q","Q","F","G","R","D","I","A","D","T","T","D","A","V","R","D","P","Q","T","L","E","I","L","D","I","T","P","C","S","F","G","G","V","S","V","I","T","P","G","T","N","T","S","N","Q","V","A","V","L","Y","Q","G","V","N","C","T","E","V","P","V","A","I","H","A","D","Q","L","T","P","T","W","R","V","Y","S","T","G","S","N","V","F","Q","T","R","A","G","C","L","I","G","A","E","H","V","N","N","S","Y","E","C","D","I","P","I","G","A","G","I","C","A","S","Y","Q","T","Q","T","N","S","P","R","R","A","R","S","V","A","S","Q","S","I","I","A","Y","T","M","S","L","G","A","E","N","S","V","A","Y","S","N","N","S","I","A","I","P","T","N","F","T","I","S","V","T","T","E","I","L","P","V","S","M","T","K","T","S","V","D","C","T","M","Y","I","C","G","D","S","T","E","C","S","N","L","L","L","Q","Y","G","S","F","C","T","Q","L","N","R","A","L","T","G","I","A","V","E","Q","D","K","N","T","Q","E","V","F","A","Q","V","K","Q","I","Y","K","T","P","P","I","K","D","F","G","G","F","N","F","S","Q","I","L","P","D","P","S","K","P","S","K","R","S","F","I","E","D","L","L","F","N","K","V","T","L","A","D","A","G","F","I","K","Q","Y","G","D","C","L","G","D","I","A","A","R","D","L","I","C","A","Q","K","F","N","G","L","T","V","L","P","P","L","L","T","D","E","M","I","A","Q","Y","T","S","A","L","L","A","G","T","I","T","S","G","W","T","F","G","A","G","A","A","L","Q","I","P","F","A","M","Q","M","A","Y","R","F","N","G","I","G","V","T","Q","N","V","L","Y","E","N","Q","K","L","I","A","N","Q","F","N","S","A","I","G","K","I","Q","D","S","L","S","S","T","A","S","A","L","G","K","L","Q","D","V","V","N","Q","N","A","Q","A","L","N","T","L","V","K","Q","L","S","S","N","F","G","A","I","S","S","V","L","N","D","I","L","S","R","L","D","K","V","E","A","E","V","Q","I","D","R","L","I","T","G","R","L","Q","S","L","Q","T","Y","V","T","Q","Q","L","I","R","A","A","E","I","R","A","S","A","N","L","A","A","T","K","M","S","E","C","V","L","G","Q","S","K","R","V","D","F","C","G","K","G","Y","H","L","M","S","F","P","Q","S","A","P","H","G","V","V","F","L","H","V","T","Y","V","P","A","Q","E","K","N","F","T","T","A","P","A","I","C","H","D","G","K","A","H","F","P","R","E","G","V","F","V","S","N","G","T","H","W","F","V","T","Q","R","N","F","Y","E","P","Q","I","I","T","T","D","N","T","F","V","S","G","N","C","D","V","V","I","G","I","V","N","N","T","V","Y","D","P","L","Q","P","E","L","D","S","F","K","E","E","L","D","K","Y","F","K","N","H","T","S","P","D","V","D","L","G","D","I","S","G","I","N","A","S","V","V","N","I","Q","K","E","I","D","R","L","N","E","V","A","K","N","L","N","E","S","L","I","D","L","Q","E","L","G","K","Y","E","Q","Y","I","K","W","P","W","Y","I","W","L","G","F","I","A","G","L","I","A","I","V","M","V","T","I","M","L","C","C","M","T","S","C","C","S","C","L","K","G","C","C","S","C","G","S","C","C","K","F","D","E","D","D","S","E","P","V","L","K","G","V","K","L","H","Y","T","---"
"New.hCoV.19.Japan.PG.12604.2020","M","F","V","F","F","V","L","L","P","L","V","S","S","Q","C","V","N","L","T","T","R","T","Q","L","P","P","A","Y","T","N","S","F","T","R","G","V","Y","Y","P","D","K","V","F","R","S","S","V","L","H","S","T","Q","D","L","F","L","P","F","F","S","N","V","T","W","F","H","A","I","H","V","S","G","T","N","G","T","K","R","F","D","N","P","V","L","P","F","N","D","G","V","Y","F","A","S","T","E","K","S","N","I","I","R","G","W","I","F","G","T","T","L","D","S","K","T","Q","S","L","L","I","V","N","N","A","T","N","V","V","I","K","V","C","E","F","Q","F","C","N","D","P","F","L","G","V","Y","Y","H","K","N","N","K","S","W","M","E","S","E","F","R","V","Y","S","S","A","N","N","C","T","F","E","Y","V","S","Q","P","F","L","M","D","L","E","G","K","Q","G","N","F","K","N","L","R","E","F","V","F","K","N","I","D","G","Y","F","K","I","Y","S","K","H","T","P","I","N","L","V","R","D","L","P","Q","G","F","S","A","L","E","P","L","V","D","L","P","I","G","I","N","I","T","R","F","Q","T","L","L","A","L","H","R","S","Y","L","T","P","G","D","S","S","S","G","W","T","A","G","A","A","A","Y","Y","V","G","Y","L","Q","P","R","T","F","L","L","K","Y","N","E","N","G","T","I","T","D","A","V","D","C","A","L","D","P","L","S","E","T","K","C","T","L","K","S","F","T","V","E","K","G","I","Y","Q","T","S","N","F","R","V","Q","P","T","E","S","I","V","R","F","P","N","I","T","N","L","C","P","F","G","E","V","F","N","A","T","R","F","A","S","V","Y","A","W","N","R","K","R","I","S","N","C","V","A","D","Y","S","V","L","Y","N","S","A","S","F","S","T","F","K","C","Y","G","V","S","P","T","K","L","N","D","L","C","F","T","N","V","Y","A","D","S","F","V","I","R","G","D","E","V","R","Q","I","A","P","G","Q","T","G","K","I","A","D","Y","N","Y","K","L","P","D","D","F","T","G","C","V","I","A","W","N","S","N","N","L","D","S","K","V","G","G","N","Y","N","Y","L","Y","R","L","F","R","K","S","N","L","K","P","F","E","R","D","I","S","T","E","I","Y","Q","A","G","S","T","P","C","N","G","V","E","G","F","N","C","Y","F","P","L","Q","S","Y","G","F","Q","P","T","N","G","V","G","Y","Q","P","Y","R","V","V","V","L","S","F","E","L","L","H","A","P","A","T","V","C","G","P","K","K","S","T","N","L","V","K","N","K","C","V","N","F","N","F","N","G","L","T","G","T","G","V","L","T","E","S","N","K","K","F","L","P","F","Q","Q","F","G","R","D","I","A","D","T","T","D","A","V","R","D","P","Q","T","L","E","I","L","D","I","T","P","C","S","F","G","G","V","S","V","I","T","P","G","T","N","T","S","N","Q","V","A","V","L","Y","Q","G","V","N","C","T","E","V","P","V","A","I","H","A","D","Q","L","T","P","T","W","R","V","Y","S","T","G","S","N","V","F","Q","T","R","A","G","C","L","I","G","A","E","H","V","N","N","S","Y","E","C","D","I","P","I","G","A","G","I","C","A","S","Y","H","T","Q","T","N","S","P","R","R","A","R","S","V","A","S","Q","S","I","I","A","Y","T","M","S","L","G","A","E","N","S","V","A","Y","S","N","N","S","I","A","I","P","T","N","F","T","I","S","V","T","T","E","I","L","P","V","S","M","T","K","T","S","V","D","C","T","M","Y","I","C","G","D","S","T","E","C","S","N","L","L","L","Q","Y","G","S","F","C","T","Q","L","N","R","A","L","T","G","I","A","V","E","Q","D","K","N","T","Q","E","V","F","A","Q","V","K","Q","I","Y","K","T","P","P","I","K","D","F","G","G","F","N","F","S","Q","I","L","P","D","P","S","K","P","S","K","R","S","F","I","E","D","L","L","F","N","K","V","T","L","A","D","A","G","F","I","K","Q","Y","G","D","C","L","G","D","I","A","A","R","D","L","I","C","A","Q","K","F","N","G","L","T","V","L","P","P","L","L","T","D","E","M","I","A","Q","Y","T","S","A","L","L","A","G","T","I","T","S","G","W","T","F","G","A","G","A","A","L","Q","I","P","F","A","M","Q","M","A","Y","R","F","N","G","I","G","V","T","Q","N","V","L","Y","E","N","Q","K","L","I","A","N","Q","F","N","S","A","I","G","K","I","Q","D","S","L","S","S","T","A","S","A","L","G","K","L","Q","D","V","V","N","Q","N","A","Q","A","L","N","T","L","V","K","Q","L","S","S","N","F","G","A","I","S","S","V","L","N","D","I","L","S","R","L","D","K","V","E","A","E","V","Q","I","D","R","L","I","T","G","R","L","Q","S","L","Q","T","Y","V","T","Q","Q","L","I","R","A","A","E","I","R","A","S","A","N","L","A","A","T","K","M","S","E","C","V","L","G","Q","S","K","R","V","D","F","C","G","K","G","Y","H","L","M","S","F","P","Q","S","A","P","H","G","V","V","F","L","H","V","T","Y","V","P","A","Q","E","K","N","F","T","T","A","P","A","I","C","H","D","G","K","A","H","F","P","R","E","G","V","F","V","S","N","G","T","H","W","F","V","T","Q","R","N","F","Y","E","P","Q","I","I","T","T","D","N","T","F","V","S","G","N","C","D","V","V","I","G","I","V","N","N","T","V","Y","D","P","L","Q","P","E","L","D","S","F","K","E","E","L","D","K","Y","F","K","N","H","T","S","P","D","V","D","L","G","D","I","S","G","I","N","A","S","V","V","N","I","Q","K","E","I","D","R","L","N","E","V","A","K","N","L","N","E","S","L","I","D","L","Q","E","L","G","K","Y","E","Q","Y","I","K","W","P","W","Y","I","W","L","G","F","I","A","G","L","I","A","I","V","M","V","T","I","M","L","C","C","M","T","S","C","C","S","C","L","K","G","C","C","S","C","G","S","C","C","K","F","D","E","D","D","S","E","P","V","L","K","G","V","K","L","H","Y","T","---"
"New.hCoV.19.Japan.PG.22714.2020","M","F","V","F","L","V","L","L","P","L","V","S","S","Q","C","V","N","L","T","T","R","T","Q","L","P","P","A","Y","T","N","S","F","T","R","G","V","Y","Y","P","D","K","V","F","R","S","S","V","L","H","S","T","Q","D","L","F","L","P","F","F","S","N","V","T","W","F","H","A","I","H","V","S","G","T","N","G","T","K","R","F","D","N","P","V","L","P","F","N","D","G","V","Y","F","A","S","T","E","K","S","N","I","I","R","G","W","I","F","G","T","T","L","D","S","K","T","Q","S","L","L","I","V","N","N","A","T","N","V","V","I","K","V","C","E","F","Q","F","C","N","D","P","F","L","G","V","Y","Y","H","K","N","N","K","S","W","M","E","S","E","F","R","V","Y","S","S","A","N","N","C","T","F","E","Y","V","S","Q","P","F","L","M","D","L","E","G","K","Q","G","N","F","K","N","L","R","E","F","V","F","K","N","I","D","G","Y","F","K","I","Y","S","K","H","T","P","I","N","L","V","R","D","L","P","Q","G","F","S","A","L","E","P","L","V","D","L","P","I","G","I","N","I","T","R","F","Q","T","L","L","A","L","H","R","S","Y","L","T","P","G","D","S","S","S","G","W","T","A","G","A","A","A","Y","Y","V","G","Y","L","Q","P","R","T","F","L","L","K","Y","N","E","N","G","T","I","T","D","A","V","D","C","A","L","D","P","L","S","E","T","K","C","T","L","K","S","F","T","V","E","K","G","I","Y","Q","T","S","N","F","R","V","Q","P","T","E","S","I","V","R","F","P","N","I","T","N","L","C","P","F","G","E","V","F","N","A","T","R","F","A","S","V","Y","A","W","N","R","K","R","I","S","N","C","V","A","D","Y","S","V","L","Y","N","S","A","S","F","S","T","F","K","C","Y","G","V","S","P","T","K","L","N","D","L","C","F","T","N","V","Y","A","D","S","F","V","I","R","G","D","E","V","R","Q","I","A","P","G","Q","T","G","K","I","A","D","Y","N","Y","K","L","P","D","D","F","T","G","C","V","I","A","W","N","S","N","N","L","D","S","K","V","G","G","N","Y","N","Y","L","Y","R","L","F","R","K","S","N","L","K","P","F","E","R","D","I","S","T","E","I","Y","Q","A","G","S","T","P","C","N","G","V","E","G","F","N","C","Y","F","P","L","Q","S","Y","G","F","Q","P","T","N","G","V","G","Y","Q","P","Y","R","V","V","V","L","S","F","E","L","L","H","A","P","A","T","V","C","G","P","K","K","S","T","N","L","V","K","N","K","C","V","N","F","N","F","N","G","L","T","G","T","G","V","L","T","E","S","N","K","K","F","L","P","F","Q","Q","F","G","R","D","I","A","D","T","T","D","A","V","R","D","P","Q","T","L","E","I","L","D","I","T","P","C","S","F","G","G","V","S","V","I","T","P","G","T","N","T","S","N","Q","V","A","V","L","Y","Q","G","V","N","C","T","E","V","P","V","A","I","H","A","D","Q","L","T","P","T","W","R","V","Y","S","T","G","S","N","V","F","Q","T","R","A","G","C","L","I","G","A","E","H","V","N","N","S","Y","E","C","D","I","P","I","G","A","G","I","C","A","S","Y","Q","T","Q","T","N","S","P","R","R","A","R","S","V","A","S","Q","S","I","I","A","Y","T","M","S","L","G","A","E","N","S","V","A","Y","S","N","N","S","I","A","I","P","T","N","F","T","I","S","V","T","T","E","I","L","P","V","S","M","T","K","T","S","V","D","C","T","M","Y","I","C","G","D","S","T","E","C","S","N","L","L","L","Q","Y","G","S","F","C","T","Q","L","N","R","A","L","T","G","I","A","V","E","Q","D","K","N","T","Q","E","V","F","A","Q","V","K","Q","I","Y","K","T","P","P","I","K","D","F","G","G","F","N","F","S","Q","I","L","P","D","P","S","K","P","S","K","R","S","F","I","E","D","L","L","F","N","K","V","T","L","A","D","A","G","F","I","K","Q","Y","G","D","C","L","G","D","I","A","A","R","D","L","I","C","A","Q","K","F","N","G","L","T","V","L","P","P","L","L","T","D","E","M","I","A","Q","Y","T","S","A","L","L","A","G","T","I","T","S","G","W","T","F","G","A","G","A","A","L","Q","I","P","F","A","M","Q","M","A","Y","R","F","N","G","I","G","V","T","Q","N","V","L","Y","E","N","Q","K","L","I","A","N","Q","F","N","S","A","I","G","K","I","Q","D","S","L","S","S","T","A","S","A","L","G","K","L","Q","D","V","V","N","Q","N","A","Q","A","L","N","T","L","V","K","Q","L","S","S","N","F","G","A","I","S","S","V","L","N","D","I","L","S","R","L","D","K","V","E","A","E","V","Q","I","D","R","L","I","T","G","R","L","Q","S","L","Q","T","Y","V","T","Q","Q","L","I","R","A","A","E","I","R","A","S","A","N","L","A","A","T","K","M","S","E","C","V","L","G","Q","S","K","R","V","D","F","C","G","K","G","Y","H","L","M","S","F","P","Q","S","A","P","H","G","V","V","F","L","H","V","T","Y","V","P","A","Q","E","K","N","F","T","T","A","P","A","I","C","H","D","G","K","A","H","F","P","R","E","G","V","F","V","S","N","G","T","H","W","F","V","T","Q","R","N","F","Y","E","P","Q","I","I","T","T","D","N","T","F","V","S","G","N","C","D","V","V","I","G","I","V","N","N","T","V","Y","D","P","L","Q","P","E","L","D","S","F","K","E","E","L","D","K","Y","F","K","N","H","T","S","P","D","V","D","L","G","D","I","S","G","I","N","A","S","V","V","N","I","Q","K","E","I","D","R","L","N","E","V","A","K","N","L","N","E","S","L","I","D","L","Q","E","L","G","K","Y","E","Q","Y","I","K","W","P","W","Y","I","W","L","G","F","I","A","G","L","I","A","I","V","M","V","T","I","M","L","C","C","M","T","S","C","C","S","C","L","K","G","C","C","S","C","G","S","C","C","K","F","D","E","D","D","S","E","P","V","L","K","G","V","K","L","H","Y","T","---"
"New.hCoV.19.Japan.PG.11451.2020","M","F","V","F","L","V","L","L","P","L","V","S","S","Q","C","V","N","L","T","T","R","T","Q","L","P","P","A","Y","T","N","S","F","T","R","G","V","Y","Y","P","D","K","V","F","R","S","S","V","L","H","S","T","Q","D","L","F","L","P","F","F","S","N","V","T","W","F","H","A","I","H","V","S","G","T","N","G","T","K","R","F","D","N","P","V","L","P","F","N","D","G","V","Y","F","A","S","T","E","K","S","N","I","I","R","G","W","I","F","G","T","T","L","D","S","K","T","Q","S","L","L","I","V","N","N","A","T","N","V","V","I","K","V","C","E","F","Q","F","C","N","D","P","F","L","G","V","Y","Y","H","K","N","N","K","S","W","M","E","S","E","F","R","V","Y","S","S","A","N","N","C","T","F","E","Y","V","S","Q","P","F","L","M","D","L","E","G","K","Q","G","N","F","K","N","L","R","E","F","V","F","K","N","I","D","G","Y","F","K","I","Y","S","K","H","T","P","I","N","L","V","R","D","L","P","Q","G","F","S","A","L","E","P","L","V","D","L","P","I","G","I","N","I","T","R","F","Q","T","L","L","A","L","H","R","S","Y","L","T","P","G","D","S","S","S","G","W","T","A","G","A","A","A","Y","Y","V","G","Y","L","Q","P","R","T","F","L","L","K","Y","N","E","N","G","T","I","T","D","A","V","D","C","A","L","D","P","L","S","E","T","K","C","T","L","K","S","F","T","V","E","K","G","I","Y","Q","T","S","N","F","R","V","Q","P","T","E","S","I","V","R","F","P","N","I","T","N","L","C","P","F","G","E","V","F","N","A","T","R","F","A","S","V","Y","A","W","N","R","K","R","I","S","N","C","V","A","D","Y","S","V","L","Y","N","S","A","S","F","S","T","F","K","C","Y","G","V","S","P","T","K","L","N","D","L","C","F","T","N","V","Y","A","D","S","F","V","I","R","G","D","E","V","R","Q","I","A","P","G","Q","T","G","K","I","A","D","Y","N","Y","K","L","P","D","D","F","T","G","C","V","I","A","W","N","S","N","N","L","D","S","K","V","G","G","N","Y","N","Y","L","Y","R","L","F","R","K","S","N","L","K","P","F","E","R","D","I","S","T","E","I","Y","Q","A","G","S","T","P","C","N","G","V","E","G","F","N","C","Y","F","P","L","Q","S","Y","G","F","Q","P","T","N","G","V","G","Y","Q","P","Y","R","V","V","V","L","S","F","E","L","L","H","A","P","A","T","V","C","G","P","K","K","S","T","N","L","V","K","N","K","C","V","N","F","N","F","N","G","L","T","G","T","G","V","L","T","E","S","N","K","K","F","L","P","F","Q","Q","F","G","R","D","I","A","D","T","T","D","A","V","R","D","P","Q","T","L","E","I","L","D","I","T","P","C","S","F","G","G","V","S","V","I","T","P","G","T","N","T","S","N","Q","V","A","V","L","Y","Q","G","V","N","C","T","E","V","P","V","A","I","H","A","D","Q","L","T","P","T","W","R","V","Y","S","T","G","S","N","V","F","Q","T","R","A","G","C","L","I","G","A","E","H","V","N","N","S","Y","E","C","D","I","P","I","G","A","G","I","C","A","S","Y","Q","T","Q","T","N","S","P","R","R","A","R","S","V","A","S","Q","S","I","I","A","Y","T","M","S","L","G","A","E","N","S","V","A","Y","S","N","N","S","I","A","I","P","T","N","F","T","I","S","V","T","T","E","I","L","P","V","S","M","T","K","T","S","V","D","C","T","M","Y","I","C","G","D","S","T","E","C","S","N","L","L","L","Q","Y","G","S","F","C","T","Q","L","N","R","A","L","T","G","I","A","V","E","Q","D","K","N","T","Q","E","V","F","A","Q","V","K","Q","I","Y","K","T","P","P","I","K","D","F","G","G","F","N","F","S","Q","I","L","P","D","P","S","K","P","S","K","R","S","F","I","E","D","L","L","F","N","K","V","T","L","A","D","A","G","F","I","K","Q","Y","G","D","C","L","G","D","I","A","A","R","D","L","I","C","A","Q","K","F","N","G","L","T","V","L","P","P","L","L","T","D","E","M","I","A","Q","Y","T","S","A","L","L","A","G","T","I","T","S","G","W","T","F","G","A","G","A","A","L","Q","I","P","F","A","M","Q","M","A","Y","R","F","N","G","I","G","V","T","Q","N","V","L","Y","E","N","Q","K","L","I","A","N","Q","F","N","S","A","I","G","K","I","Q","D","S","L","S","S","T","A","S","A","L","G","K","L","Q","D","V","V","N","Q","N","A","Q","A","L","N","T","L","V","K","Q","L","S","S","N","F","G","A","I","S","S","V","L","N","D","I","L","S","R","L","D","K","V","E","A","E","V","Q","I","D","R","L","I","T","G","R","L","Q","S","L","Q","T","Y","V","T","Q","Q","L","I","R","A","A","E","I","R","A","S","A","N","L","A","A","T","K","M","S","E","C","V","L","G","Q","S","K","R","V","D","F","C","G","K","G","Y","H","L","M","S","F","P","Q","S","A","P","H","G","V","V","F","L","H","V","T","Y","V","P","A","Q","E","K","N","F","T","T","A","P","A","I","C","H","D","G","K","A","H","F","P","R","E","G","V","F","V","S","N","G","T","H","W","F","V","T","Q","R","N","F","Y","E","P","Q","I","I","T","T","D","N","T","F","V","S","G","N","C","D","V","V","I","G","I","V","N","N","T","V","Y","D","P","L","Q","P","E","L","D","S","F","K","E","E","L","D","K","Y","F","K","N","H","T","S","P","D","V","D","L","G","D","I","S","G","I","N","A","S","V","V","N","I","Q","K","E","I","D","R","L","N","E","V","A","K","N","L","N","E","S","L","I","D","L","Q","E","L","G","K","Y","E","Q","Y","I","K","W","P","W","Y","I","W","L","G","F","I","A","G","L","I","A","I","V","M","V","T","I","M","L","C","C","M","T","S","C","C","S","C","L","K","G","C","C","S","C","G","S","C","C","K","F","D","E","D","D","S","E","P","V","L","K","G","V","K","L","H","Y","T","---"
"New.hCoV.19.Japan.PG.23281.2020","M","F","V","F","L","V","L","L","P","L","V","S","S","Q","C","V","N","L","T","T","R","T","Q","L","P","P","A","Y","T","N","S","F","T","R","G","V","Y","Y","P","D","K","V","F","R","S","S","V","L","H","S","T","Q","D","L","F","L","P","F","F","S","N","V","T","W","F","H","A","I","H","V","S","G","T","N","G","T","K","R","F","D","N","P","V","L","P","F","N","D","G","V","Y","F","A","S","T","E","K","S","N","I","I","R","G","W","I","F","G","T","T","L","D","S","K","T","Q","S","L","L","I","V","N","N","A","T","N","V","V","I","K","V","C","E","F","Q","F","C","N","D","P","F","L","G","V","Y","Y","H","K","N","N","K","S","W","M","E","S","E","F","R","V","Y","S","S","A","N","N","C","T","F","E","Y","V","S","Q","P","F","L","M","D","L","E","G","K","Q","G","N","F","K","N","L","R","E","F","V","F","K","N","I","D","G","Y","F","K","I","Y","S","K","H","T","P","I","N","L","V","R","D","L","P","Q","G","F","S","A","L","E","P","L","V","D","L","P","I","G","I","N","I","T","R","F","Q","T","L","L","A","L","H","R","S","Y","L","T","P","G","D","S","S","S","G","W","T","A","G","A","A","A","Y","Y","V","G","Y","L","Q","P","R","T","F","L","L","K","Y","N","E","N","G","T","I","T","D","A","V","D","C","A","L","D","P","L","S","E","T","K","C","T","L","K","S","F","T","V","E","K","G","I","Y","Q","T","S","N","F","R","V","Q","P","T","E","S","I","V","R","F","P","N","I","T","N","L","C","P","F","G","E","V","F","N","A","T","R","F","A","S","V","Y","A","W","N","R","K","R","I","S","N","C","V","A","D","Y","S","V","L","Y","N","S","A","S","F","S","T","F","K","C","Y","G","V","S","P","T","K","L","N","D","L","C","F","T","N","V","Y","A","D","S","F","V","I","R","G","D","E","V","R","Q","I","A","P","G","Q","T","G","K","I","A","D","Y","N","Y","K","L","P","D","D","F","T","G","C","V","I","A","W","N","S","N","N","L","D","S","K","V","G","G","N","Y","N","Y","L","Y","R","L","F","R","K","S","N","L","K","P","F","E","R","D","I","S","T","E","I","Y","Q","A","G","S","T","P","C","N","G","V","E","G","F","N","C","Y","F","P","L","Q","S","Y","G","F","Q","P","T","N","G","V","G","Y","Q","P","Y","R","V","V","V","L","S","F","E","L","L","H","A","P","A","T","V","C","G","P","K","K","S","T","N","L","V","K","N","K","C","V","N","F","N","F","N","G","L","T","G","T","G","V","L","T","E","S","N","K","K","F","L","P","F","Q","Q","F","G","R","D","I","A","D","T","T","D","A","V","R","D","P","Q","T","L","E","I","L","D","I","T","P","C","S","F","G","G","V","S","V","I","T","P","G","T","N","T","S","N","Q","V","A","V","L","Y","Q","G","V","N","C","T","E","V","P","V","A","I","H","A","D","Q","L","T","P","T","W","R","V","Y","S","T","G","S","N","V","F","Q","T","R","A","G","C","L","I","G","A","E","H","V","N","N","S","Y","E","C","D","I","P","I","G","A","G","I","C","A","S","Y","Q","T","Q","T","N","S","P","R","R","A","R","S","V","A","S","Q","S","I","I","A","Y","T","M","S","L","G","A","E","N","S","V","A","Y","S","N","N","S","I","A","I","P","T","N","F","T","I","S","V","T","T","E","I","L","P","V","S","M","T","K","T","S","V","D","C","T","M","Y","I","C","G","D","S","T","E","C","S","N","L","L","L","Q","Y","G","S","F","C","T","Q","L","N","R","A","L","T","G","I","A","V","E","Q","D","K","N","T","Q","E","V","F","A","Q","V","K","Q","I","Y","K","T","P","P","I","K","D","F","G","G","F","N","F","S","Q","I","L","P","D","P","S","K","P","S","K","R","S","F","I","E","D","L","L","F","N","K","V","T","L","A","D","A","G","F","I","K","Q","Y","G","D","C","L","G","D","I","A","A","R","D","L","I","C","A","Q","K","F","N","G","L","T","V","L","P","P","L","L","T","D","E","M","I","A","Q","Y","T","S","A","L","L","A","G","T","I","T","S","G","W","T","F","G","A","G","A","A","L","Q","I","P","F","A","M","Q","M","A","Y","R","F","N","G","I","G","V","T","Q","N","V","L","Y","E","N","Q","K","L","I","A","N","Q","F","N","S","A","I","G","K","I","Q","D","S","L","S","S","T","A","S","A","L","G","K","L","Q","D","V","V","N","Q","N","A","Q","A","L","N","T","L","V","K","Q","L","S","S","N","F","G","A","I","S","S","V","L","N","D","I","L","S","R","L","D","K","V","E","A","E","V","Q","I","D","R","L","I","T","G","R","L","Q","S","L","Q","T","Y","V","T","Q","Q","L","I","R","A","A","E","I","R","A","S","A","N","L","A","A","T","K","M","S","E","C","V","L","G","Q","S","K","R","V","D","F","C","G","K","G","Y","H","L","M","S","F","P","Q","S","A","P","H","G","V","V","F","L","H","V","T","Y","V","P","A","Q","E","K","N","F","T","T","A","P","A","I","C","H","D","G","K","A","H","F","P","R","E","G","V","F","V","S","N","G","T","H","W","F","V","T","Q","R","N","F","Y","E","P","Q","I","I","T","T","D","N","T","F","V","S","G","N","C","D","V","V","I","G","I","V","N","N","T","V","Y","D","P","L","Q","P","E","L","D","S","F","K","E","E","L","D","K","Y","F","K","N","H","T","S","P","D","V","D","L","G","D","I","S","G","I","N","A","S","V","V","N","I","Q","K","E","I","D","R","L","N","E","V","A","K","N","L","N","E","S","L","I","D","L","Q","E","L","G","K","Y","E","Q","Y","I","K","W","P","W","Y","I","W","L","G","F","I","A","G","L","I","A","I","V","M","V","T","I","M","L","C","C","M","T","S","C","C","S","C","L","K","G","C","C","S","C","G","S","C","C","K","F","D","E","D","D","S","E","P","V","L","K","G","V","K","L","H","Y","T","---"
"New.hCoV.19.Japan.PG.17319.2020","M","F","V","F","L","V","L","L","P","L","V","S","S","Q","C","V","N","L","T","T","R","T","Q","L","P","P","A","Y","T","N","S","F","T","R","G","V","Y","Y","P","D","K","V","F","R","S","S","V","L","H","S","T","Q","D","L","F","L","P","F","F","S","N","V","T","W","F","H","A","I","H","V","S","G","T","N","G","T","K","R","F","D","N","P","V","L","P","F","N","D","G","V","Y","F","A","S","T","E","K","S","N","I","I","R","G","W","I","F","G","T","T","L","D","S","K","T","Q","S","L","L","I","V","N","N","A","T","N","V","V","I","K","V","C","E","F","Q","F","C","N","D","P","F","L","G","V","Y","Y","H","K","N","N","K","S","W","M","E","S","E","F","R","V","Y","S","S","A","N","N","C","T","F","E","Y","V","S","Q","P","F","L","M","D","L","E","G","K","Q","G","N","F","K","N","L","R","E","F","V","F","K","N","I","D","G","Y","F","K","I","Y","S","K","H","T","P","I","N","L","V","R","D","L","P","Q","G","F","S","A","L","E","P","L","V","D","L","P","I","G","I","N","I","T","R","F","Q","T","L","L","A","L","H","R","S","Y","L","T","P","G","D","S","S","S","G","W","T","A","G","A","A","A","Y","Y","V","G","Y","L","Q","P","R","T","F","L","L","K","Y","N","E","N","G","T","I","T","D","A","V","D","C","A","L","D","P","L","S","E","T","K","C","T","L","K","S","F","T","V","E","K","G","I","Y","Q","T","S","N","F","R","V","Q","P","T","E","S","I","V","R","F","P","N","I","T","N","L","C","P","F","G","E","V","F","N","A","T","R","F","A","S","V","Y","A","W","N","R","K","R","I","S","N","C","V","A","D","Y","S","V","L","Y","N","S","A","S","F","S","T","F","K","C","Y","G","V","S","P","T","K","L","N","D","L","C","F","T","N","V","Y","A","D","S","F","V","I","R","G","D","E","V","R","Q","I","A","P","G","Q","T","G","K","I","A","D","Y","N","Y","K","L","P","D","D","F","T","G","C","V","I","A","W","N","S","N","N","L","D","S","K","V","G","G","N","Y","N","Y","L","Y","R","L","F","R","K","S","N","L","K","P","F","E","R","D","I","S","T","E","I","Y","Q","A","G","S","T","P","C","N","G","V","E","G","F","N","C","Y","F","P","L","Q","S","Y","G","F","Q","P","T","N","G","V","G","Y","Q","P","Y","R","V","V","V","L","S","F","E","L","L","H","A","P","A","T","V","C","G","P","K","K","S","T","N","L","V","K","N","K","C","V","N","F","N","F","N","G","L","T","G","T","G","V","L","T","E","S","N","K","K","F","L","P","F","Q","Q","F","G","R","D","I","A","D","T","T","D","A","V","R","D","P","Q","T","L","E","I","L","D","I","T","P","C","S","F","G","G","V","S","V","I","T","P","G","T","N","T","S","N","Q","V","A","V","L","Y","Q","G","V","N","C","T","E","V","P","V","A","I","H","A","D","Q","L","T","P","T","W","R","V","Y","S","T","G","S","N","V","F","Q","T","R","A","G","C","L","I","G","A","E","H","V","N","N","S","Y","E","C","D","I","P","I","G","A","G","I","C","A","S","Y","Q","T","Q","T","N","S","P","R","R","A","R","S","V","A","S","Q","S","I","I","A","Y","T","M","S","L","G","A","E","N","S","V","A","Y","S","N","N","S","I","A","I","P","T","N","F","T","I","S","V","T","T","E","I","L","P","V","S","M","T","K","T","S","V","D","C","T","M","Y","I","C","G","D","S","T","E","C","S","N","L","L","L","Q","Y","G","S","F","C","T","Q","L","N","R","A","L","T","G","I","A","V","E","Q","D","K","N","T","Q","E","V","F","A","Q","V","K","Q","I","Y","K","T","P","P","I","K","D","F","G","G","F","N","F","S","Q","I","L","P","D","P","S","K","P","S","K","R","S","F","I","E","D","L","L","F","N","K","V","T","L","A","D","A","G","F","I","K","Q","Y","G","D","C","L","G","D","I","A","A","R","D","L","I","C","A","Q","K","F","N","G","L","T","V","L","P","P","L","L","T","D","E","M","I","A","Q","Y","T","S","A","L","L","A","G","T","I","T","S","G","W","T","F","G","A","G","A","A","L","Q","I","P","F","A","M","Q","M","A","Y","R","F","N","G","I","G","V","T","Q","N","V","L","Y","E","N","Q","K","L","I","A","N","Q","F","N","S","A","I","G","K","I","Q","D","S","L","S","S","T","A","S","A","L","G","K","L","Q","D","V","V","N","Q","N","A","Q","A","L","N","T","L","V","K","Q","L","S","S","N","F","G","A","I","S","S","V","L","N","D","I","L","S","R","L","D","K","V","E","A","E","V","Q","I","D","R","L","I","T","G","R","L","Q","S","L","Q","T","Y","V","T","Q","Q","L","I","R","A","A","E","I","R","A","S","A","N","L","A","A","T","K","M","S","E","C","V","L","G","Q","S","K","R","V","D","F","C","G","K","G","Y","H","L","M","S","F","P","Q","S","A","P","H","G","V","V","F","L","H","V","T","Y","V","P","A","Q","E","K","N","F","T","T","A","P","A","I","C","H","D","G","K","A","H","F","P","R","E","G","V","F","V","S","N","G","T","H","W","F","V","T","Q","R","N","F","Y","E","P","Q","I","I","T","T","D","N","T","F","V","S","G","N","C","D","V","V","I","G","I","V","N","N","T","V","Y","D","P","L","Q","P","E","L","D","S","F","K","E","E","L","D","K","Y","F","K","N","H","T","S","P","D","V","D","L","G","D","I","S","G","I","N","A","S","V","V","N","I","Q","K","E","I","D","R","L","N","E","V","A","K","N","L","N","E","S","L","I","D","L","Q","E","L","G","K","Y","E","Q","Y","I","K","W","P","W","Y","I","W","L","G","F","I","A","G","L","I","A","I","V","M","V","T","I","M","L","C","C","M","T","S","C","C","S","C","L","K","G","C","C","S","C","G","S","C","C","K","F","D","E","D","D","S","E","P","V","L","K","G","V","K","L","H","Y","T","---"
"New.hCoV.19.Japan.PG.13446.2020","M","F","V","F","L","V","L","L","P","L","V","S","S","Q","C","V","N","L","T","T","R","T","Q","L","P","P","A","Y","T","N","S","F","T","R","G","V","Y","Y","P","D","K","V","F","R","S","S","V","L","H","S","T","Q","D","L","F","L","P","F","F","S","N","V","T","W","F","H","A","I","H","V","S","G","T","N","G","T","K","R","F","D","N","P","V","L","P","F","N","D","G","V","Y","F","A","S","T","E","K","S","N","I","I","R","G","W","I","F","G","T","T","L","D","S","K","T","Q","S","L","L","I","V","N","N","A","T","N","V","V","I","K","V","C","E","F","Q","F","C","N","D","P","F","L","G","V","Y","Y","H","K","N","N","K","S","W","M","E","S","E","F","R","V","Y","S","S","A","N","N","C","T","F","E","Y","V","S","Q","P","F","L","M","D","L","E","G","K","Q","G","N","F","K","N","L","R","E","F","V","F","K","N","I","D","G","Y","F","K","I","Y","S","K","H","T","P","I","N","L","V","R","D","L","P","Q","G","F","S","A","L","E","P","L","V","D","L","P","I","G","I","N","I","T","R","F","Q","T","L","L","A","L","H","R","S","Y","L","T","P","G","D","S","S","S","G","W","T","A","G","A","A","A","Y","Y","V","G","Y","L","Q","P","R","T","F","L","L","K","Y","N","E","N","G","T","I","T","D","A","V","D","C","A","L","D","P","L","S","E","T","K","C","T","L","K","S","F","T","V","E","K","G","I","Y","Q","T","S","N","F","R","V","Q","P","T","E","S","I","V","R","F","P","N","I","T","N","L","C","P","F","G","E","V","F","N","A","T","R","F","A","S","V","Y","A","W","N","R","K","R","I","S","N","C","V","A","D","Y","S","V","L","Y","N","S","A","S","F","S","T","F","K","C","Y","G","V","S","P","T","K","L","N","D","L","C","F","T","N","V","Y","A","D","S","F","V","I","R","G","D","E","V","R","Q","I","A","P","G","Q","T","G","K","I","A","D","Y","N","Y","K","L","P","D","D","F","T","G","C","V","I","A","W","N","S","N","N","L","D","S","K","V","G","G","N","Y","N","Y","L","Y","R","L","F","R","K","S","N","L","K","P","F","E","R","D","I","S","T","E","I","Y","Q","A","G","S","T","P","C","N","G","V","E","G","F","N","C","Y","F","P","L","Q","S","Y","G","F","Q","P","T","N","G","V","G","Y","Q","P","Y","R","V","V","V","L","S","F","E","L","L","H","A","P","A","T","V","C","G","P","K","K","S","T","N","L","V","K","N","K","C","V","N","F","N","F","N","G","L","T","G","T","G","V","L","T","E","S","N","K","K","F","L","P","F","Q","Q","F","G","R","D","I","A","D","T","T","D","A","V","R","D","P","Q","T","L","E","I","L","D","I","T","P","C","S","F","G","G","V","S","V","I","T","P","G","T","N","T","S","N","Q","V","A","V","L","Y","Q","G","V","N","C","T","E","V","P","V","A","I","H","A","D","Q","L","T","P","T","W","R","V","Y","S","T","G","S","N","V","F","Q","T","R","A","G","C","L","I","G","A","E","H","V","N","N","S","Y","E","C","D","I","P","I","G","A","G","I","C","A","S","Y","Q","T","Q","T","N","S","P","R","R","A","R","S","V","A","S","Q","S","I","I","A","Y","T","M","S","L","G","A","E","N","S","V","A","Y","S","N","N","S","I","A","I","P","T","N","F","T","I","S","V","T","T","E","I","L","P","V","S","M","T","K","T","S","V","D","C","T","M","Y","I","C","G","D","S","T","E","C","S","N","L","L","L","Q","Y","G","S","F","C","T","Q","L","N","R","A","L","T","G","I","A","V","E","Q","D","K","N","T","Q","E","V","F","A","Q","V","K","Q","I","Y","K","T","P","P","I","K","D","F","G","G","F","N","F","S","Q","I","L","P","D","P","S","K","P","S","K","R","S","F","I","E","D","L","L","F","N","K","V","T","L","A","D","A","G","F","I","K","Q","Y","G","D","C","L","G","D","I","A","A","R","D","L","I","C","A","Q","K","F","N","G","L","T","V","L","P","P","L","L","T","D","E","M","I","A","Q","Y","T","S","A","L","L","A","G","T","I","T","S","G","W","T","F","G","A","G","A","A","L","Q","I","P","F","A","M","Q","M","A","Y","R","F","N","G","I","G","V","T","Q","N","V","L","Y","E","N","Q","K","L","I","A","N","Q","F","N","S","A","I","G","K","I","Q","D","S","L","S","S","T","A","S","A","L","G","K","L","Q","D","V","V","N","Q","N","A","Q","A","L","N","T","L","V","K","Q","L","S","S","N","F","G","A","I","S","S","V","L","N","D","I","L","S","R","L","D","K","V","E","A","E","V","Q","I","D","R","L","I","T","G","R","L","Q","S","L","Q","T","Y","V","T","Q","Q","L","I","R","A","A","E","I","R","A","S","A","N","L","A","A","T","K","M","S","E","C","V","L","G","Q","S","K","R","V","D","F","C","G","K","G","Y","H","L","M","S","F","P","Q","S","A","P","H","G","V","V","F","L","H","V","T","Y","V","P","A","Q","E","K","N","F","T","T","A","P","A","I","C","H","D","G","K","A","H","F","P","R","E","G","V","F","V","S","N","G","T","H","W","F","V","T","Q","R","N","F","Y","E","P","Q","I","I","T","T","D","N","T","F","V","S","G","N","C","D","V","V","I","G","I","V","N","N","T","V","Y","D","P","L","Q","P","E","L","D","S","F","K","E","E","L","D","K","Y","F","K","N","H","T","S","P","D","V","D","L","G","D","I","S","G","I","N","A","S","V","V","N","I","Q","K","E","I","D","R","L","N","E","V","A","K","N","L","N","E","S","L","I","D","L","Q","E","L","G","K","Y","E","Q","Y","I","K","W","P","W","Y","I","W","L","G","F","I","A","G","L","I","A","I","V","M","V","T","I","M","L","C","C","M","T","S","C","C","S","C","L","K","G","C","C","S","C","G","S","C","C","K","F","D","E","D","D","S","E","P","V","L","K","G","V","K","L","H","Y","T","---"
"New.hCoV.19.Japan.PG.14137.2020","M","F","V","F","L","V","L","L","P","L","V","S","S","Q","C","V","N","L","T","T","R","T","Q","L","P","P","A","Y","T","N","S","F","T","R","G","V","Y","Y","P","D","K","V","F","R","S","S","V","L","H","S","T","Q","D","L","F","L","P","F","F","S","N","V","T","W","F","H","A","I","H","V","S","G","T","N","G","T","K","R","F","D","N","P","V","L","P","F","N","D","G","V","Y","F","A","S","T","E","K","S","N","I","I","R","G","W","I","F","G","T","T","L","D","S","K","T","Q","S","L","L","I","V","N","N","A","T","N","V","V","I","K","V","C","E","F","Q","F","C","N","D","P","F","L","G","V","Y","Y","H","K","N","N","K","S","W","M","E","S","E","F","R","V","Y","S","S","A","N","N","C","T","F","E","Y","V","S","Q","P","F","L","M","D","L","E","G","K","Q","G","N","F","K","N","L","R","E","F","V","F","K","N","I","D","G","Y","F","K","I","Y","S","K","H","T","P","I","N","L","V","R","D","L","P","Q","G","F","S","A","L","E","P","L","V","D","L","P","I","G","I","N","I","T","R","F","Q","T","L","L","A","L","H","R","S","Y","L","T","P","G","D","S","S","S","G","W","T","A","G","A","A","A","Y","Y","V","G","Y","L","Q","P","R","T","F","L","L","K","Y","N","E","N","G","T","I","T","D","A","V","D","C","A","L","D","P","L","S","E","T","K","C","T","L","K","S","F","T","V","E","K","G","I","Y","Q","T","S","N","F","R","V","Q","P","T","E","S","I","V","R","F","P","N","I","T","N","L","C","P","F","G","E","V","F","N","A","T","R","F","A","S","V","Y","A","W","N","R","K","R","I","S","N","C","V","A","D","Y","S","V","L","Y","N","S","A","S","F","S","T","F","K","C","Y","G","V","S","P","T","K","L","N","D","L","C","F","T","N","V","Y","A","D","S","F","V","I","R","G","D","E","V","R","Q","I","A","P","G","Q","T","G","K","I","A","D","Y","N","Y","K","L","P","D","D","F","T","G","C","V","I","A","W","N","S","N","N","L","D","S","K","V","G","G","N","Y","N","Y","L","Y","R","L","F","R","K","S","N","L","K","P","F","E","R","D","I","S","T","E","I","Y","Q","A","G","S","T","P","C","N","G","V","E","G","F","N","C","Y","F","P","L","Q","S","Y","G","F","Q","P","T","N","G","V","G","Y","Q","P","Y","R","V","V","V","L","S","F","E","L","L","H","A","P","A","T","V","C","G","P","K","K","S","T","N","L","V","K","N","K","C","V","N","F","N","F","N","G","L","T","G","T","G","V","L","T","E","S","N","K","K","F","L","P","F","Q","Q","F","G","R","D","I","A","D","T","T","D","A","V","R","D","P","Q","T","L","E","I","L","D","I","T","P","C","S","F","G","G","V","S","V","I","T","P","G","T","N","T","S","N","Q","V","A","V","L","Y","Q","G","V","N","C","T","E","V","P","V","A","I","H","A","D","Q","L","T","P","T","W","R","V","Y","S","T","G","S","N","V","F","Q","T","R","A","G","C","L","I","G","A","E","H","V","N","N","S","Y","E","C","D","I","P","I","G","A","G","I","C","A","S","Y","Q","T","Q","T","N","S","P","R","R","A","R","S","V","A","S","Q","S","I","I","A","Y","T","M","S","L","G","A","E","N","S","V","A","Y","S","N","N","S","I","A","I","P","T","N","F","T","I","S","V","T","T","E","I","L","P","V","S","M","T","K","T","S","V","D","C","T","M","Y","I","C","G","D","S","T","E","C","S","N","L","L","L","Q","Y","G","S","F","C","T","Q","L","N","R","A","L","T","G","I","A","V","E","Q","D","K","N","T","Q","E","V","F","A","Q","V","K","Q","I","Y","K","T","P","P","I","K","D","F","G","G","F","N","F","S","Q","I","L","P","D","P","S","K","P","S","K","R","S","F","I","E","D","L","L","F","N","K","V","T","L","A","D","A","G","F","I","K","Q","Y","G","D","C","L","G","D","I","A","A","R","D","L","I","C","A","Q","K","F","N","G","L","T","V","L","P","P","L","L","T","D","E","M","I","A","Q","Y","T","S","A","L","L","A","G","T","I","T","S","G","W","T","F","G","A","G","A","A","L","Q","I","P","F","A","M","Q","M","A","Y","R","F","N","G","I","G","V","T","Q","N","V","L","Y","E","N","Q","K","L","I","A","N","Q","F","N","S","A","I","G","K","I","Q","D","S","L","S","S","T","A","S","A","L","G","K","L","Q","D","V","V","N","Q","N","A","Q","A","L","N","T","L","V","K","Q","L","S","S","N","F","G","A","I","S","S","V","L","N","D","I","L","S","R","L","D","K","V","E","A","E","V","Q","I","D","R","L","I","T","G","R","L","Q","S","L","Q","T","Y","V","T","Q","Q","L","I","R","A","A","E","I","R","A","S","A","N","L","A","A","T","K","M","S","E","C","V","L","G","Q","S","K","R","V","D","F","C","G","K","G","Y","H","L","M","S","F","P","Q","S","A","P","H","G","V","V","F","L","H","V","T","Y","V","P","A","Q","E","K","N","F","T","T","A","P","A","I","C","H","D","G","K","A","H","F","P","R","E","G","V","F","V","S","N","G","T","H","W","F","V","T","Q","R","N","F","Y","E","P","Q","I","I","T","T","D","N","T","F","V","S","G","N","C","D","V","V","I","G","I","V","N","N","T","V","Y","D","P","L","Q","P","E","L","D","S","F","K","E","E","L","D","K","Y","F","K","N","H","T","S","P","D","V","D","L","G","D","I","S","G","I","N","A","S","V","V","N","I","Q","K","E","I","D","R","L","N","E","V","A","K","N","L","N","E","S","L","I","D","L","Q","E","L","G","K","Y","E","Q","Y","I","K","W","P","W","Y","I","W","L","G","F","I","A","G","L","I","A","I","V","M","V","T","I","M","L","C","C","M","T","S","C","C","S","C","L","K","G","C","C","S","C","G","S","C","C","K","F","D","E","D","D","S","E","P","V","L","K","G","V","K","L","H","Y","T","---"
"New.hCoV.19.Japan.PG.15811.2020","M","F","V","F","L","V","L","L","P","L","V","S","S","Q","C","V","N","L","T","T","R","T","Q","L","P","P","A","Y","T","N","S","F","T","R","G","V","Y","Y","P","D","K","V","F","R","S","S","V","L","H","S","T","Q","D","L","F","L","P","F","F","S","N","V","T","W","F","H","A","I","H","V","S","G","T","N","G","T","K","R","F","D","N","P","V","L","P","F","N","D","G","V","Y","F","A","S","T","E","K","S","N","I","I","R","G","W","I","F","G","T","T","L","D","S","K","T","Q","S","L","L","I","V","N","N","A","T","N","V","V","I","K","V","C","E","F","Q","F","C","N","D","P","F","L","G","V","Y","Y","H","K","N","N","K","S","W","M","E","S","E","F","R","V","Y","S","S","A","N","N","C","T","F","E","Y","V","S","Q","P","F","L","M","D","L","E","G","K","Q","G","N","F","K","N","L","R","E","F","V","F","K","N","I","D","G","Y","F","K","I","Y","S","K","H","T","P","I","N","L","V","R","D","L","P","Q","G","F","S","A","L","E","P","L","V","D","L","P","I","G","I","N","I","T","R","F","Q","T","L","L","A","L","H","R","S","Y","L","T","P","G","D","S","S","S","G","W","T","A","G","A","A","A","Y","Y","V","G","Y","L","Q","P","R","T","F","L","L","K","Y","N","E","N","G","T","I","T","D","A","V","D","C","A","L","D","P","L","S","E","T","K","C","T","L","K","S","F","T","V","E","K","G","I","Y","Q","T","S","N","F","R","V","Q","P","T","E","S","I","V","R","F","P","N","I","T","N","L","C","P","F","G","E","V","F","N","A","T","R","F","A","S","V","Y","A","W","N","R","K","R","I","S","N","C","V","A","D","Y","S","V","L","Y","N","S","A","S","F","S","T","F","K","C","Y","G","V","S","P","T","K","L","N","D","L","C","F","T","N","V","Y","A","D","S","F","V","I","R","G","D","E","V","R","Q","I","A","P","G","Q","T","G","K","I","A","D","Y","N","Y","K","L","P","D","D","F","T","G","C","V","I","A","W","N","S","N","N","L","D","S","K","V","G","G","N","Y","N","Y","L","Y","R","L","F","R","K","S","N","L","K","P","F","E","R","D","I","S","T","E","I","Y","Q","A","G","S","T","P","C","N","G","V","E","G","F","N","C","Y","F","P","L","Q","S","Y","G","F","Q","P","T","N","G","V","G","Y","Q","P","Y","R","V","V","V","L","S","F","E","L","L","H","A","P","A","T","V","C","G","P","K","K","S","T","N","L","V","K","N","K","C","V","N","F","N","F","N","G","L","T","G","T","G","V","L","T","E","S","N","K","K","F","L","P","F","Q","Q","F","G","R","D","I","A","D","T","T","D","A","V","R","D","P","Q","T","L","E","I","L","D","I","T","P","C","S","F","G","G","V","S","V","I","T","P","G","T","N","T","S","N","Q","V","A","V","L","Y","Q","G","V","N","C","T","E","V","P","V","A","I","H","A","D","Q","L","T","P","T","W","R","V","Y","S","T","G","S","N","V","F","Q","T","R","A","G","C","L","I","G","A","E","H","V","N","N","S","Y","E","C","D","I","P","I","G","A","G","I","C","A","S","Y","Q","T","Q","T","N","S","P","R","R","A","R","S","V","A","S","Q","S","I","I","A","Y","T","M","S","L","G","A","E","N","S","V","A","Y","S","N","N","S","I","A","I","P","T","N","F","T","I","S","V","T","T","E","I","L","P","V","S","M","T","K","T","S","V","D","C","T","M","Y","I","C","G","D","S","T","E","C","S","N","L","L","L","Q","Y","G","S","F","C","T","Q","L","N","R","A","L","T","G","I","A","V","E","Q","D","K","N","T","Q","E","V","F","A","Q","V","K","Q","I","Y","K","T","P","P","I","K","D","F","G","G","F","N","F","S","Q","I","L","P","D","P","S","K","P","S","K","R","S","F","I","E","D","L","L","F","N","K","V","T","L","A","D","A","G","F","I","K","Q","Y","G","D","C","L","G","D","I","A","A","R","D","L","I","C","A","Q","K","F","N","G","L","T","V","L","P","P","L","L","T","D","E","M","I","A","Q","Y","T","S","A","L","L","A","G","T","I","T","S","G","W","T","F","G","A","G","A","A","L","Q","I","P","F","A","M","Q","M","A","Y","R","F","N","G","I","G","V","T","Q","N","V","L","Y","E","N","Q","K","L","I","A","N","Q","F","N","S","A","I","G","K","I","Q","D","S","L","S","S","T","A","S","A","L","G","K","L","Q","D","V","V","N","Q","N","A","Q","A","L","N","T","L","V","K","Q","L","S","S","N","F","G","A","I","S","S","V","L","N","D","I","L","S","R","L","D","K","V","E","A","E","V","Q","I","D","R","L","I","T","G","R","L","Q","S","L","Q","T","Y","V","T","Q","Q","L","I","R","A","A","E","I","R","A","S","A","N","L","A","A","T","K","M","S","E","C","V","L","G","Q","S","K","R","V","D","F","C","G","K","G","Y","H","L","M","S","F","P","Q","S","A","P","H","G","V","V","F","L","H","V","T","Y","V","P","A","Q","E","K","N","F","T","T","A","P","A","I","C","H","D","G","K","A","H","F","P","R","E","G","V","F","V","S","N","G","T","H","W","F","V","T","Q","R","N","F","Y","E","P","Q","I","I","T","T","D","N","T","F","V","S","G","N","C","D","V","V","I","G","I","V","N","N","T","V","Y","D","P","L","Q","P","E","L","D","S","F","K","E","E","L","D","K","Y","F","K","N","H","T","S","P","D","V","D","L","G","D","I","S","G","I","N","A","S","V","V","N","I","Q","K","E","I","D","R","L","N","E","V","A","K","N","L","N","E","S","L","I","D","L","Q","E","L","G","K","Y","E","Q","Y","I","K","W","P","W","Y","I","W","L","G","F","I","A","G","L","I","A","I","V","M","V","T","I","M","L","C","C","M","T","S","C","C","S","C","L","K","G","C","C","S","C","G","S","C","C","K","F","D","E","D","D","S","E","P","V","L","K","G","V","K","L","H","Y","T","---"
"New.hCoV.19.Japan.PG.13191.2020","M","F","V","F","L","V","L","L","P","L","V","S","S","Q","C","V","N","L","T","T","R","T","Q","L","P","P","A","Y","T","N","S","F","T","R","G","V","Y","Y","P","D","K","V","F","R","S","S","V","L","H","S","T","Q","D","L","F","L","P","F","F","S","N","V","T","W","F","H","A","I","H","V","S","G","T","N","G","T","K","R","F","D","N","P","V","L","P","F","N","D","G","V","Y","F","A","S","T","E","K","S","N","I","I","R","G","W","I","F","G","T","T","L","D","S","K","T","Q","S","L","L","I","V","N","N","A","T","N","V","V","I","K","V","C","E","F","Q","F","C","N","D","P","F","L","G","V","Y","Y","H","K","N","N","K","S","W","M","E","S","E","F","R","V","Y","S","S","A","N","N","C","T","F","E","Y","V","S","Q","P","F","L","M","D","L","E","G","K","Q","G","N","F","K","N","L","R","E","F","V","F","K","N","I","D","G","Y","F","K","I","Y","S","K","H","T","P","I","N","L","V","R","D","L","P","Q","G","F","S","A","L","E","P","L","V","D","L","P","I","G","I","N","I","T","R","F","Q","T","L","L","A","L","H","R","S","Y","L","T","P","G","D","S","S","S","G","W","T","A","G","A","A","A","Y","Y","V","G","Y","L","Q","P","R","T","F","L","L","K","Y","N","E","N","G","T","I","T","D","A","V","D","C","A","L","D","P","L","S","E","T","K","C","T","L","K","S","F","T","V","E","K","G","I","Y","Q","T","S","N","F","R","V","Q","P","T","E","S","I","V","R","F","P","N","I","T","N","L","C","P","F","G","E","V","F","N","A","T","R","F","A","S","V","Y","A","W","N","R","K","R","I","S","N","C","V","A","D","Y","S","V","L","Y","N","S","A","S","F","S","T","F","K","C","Y","G","V","S","P","T","K","L","N","D","L","C","F","T","N","V","Y","A","D","S","F","V","I","R","G","D","E","V","R","Q","I","A","P","G","Q","T","G","K","I","A","D","Y","N","Y","K","L","P","D","D","F","T","G","C","V","I","A","W","N","S","N","N","L","D","S","K","V","G","G","N","Y","N","Y","L","Y","R","L","F","R","K","S","N","L","K","P","F","E","R","D","I","S","T","E","I","Y","Q","A","G","S","T","P","C","N","G","V","E","G","F","N","C","Y","F","P","L","Q","S","Y","G","F","Q","P","T","N","G","V","G","Y","Q","P","Y","R","V","V","V","L","S","F","E","L","L","H","A","P","A","T","V","C","G","P","K","K","S","T","N","L","V","K","N","K","C","V","N","F","N","F","N","G","L","T","G","T","G","V","L","T","E","S","N","K","K","F","L","P","F","Q","Q","F","G","R","D","I","A","D","T","T","D","A","V","R","D","P","Q","T","L","E","I","L","D","I","T","P","C","S","F","G","G","V","S","V","I","T","P","G","T","N","T","S","N","Q","V","A","V","L","Y","Q","G","V","N","C","T","E","V","P","V","A","I","H","A","D","Q","L","T","P","T","W","R","V","Y","S","T","G","S","N","V","F","Q","T","R","A","G","C","L","I","G","A","E","H","V","N","N","S","Y","E","C","D","I","P","I","G","A","G","I","C","A","S","Y","Q","T","Q","T","N","S","P","R","R","A","R","S","V","A","S","Q","S","I","I","A","Y","T","M","S","L","G","A","E","N","S","V","A","Y","S","N","N","S","I","A","I","P","T","N","F","T","I","S","V","T","T","E","I","L","P","V","S","M","T","K","T","S","V","D","C","T","M","Y","I","C","G","D","S","T","E","C","S","N","L","L","L","Q","Y","G","S","F","C","T","Q","L","N","R","A","L","T","G","I","A","V","E","Q","D","K","N","T","Q","E","V","F","A","Q","V","K","Q","I","Y","K","T","P","P","I","K","D","F","G","G","F","N","F","S","Q","I","L","P","D","P","S","K","P","S","K","R","S","F","I","E","D","L","L","F","N","K","V","T","L","A","D","A","G","F","I","K","Q","Y","G","D","C","L","G","D","I","A","A","R","D","L","I","C","A","Q","K","F","N","G","L","T","V","L","P","P","L","L","T","D","E","M","I","A","Q","Y","T","S","A","L","L","A","G","T","I","T","S","G","W","T","F","G","A","G","A","A","L","Q","I","P","F","A","M","Q","M","A","Y","R","F","N","G","I","G","V","T","Q","N","V","L","Y","E","N","Q","K","L","I","A","N","Q","F","N","S","A","I","G","K","I","Q","D","S","L","S","S","T","A","S","A","L","G","K","L","Q","D","V","V","N","Q","N","A","Q","A","L","N","T","L","V","K","Q","L","S","S","N","F","G","A","I","S","S","V","L","N","D","I","L","S","R","L","D","K","V","E","A","E","V","Q","I","D","R","L","I","T","G","R","L","Q","S","L","Q","T","Y","V","T","Q","Q","L","I","R","A","A","E","I","R","A","S","A","N","L","A","A","T","K","M","S","E","C","V","L","G","Q","S","K","R","V","D","F","C","G","K","G","Y","H","L","M","S","F","P","Q","S","A","P","H","G","V","V","F","L","H","V","T","Y","V","P","A","Q","E","K","N","F","T","T","A","P","A","I","C","H","D","G","K","A","H","F","P","R","E","G","V","F","V","S","N","G","T","H","W","F","V","T","Q","R","N","F","Y","E","P","Q","I","I","T","T","D","N","T","F","V","S","G","N","C","D","V","V","I","G","I","V","N","N","T","V","Y","D","P","L","Q","P","E","L","D","S","F","K","E","E","L","D","K","Y","F","K","N","H","T","S","P","D","V","D","L","G","D","I","S","G","I","N","A","S","V","V","N","I","Q","K","E","I","D","R","L","N","E","V","A","K","N","L","N","E","S","L","I","D","L","Q","E","L","G","K","Y","E","Q","Y","I","K","W","P","W","Y","I","W","L","G","F","I","A","G","L","I","A","I","V","M","V","T","I","M","L","C","C","M","T","S","C","C","S","C","L","K","G","C","C","S","C","G","S","C","C","K","F","D","E","D","D","S","E","P","V","L","K","G","V","K","L","H","Y","T","---"
"New.hCoV.19.Japan.PG.11998.2020","M","F","V","F","L","V","L","L","P","L","V","S","S","Q","C","V","N","L","T","T","R","T","Q","L","P","P","A","Y","T","N","S","F","T","R","G","V","Y","Y","P","D","K","V","F","R","S","S","V","L","H","S","T","Q","D","L","F","L","P","F","F","S","N","V","T","W","F","H","A","I","H","V","S","G","T","N","G","T","K","R","F","D","N","P","V","L","P","F","N","D","G","V","Y","F","A","S","T","E","K","S","N","I","I","R","G","W","I","F","G","T","T","L","D","S","K","T","Q","S","L","L","I","V","N","N","A","T","N","V","V","I","K","V","C","E","F","Q","F","C","N","D","P","F","L","G","V","Y","Y","H","K","N","N","K","S","W","T","E","S","E","F","R","V","Y","S","S","A","N","N","C","T","F","E","Y","V","S","Q","P","F","L","M","D","L","E","G","K","Q","G","N","F","K","N","L","R","E","F","V","F","K","N","I","D","G","Y","F","K","I","Y","S","K","H","T","P","I","N","L","V","R","D","L","P","Q","G","F","S","A","L","E","P","L","V","D","L","P","I","G","I","N","I","T","R","F","Q","T","L","L","A","L","H","R","S","Y","L","T","P","G","D","S","S","S","G","W","T","A","G","A","A","A","Y","Y","V","G","Y","L","Q","P","R","T","F","L","L","K","Y","N","E","N","G","T","I","T","D","A","V","D","C","A","L","D","P","L","S","E","T","K","C","T","L","K","S","F","T","V","E","K","G","I","Y","Q","T","S","N","F","R","V","Q","P","T","E","S","I","V","R","F","P","N","I","T","N","L","C","P","F","G","E","V","F","N","A","T","R","F","A","S","V","Y","A","W","N","R","K","R","I","S","N","C","V","A","D","Y","S","V","L","Y","N","S","A","S","F","S","T","F","K","C","Y","G","V","S","P","T","K","L","N","D","L","C","F","T","N","V","Y","A","D","S","F","V","I","R","G","D","E","V","R","Q","I","A","P","G","Q","T","G","K","I","A","D","Y","N","Y","K","L","P","D","D","F","T","G","C","V","I","A","W","N","S","N","N","L","D","S","K","V","G","G","N","Y","N","Y","L","Y","R","L","F","R","K","S","N","L","K","P","F","E","R","D","I","S","T","E","I","Y","Q","A","G","S","T","P","C","N","G","V","E","G","F","N","C","Y","F","P","L","Q","S","Y","G","F","Q","P","T","N","G","V","G","Y","Q","P","Y","R","V","V","V","L","S","F","E","L","L","H","A","P","A","T","V","C","G","P","K","K","S","T","N","L","V","K","N","K","C","V","N","F","N","F","N","G","L","T","G","T","G","V","L","T","E","S","N","K","K","F","L","P","F","Q","Q","F","G","R","D","I","A","D","T","T","D","A","V","R","D","P","Q","T","L","E","I","L","D","I","T","P","C","S","F","G","G","V","S","V","I","T","P","G","T","N","T","S","N","Q","V","A","V","L","Y","Q","G","V","N","C","T","E","V","P","V","A","I","H","A","D","Q","L","T","P","T","W","R","V","Y","S","T","G","S","N","V","F","Q","T","R","A","G","C","L","I","G","A","E","H","V","N","N","S","Y","E","C","D","I","P","I","G","A","G","I","C","A","S","Y","Q","T","Q","T","N","S","P","R","R","A","R","S","V","A","S","Q","S","I","I","A","Y","T","M","S","L","G","A","E","N","S","V","A","Y","S","N","N","S","I","A","I","P","T","N","F","T","I","S","V","T","T","E","I","L","P","V","S","M","T","K","T","S","V","D","C","T","M","Y","I","C","G","D","S","T","E","C","S","N","L","L","L","Q","Y","G","S","F","C","T","Q","L","N","R","A","L","T","G","I","A","V","E","Q","D","K","N","T","Q","E","V","F","A","Q","V","K","Q","I","Y","K","T","P","P","I","K","D","F","G","G","F","N","F","S","Q","I","L","P","D","P","S","K","P","S","K","R","S","F","I","E","D","L","L","F","N","K","V","T","L","A","D","A","G","F","I","K","Q","Y","G","D","C","L","G","D","I","A","A","R","D","L","I","C","A","Q","K","F","N","G","L","T","V","L","P","P","L","L","T","D","E","M","I","A","Q","Y","T","S","A","L","L","A","G","T","I","T","S","G","W","T","F","G","A","G","A","A","L","Q","I","P","F","A","M","Q","M","A","Y","R","F","N","G","I","G","V","T","Q","N","V","L","Y","E","N","Q","K","L","I","A","N","Q","F","N","S","A","I","G","K","I","Q","D","S","L","S","S","T","A","S","A","L","G","K","L","Q","D","V","V","N","Q","N","A","Q","A","L","N","T","L","V","K","Q","L","S","S","N","F","G","A","I","S","S","V","L","N","D","I","L","S","R","L","D","K","V","E","A","E","V","Q","I","D","R","L","I","T","G","R","L","Q","S","L","Q","T","Y","V","T","Q","Q","L","I","R","A","A","E","I","R","A","S","A","N","L","A","A","T","K","M","S","E","C","V","L","G","Q","S","K","R","V","D","F","C","G","K","G","Y","H","L","M","S","F","P","Q","S","A","P","H","G","V","V","F","L","H","V","T","Y","V","P","A","Q","E","K","N","F","T","T","A","P","A","I","C","H","D","G","K","A","H","F","P","R","E","G","V","F","V","S","N","G","T","H","W","F","V","T","Q","R","N","F","Y","E","P","Q","I","I","T","T","D","N","T","F","V","S","G","N","C","D","V","V","I","G","I","V","N","N","T","V","Y","D","P","L","Q","P","E","L","D","S","F","K","E","E","L","D","K","Y","F","K","N","H","T","S","P","D","V","D","L","G","D","I","S","G","I","N","A","S","V","V","N","I","Q","K","E","I","D","R","L","N","E","V","A","K","N","L","N","E","S","L","I","D","L","Q","E","L","G","K","Y","E","Q","Y","I","K","W","P","W","Y","I","W","L","G","F","I","A","G","L","I","A","I","V","M","V","T","I","M","L","C","C","M","T","S","C","C","S","C","L","K","G","C","C","S","C","G","S","C","C","K","F","D","E","D","D","S","E","P","V","L","K","G","V","K","L","H","Y","T","---"
"New.hCoV.19.Japan.PG.11885.2020","M","F","V","F","L","V","L","L","P","L","V","S","S","Q","C","V","N","L","T","T","R","T","Q","L","P","P","A","Y","T","N","S","F","T","R","G","V","Y","Y","P","D","K","V","F","R","S","S","V","L","H","S","T","Q","D","L","F","L","P","F","F","S","N","V","T","W","F","H","A","I","H","V","S","G","T","N","G","T","K","R","F","D","N","P","V","L","P","F","N","D","G","V","Y","F","A","S","T","E","K","S","N","I","I","R","G","W","I","F","G","T","T","L","D","S","K","T","Q","S","L","L","I","V","N","N","A","T","N","V","V","I","K","V","C","E","F","Q","F","C","N","D","P","F","L","G","V","Y","Y","H","K","N","N","K","S","W","M","E","S","E","F","R","V","Y","S","S","A","N","N","C","T","F","E","Y","V","S","Q","P","F","L","M","D","L","E","G","K","Q","G","N","F","K","N","L","R","E","F","V","F","K","N","I","D","G","Y","F","K","I","Y","S","K","H","T","P","I","N","L","V","R","D","L","P","Q","G","F","S","A","L","E","P","L","V","D","L","P","I","G","I","N","I","T","R","F","Q","T","L","L","A","L","H","R","S","Y","L","T","P","G","D","S","S","S","G","W","T","A","G","A","A","A","Y","Y","V","G","Y","L","Q","P","R","T","F","L","L","K","Y","N","E","N","G","T","I","T","D","A","V","D","C","A","L","D","P","L","S","E","T","K","C","T","L","K","S","F","T","V","E","K","G","I","Y","Q","T","S","N","F","R","V","Q","P","T","E","S","I","V","R","F","P","N","I","T","N","L","C","P","F","G","E","V","F","N","A","T","R","F","A","S","V","Y","A","W","N","R","K","R","I","S","N","C","V","A","D","Y","S","V","L","Y","N","S","A","S","F","S","T","F","K","C","Y","G","V","S","P","T","K","L","N","D","L","C","F","T","N","V","Y","A","D","S","F","V","I","R","G","D","E","V","R","Q","I","A","P","G","Q","T","G","K","I","A","D","Y","N","Y","K","L","P","D","D","F","T","G","C","V","I","A","W","N","S","N","N","L","D","S","K","V","G","G","N","Y","N","Y","L","Y","R","L","F","R","K","S","N","L","K","P","F","E","R","D","I","S","T","E","I","Y","Q","A","G","S","T","P","C","N","G","V","E","G","F","N","C","Y","F","P","L","Q","S","Y","G","F","Q","P","T","N","G","V","G","Y","Q","P","Y","R","V","V","V","L","S","F","E","L","L","H","A","P","A","T","V","C","G","P","K","K","S","T","N","L","V","K","N","K","C","V","N","F","N","F","N","G","L","T","G","T","G","V","L","T","E","S","N","K","K","F","L","P","F","Q","Q","F","G","R","D","I","A","D","T","T","D","A","V","R","D","P","Q","T","L","E","I","L","D","I","T","P","C","S","F","G","G","V","S","V","I","T","P","G","T","N","T","S","N","Q","V","A","V","L","Y","Q","G","V","N","C","T","E","V","P","V","A","I","H","A","D","Q","L","T","P","T","W","R","V","Y","S","T","G","S","N","V","F","Q","T","R","A","G","C","L","I","G","A","E","H","V","N","N","S","Y","E","C","D","I","P","I","G","A","G","I","C","A","S","Y","Q","T","Q","T","N","S","P","R","R","A","R","S","V","A","S","Q","S","I","I","A","Y","T","M","S","L","G","A","E","N","S","V","A","Y","S","N","N","S","I","A","I","P","T","N","F","T","I","S","V","T","T","E","I","L","P","V","S","M","T","K","T","S","V","D","C","T","M","Y","I","C","G","D","S","T","E","C","S","N","L","L","L","Q","Y","G","S","F","C","T","Q","L","N","R","A","L","T","G","I","A","V","E","Q","D","K","N","T","Q","E","V","F","A","Q","V","K","Q","I","Y","K","T","P","P","I","K","D","F","G","G","F","N","F","S","Q","I","L","P","D","P","S","K","P","S","K","R","S","F","I","E","D","L","L","F","N","K","V","T","L","A","D","A","G","F","I","K","Q","Y","G","D","C","L","G","D","I","A","A","R","D","L","I","C","A","Q","K","F","N","G","L","T","V","L","P","P","L","L","T","D","E","M","I","A","Q","Y","T","S","A","L","L","A","G","T","I","T","S","G","W","T","F","G","A","G","A","A","L","Q","I","P","F","A","M","Q","M","A","Y","R","F","N","G","I","G","V","T","Q","N","V","L","Y","E","N","Q","K","L","I","A","N","Q","F","N","S","A","I","G","K","I","Q","D","S","L","S","S","T","A","S","A","L","G","K","L","Q","D","V","V","N","Q","N","A","Q","A","L","N","T","L","V","K","Q","L","S","S","N","F","G","A","I","S","S","V","L","N","D","I","L","S","R","L","D","K","V","E","A","E","V","Q","I","D","R","L","I","T","G","R","L","Q","S","L","Q","T","Y","V","T","Q","Q","L","I","R","A","A","E","I","R","A","S","A","N","L","A","A","T","K","M","S","E","C","V","L","G","Q","S","K","R","V","D","F","C","G","K","G","Y","H","L","M","S","F","P","Q","S","A","P","H","G","V","V","F","L","H","V","T","Y","V","P","A","Q","E","K","N","F","T","T","A","P","A","I","C","H","D","G","K","A","H","F","P","R","E","G","V","F","V","S","N","G","T","H","W","F","V","T","Q","R","N","F","Y","E","P","Q","I","I","T","T","D","N","T","F","V","S","G","N","C","D","V","V","I","G","I","V","N","N","T","V","Y","D","P","L","Q","P","E","L","D","S","F","K","E","E","L","D","K","Y","F","K","N","H","T","S","P","D","V","D","L","G","D","I","S","G","I","N","A","S","V","V","N","I","Q","K","E","I","D","R","L","N","E","V","A","K","N","L","N","E","S","L","I","D","L","Q","E","L","G","K","Y","E","Q","Y","I","K","W","P","W","Y","I","W","L","G","F","I","A","G","L","I","A","I","V","M","V","T","I","M","L","C","C","M","T","S","C","C","S","C","L","K","G","C","C","S","C","G","S","C","C","K","F","D","E","D","D","S","E","P","V","L","K","G","V","K","L","H","Y","T","---"
"New.hCoV.19.Japan.PG.17323.2020","M","F","V","F","L","V","L","L","P","L","V","S","S","Q","C","V","N","L","T","T","R","T","Q","L","P","P","A","Y","T","N","S","F","T","R","G","V","Y","Y","P","D","K","V","F","R","S","S","V","L","H","S","T","Q","D","L","F","L","P","F","F","S","N","V","T","W","F","H","A","I","H","V","S","G","T","N","G","T","K","R","F","D","N","P","V","L","P","F","N","D","G","V","Y","F","A","S","T","E","K","S","N","I","I","R","G","W","I","F","G","T","T","L","D","S","K","T","Q","S","L","L","I","V","N","N","A","T","N","V","V","I","K","V","C","E","F","Q","F","C","N","D","P","F","L","G","V","Y","Y","H","K","N","N","K","S","W","M","E","S","E","F","R","V","Y","S","S","A","N","N","C","T","F","E","Y","V","S","Q","P","F","L","M","D","L","E","G","K","Q","G","N","F","K","N","L","R","E","F","V","F","K","N","I","D","G","Y","F","K","I","Y","S","K","H","T","P","I","N","L","V","R","D","L","P","Q","G","F","S","A","L","E","P","L","V","D","L","P","I","G","I","N","I","T","R","F","Q","T","L","L","A","L","H","R","S","Y","L","T","P","G","D","S","S","S","G","W","T","A","G","A","A","A","Y","Y","V","G","Y","L","Q","P","R","T","F","L","L","K","Y","N","E","N","G","T","I","T","D","A","V","D","C","A","L","D","P","L","S","E","T","K","C","T","L","K","S","F","T","V","E","K","G","I","Y","Q","T","S","N","F","R","V","Q","P","T","E","S","I","V","R","F","P","N","I","T","N","L","C","P","F","G","E","V","F","N","A","T","R","F","A","S","V","Y","A","W","N","R","K","R","I","S","N","C","V","A","D","Y","S","V","L","Y","N","S","A","S","F","S","T","F","K","C","Y","G","V","S","P","T","K","L","N","D","L","C","F","T","N","V","Y","A","D","S","F","V","I","R","G","D","E","V","R","Q","I","A","P","G","Q","T","G","K","I","A","D","Y","N","Y","K","L","P","D","D","F","T","G","C","V","I","A","W","N","S","N","N","L","D","S","K","V","G","G","N","Y","N","Y","L","Y","R","L","F","R","K","S","N","L","K","P","F","E","R","D","I","S","T","E","I","Y","Q","A","G","S","T","P","C","N","G","V","E","G","F","N","C","Y","F","P","L","Q","S","Y","G","F","Q","P","T","S","G","V","G","Y","Q","P","Y","R","V","V","V","L","S","F","E","L","L","H","A","P","A","T","V","C","G","P","K","K","S","T","N","L","V","K","N","K","C","V","N","F","N","F","N","G","L","T","G","T","G","V","L","T","E","S","N","K","K","F","L","P","F","Q","Q","F","G","R","D","I","A","D","T","T","D","A","V","R","D","P","Q","T","L","E","I","L","D","I","T","P","C","S","F","G","G","V","S","V","I","T","P","G","T","N","T","S","N","Q","V","A","V","L","Y","Q","G","V","N","C","T","E","V","P","V","A","I","H","A","D","Q","L","T","P","T","W","R","V","Y","S","T","G","S","N","V","F","Q","T","R","A","G","C","L","I","G","A","E","H","V","N","N","S","Y","E","C","D","I","P","I","G","A","G","I","C","A","S","Y","Q","T","Q","T","N","S","P","R","R","A","R","S","V","A","S","Q","S","I","I","A","Y","T","M","S","L","G","A","E","N","S","V","A","Y","S","N","N","S","I","A","I","P","T","N","F","T","I","S","V","T","T","E","I","L","P","V","S","M","T","K","T","S","V","D","C","T","M","Y","I","C","G","D","S","T","E","C","S","N","L","L","L","Q","Y","G","S","F","C","T","Q","L","N","R","A","L","T","G","I","A","V","E","Q","D","K","N","T","Q","E","V","F","A","Q","V","K","Q","I","Y","K","T","P","P","I","K","D","F","G","G","F","N","F","S","Q","I","L","P","D","P","S","K","P","S","K","R","S","F","I","E","D","L","L","F","N","K","V","T","L","A","D","A","G","F","I","K","Q","Y","G","D","C","L","G","D","I","A","A","R","D","L","I","C","A","Q","K","F","N","G","L","T","V","L","P","P","L","L","T","D","E","M","I","A","Q","Y","T","S","A","L","L","A","G","T","I","T","S","G","W","T","F","G","A","G","A","A","L","Q","I","P","F","A","M","Q","M","A","Y","R","F","N","G","I","G","V","T","Q","N","V","L","Y","E","N","Q","K","L","I","A","N","Q","F","N","S","A","I","G","K","I","Q","D","S","L","S","S","T","A","S","A","L","G","K","L","Q","D","V","V","N","Q","N","A","Q","A","L","N","T","L","V","K","Q","L","S","S","N","F","G","A","I","S","S","V","L","N","D","I","L","S","R","L","D","K","V","E","A","E","V","Q","I","D","R","L","I","T","G","R","L","Q","S","L","Q","T","Y","V","T","Q","Q","L","I","R","A","A","E","I","R","A","S","A","N","L","A","A","T","K","M","S","E","C","V","L","G","Q","S","K","R","V","D","F","C","G","K","G","Y","H","L","M","S","F","P","Q","S","A","P","H","G","V","V","F","L","H","V","T","Y","V","P","A","Q","E","K","N","F","T","T","A","P","A","I","C","H","D","G","K","A","H","F","P","R","E","G","V","F","V","S","N","G","T","H","W","F","V","T","Q","R","N","F","Y","E","P","Q","I","I","T","T","D","N","T","F","V","S","G","N","C","D","V","V","I","G","I","V","N","N","T","V","Y","D","P","L","Q","P","E","L","D","S","F","K","E","E","L","D","K","Y","F","K","N","H","T","S","P","D","V","D","L","G","D","I","S","G","I","N","A","S","V","V","N","I","Q","K","E","I","D","R","L","N","E","V","A","K","N","L","N","E","S","L","I","D","L","Q","E","L","G","K","Y","E","Q","Y","I","K","W","P","W","Y","I","W","L","G","F","I","A","G","L","I","A","I","V","M","V","T","I","M","L","C","C","M","T","S","C","C","S","C","L","K","G","C","C","S","C","G","S","C","C","K","F","D","E","D","D","S","E","P","V","L","K","G","V","K","L","H","Y","T","---"
"New.hCoV.19.Japan.PG.13487.2020","M","F","V","F","L","V","L","L","P","L","V","S","S","Q","C","V","N","L","T","T","R","T","Q","L","P","P","A","Y","T","N","S","F","T","R","G","V","Y","Y","P","D","K","V","F","R","S","S","V","L","H","S","T","Q","D","L","F","L","P","F","F","S","N","V","T","W","F","H","A","I","H","V","S","G","T","N","G","T","K","R","F","D","N","P","V","L","P","F","N","D","G","V","Y","F","A","S","T","E","K","S","N","I","I","R","G","W","I","F","G","T","T","L","D","S","K","T","Q","S","L","L","I","V","N","N","A","T","N","V","V","I","K","V","C","E","F","Q","F","C","N","D","P","F","L","G","V","Y","Y","H","K","N","N","K","S","W","M","E","S","E","F","R","V","Y","S","S","A","N","N","C","T","F","E","Y","V","S","Q","P","F","L","M","D","L","E","G","K","Q","G","N","F","K","N","L","R","E","F","V","F","K","N","I","D","G","Y","F","K","I","Y","S","K","H","T","P","I","N","L","V","R","D","L","P","Q","G","F","S","A","L","E","P","L","V","D","L","P","I","G","I","N","I","T","R","F","Q","T","L","L","A","L","H","R","S","Y","L","T","P","G","D","S","S","S","G","W","T","A","G","A","A","A","Y","Y","V","G","Y","L","Q","P","R","T","F","L","L","K","Y","N","E","N","G","T","I","T","D","A","V","D","C","A","L","D","P","L","S","E","T","K","C","T","L","K","S","F","T","V","E","K","G","I","Y","Q","T","S","N","F","R","V","Q","P","T","E","S","I","V","R","F","P","N","I","T","N","L","C","P","F","G","E","V","F","N","A","T","R","F","A","S","V","Y","A","W","N","R","K","R","I","S","N","C","V","A","D","Y","S","V","L","Y","N","S","A","S","F","S","T","F","K","C","Y","G","V","S","P","T","K","L","N","D","L","C","F","T","N","V","Y","A","D","S","F","V","I","R","G","D","E","V","R","Q","I","A","P","G","Q","T","G","K","I","A","D","Y","N","Y","K","L","P","D","D","F","T","G","C","V","I","A","W","N","S","N","N","L","D","S","K","V","G","G","N","Y","N","Y","L","Y","R","L","F","R","K","S","N","L","K","P","F","E","R","D","I","S","T","E","I","Y","Q","A","G","S","T","P","C","N","G","V","E","G","F","N","C","Y","F","P","L","Q","S","Y","G","F","Q","P","T","N","G","V","G","Y","Q","P","Y","R","V","V","V","L","S","F","E","L","L","H","A","P","A","T","V","C","G","P","K","K","S","T","N","L","V","K","N","K","C","V","N","F","N","F","N","G","L","T","G","T","G","V","L","T","E","S","N","K","K","F","L","P","F","Q","Q","F","G","R","D","I","A","D","T","T","D","A","V","R","D","P","Q","T","L","E","I","L","D","I","T","P","C","S","F","G","G","V","S","V","I","T","P","G","T","N","T","S","N","Q","V","A","V","L","Y","Q","G","V","N","C","T","E","V","P","V","A","I","H","A","D","Q","L","T","P","T","W","R","V","Y","S","T","G","S","N","V","F","Q","T","R","A","G","C","L","I","G","A","E","H","V","N","N","S","Y","E","C","D","I","P","I","G","A","G","I","C","A","S","Y","Q","T","Q","T","N","S","P","R","R","A","R","S","V","A","S","Q","S","I","I","A","Y","T","M","S","L","G","A","E","N","S","V","A","Y","S","N","N","S","I","A","I","P","T","N","F","T","I","S","V","T","T","E","I","L","P","V","S","M","T","K","T","S","V","D","C","T","M","Y","I","C","G","D","S","T","E","C","S","N","L","L","L","Q","Y","G","S","F","C","T","Q","L","N","R","A","L","T","G","I","A","V","E","Q","D","K","N","T","Q","E","V","F","A","Q","V","K","Q","I","Y","K","T","P","P","I","K","D","F","G","G","F","N","F","S","Q","I","L","P","D","P","S","K","P","S","K","R","S","F","I","E","D","L","L","F","N","K","V","T","L","A","D","A","G","F","I","K","Q","Y","G","D","C","L","G","D","I","A","A","R","D","L","I","C","A","Q","K","F","N","G","L","T","V","L","P","P","L","L","T","D","E","M","I","A","Q","Y","T","S","A","L","L","A","G","T","I","T","S","G","W","T","F","G","A","G","A","A","L","Q","I","P","F","A","M","Q","M","A","Y","R","F","N","G","I","G","V","T","Q","N","V","L","Y","E","N","Q","K","L","I","A","N","Q","F","N","S","A","I","G","K","I","Q","D","S","L","S","S","T","A","S","A","L","G","K","L","Q","D","V","V","N","Q","N","A","Q","A","L","N","T","L","V","K","Q","L","S","S","N","F","G","A","I","S","S","V","L","N","D","I","L","S","R","L","D","K","V","E","A","E","V","Q","I","D","R","L","I","T","G","R","L","Q","S","L","Q","T","Y","V","T","Q","Q","L","I","R","A","A","E","I","R","A","S","A","N","L","A","A","T","K","M","S","E","C","V","L","G","Q","S","K","R","V","D","F","C","G","K","G","Y","H","L","M","S","F","P","Q","S","A","P","H","G","V","V","F","L","H","V","T","Y","V","P","A","Q","E","K","N","F","T","T","A","P","A","I","C","H","D","G","K","A","H","F","P","R","E","G","V","F","V","S","N","G","T","H","W","F","V","T","Q","R","N","F","Y","E","P","Q","I","I","T","T","D","N","T","F","V","S","G","N","C","D","V","V","I","G","I","V","N","N","T","V","Y","D","P","L","Q","P","E","L","D","S","F","K","E","E","L","D","K","Y","F","K","N","H","T","S","P","D","V","D","L","G","D","I","S","G","I","N","A","S","V","V","N","I","Q","K","E","I","D","R","L","N","E","V","A","K","N","L","N","E","S","L","I","D","L","Q","E","L","G","K","Y","E","Q","Y","I","K","W","P","W","Y","I","W","L","G","F","I","A","G","L","I","A","I","V","M","V","T","I","M","L","C","C","M","T","S","C","C","S","C","L","K","G","C","C","S","C","G","S","C","C","K","F","D","E","D","D","S","E","P","V","L","K","G","V","K","L","H","Y","T","---"
"New.hCoV.19.Japan.PG.12703.2020","M","F","V","F","L","V","L","L","P","L","V","S","S","Q","C","V","N","L","T","T","R","T","Q","L","P","P","A","Y","T","N","S","F","T","R","G","V","Y","Y","P","D","K","V","F","R","S","S","V","L","H","S","T","Q","D","L","F","L","P","F","F","S","N","V","T","W","F","H","A","I","H","V","S","G","T","N","G","T","K","R","F","D","N","P","V","L","P","F","N","D","G","V","Y","F","A","S","T","E","K","S","N","I","I","R","G","W","I","F","G","T","T","L","D","S","K","T","Q","S","L","L","I","V","N","N","A","T","N","V","V","I","K","V","C","E","F","Q","F","C","N","D","P","F","L","G","V","Y","Y","H","K","N","N","K","S","W","M","E","S","E","F","R","V","Y","S","S","A","N","N","C","T","F","E","Y","V","S","Q","P","F","L","M","D","L","E","G","K","Q","G","N","F","K","N","L","R","E","F","V","F","K","N","I","D","G","Y","F","K","I","Y","S","K","H","T","P","I","N","L","V","R","D","L","P","Q","G","F","S","A","L","E","P","L","V","D","L","P","I","G","I","N","I","T","R","F","Q","T","L","L","A","L","H","R","S","Y","L","T","P","G","D","S","S","S","G","W","T","A","G","A","A","A","Y","Y","V","G","Y","L","Q","P","R","T","F","L","L","K","Y","N","E","N","G","T","I","T","D","A","V","D","C","A","L","D","P","L","S","E","T","K","C","T","L","K","S","F","T","V","E","K","G","I","Y","Q","T","S","N","F","R","V","Q","P","T","E","S","I","V","R","F","P","N","I","T","N","L","C","P","F","G","E","V","F","N","A","T","R","F","A","S","V","Y","A","W","N","R","K","R","I","S","N","C","V","A","D","Y","S","V","L","Y","N","S","A","S","F","S","T","F","K","C","Y","G","V","S","P","T","K","L","N","D","L","C","F","T","N","V","Y","A","D","S","F","V","I","R","G","D","E","V","R","Q","I","A","P","G","Q","T","G","K","I","A","D","Y","N","Y","K","L","P","D","D","F","T","G","C","V","I","A","W","N","S","N","N","L","D","S","K","V","G","G","N","Y","N","Y","L","Y","R","L","F","R","K","S","N","L","K","P","F","E","R","D","I","S","T","E","I","Y","Q","A","G","S","T","P","C","N","G","V","E","G","F","N","C","Y","F","P","L","Q","S","Y","G","F","Q","P","T","N","G","V","G","Y","Q","P","Y","R","V","V","V","L","S","F","E","L","L","H","A","P","A","T","V","C","G","P","K","K","S","T","N","L","V","K","N","K","C","V","N","F","N","F","N","G","L","T","G","T","G","V","L","T","E","S","N","K","K","F","L","P","F","Q","Q","F","G","R","D","I","A","D","T","T","D","A","V","R","D","P","Q","T","L","E","I","L","D","I","T","P","C","S","F","G","G","V","S","V","I","T","P","G","T","N","T","S","N","Q","V","A","V","L","Y","Q","G","V","N","C","T","E","V","P","V","A","I","H","A","D","Q","L","T","P","T","W","R","V","Y","S","T","G","S","N","V","F","Q","T","R","A","G","C","L","I","G","A","E","H","V","N","N","S","Y","E","C","D","I","P","I","G","A","G","I","C","A","S","Y","H","T","Q","T","N","S","P","R","R","A","R","S","V","A","S","Q","S","I","I","A","Y","T","M","S","L","G","A","E","N","S","V","A","Y","S","N","N","S","I","A","I","P","T","N","F","T","I","S","V","T","T","E","I","L","P","V","S","M","T","K","T","S","V","D","C","T","M","Y","I","C","G","D","S","T","E","C","S","N","L","L","L","Q","Y","G","S","F","C","T","Q","L","N","R","A","L","T","G","I","A","V","E","Q","D","K","N","T","Q","E","V","F","A","Q","V","K","Q","I","Y","K","T","P","P","I","K","D","F","G","G","F","N","F","S","Q","I","L","P","D","P","S","K","P","S","K","R","S","F","I","E","D","L","L","F","N","K","V","T","L","A","D","A","G","F","I","K","Q","Y","G","D","C","L","G","D","I","A","A","R","D","L","I","C","A","Q","K","F","N","G","L","T","V","L","P","P","L","L","T","D","E","M","I","A","Q","Y","T","S","A","L","L","A","G","T","I","T","S","G","W","T","F","G","A","G","A","A","L","Q","I","P","F","A","M","Q","M","A","Y","R","F","N","G","I","G","V","T","Q","N","V","L","Y","E","N","Q","K","L","I","A","N","Q","F","N","S","A","I","G","K","I","Q","D","S","L","S","S","T","A","S","A","L","G","K","L","Q","D","V","V","N","Q","N","A","Q","A","L","N","T","L","V","K","Q","L","S","S","N","F","G","A","I","S","S","V","L","N","D","I","L","S","R","L","D","K","V","E","A","E","V","Q","I","D","R","L","I","T","G","R","L","Q","S","L","Q","T","Y","V","T","Q","Q","L","I","R","A","A","E","I","R","A","S","A","N","L","A","A","T","K","M","S","E","C","V","L","G","Q","S","K","R","V","D","F","C","G","K","G","Y","H","L","M","S","F","P","Q","S","A","P","H","G","V","V","F","L","H","V","T","Y","V","P","A","Q","E","K","N","F","T","T","A","P","A","I","C","H","D","G","K","A","H","F","P","R","E","G","V","F","V","S","N","G","T","H","W","F","V","T","Q","R","N","F","Y","E","P","Q","I","I","T","T","D","N","T","F","V","S","G","N","C","D","V","V","I","G","I","V","N","N","T","V","Y","D","P","L","Q","P","E","L","D","S","F","K","E","E","L","D","K","Y","F","K","N","H","T","S","P","D","V","D","L","G","D","I","S","G","I","N","A","S","V","V","N","I","Q","K","E","I","D","R","L","N","E","V","A","K","N","L","N","E","S","L","I","D","L","Q","E","L","G","K","Y","E","Q","Y","I","K","W","P","W","Y","I","W","L","G","F","I","A","G","L","I","A","I","V","M","V","T","I","M","L","C","C","M","T","S","C","C","S","C","L","K","G","C","C","S","C","G","S","C","C","K","F","D","E","D","D","S","E","P","V","L","K","G","V","K","L","H","Y","T","---"
"New.hCoV.19.Japan.PG.12326.2020","M","F","V","F","L","V","L","L","P","L","V","S","S","Q","C","V","N","L","T","T","R","T","Q","L","P","P","A","Y","T","N","S","F","T","R","G","V","Y","Y","P","D","K","V","F","R","S","S","V","L","H","S","T","Q","D","L","F","L","P","F","F","S","N","V","T","W","F","H","A","I","H","V","S","G","T","N","G","T","K","R","F","D","N","P","V","L","P","F","N","D","G","V","Y","F","A","S","T","E","K","S","N","I","I","R","G","W","I","F","G","T","T","L","D","S","K","T","Q","S","L","L","I","V","N","N","A","T","N","V","V","I","K","V","C","E","F","Q","F","C","N","D","P","F","L","G","V","Y","Y","H","K","N","N","K","S","W","M","E","S","E","F","R","V","Y","S","S","A","N","N","C","T","F","E","Y","V","S","Q","P","F","L","M","D","L","E","G","K","Q","G","N","F","K","N","L","R","E","F","V","F","K","N","I","D","G","Y","F","K","I","Y","S","K","H","T","P","I","N","L","V","R","D","L","P","Q","G","F","S","A","L","E","P","L","V","D","L","P","I","G","I","N","I","T","R","F","Q","T","L","L","A","L","H","R","S","Y","L","T","P","G","D","S","S","S","G","W","T","A","G","A","A","A","Y","Y","V","G","Y","L","Q","P","R","T","F","L","L","K","Y","N","E","N","G","T","I","T","D","A","V","D","C","A","L","D","P","L","S","E","T","K","C","T","L","K","S","F","T","V","E","K","G","I","Y","Q","T","S","N","F","R","V","Q","P","T","E","S","I","V","R","F","P","N","I","T","N","L","C","P","F","G","E","V","F","N","A","T","R","F","A","S","V","Y","A","W","N","R","K","R","I","S","N","C","V","A","D","Y","S","V","L","Y","N","S","A","S","F","S","T","F","K","C","Y","G","V","S","P","T","K","L","N","D","L","C","F","T","N","V","Y","A","D","S","F","V","I","R","G","D","E","V","R","Q","I","A","P","G","Q","T","G","K","I","A","D","Y","N","Y","K","L","P","D","D","F","T","G","C","V","I","A","W","N","S","N","N","L","D","S","K","V","G","G","N","Y","N","Y","L","Y","R","L","F","R","K","S","N","L","K","P","F","E","R","D","I","S","T","E","I","Y","Q","A","G","S","T","P","C","N","G","V","E","G","F","N","C","Y","F","P","L","Q","S","Y","G","F","Q","P","T","N","G","V","G","Y","Q","P","Y","R","V","V","V","L","S","F","E","L","L","H","A","P","A","T","V","C","G","P","K","K","S","T","N","L","V","K","N","K","C","V","N","F","N","F","N","G","L","T","G","T","G","V","L","T","E","S","N","K","K","F","L","P","F","Q","Q","F","G","R","D","I","A","D","T","T","D","A","V","R","D","P","Q","T","L","E","I","L","D","I","T","P","C","S","F","G","G","V","S","V","I","T","P","G","T","N","T","S","N","Q","V","A","V","L","Y","Q","G","V","N","C","T","E","V","P","V","A","I","H","A","D","Q","L","T","P","T","W","R","V","Y","S","T","G","S","N","V","F","Q","T","R","A","G","C","L","I","G","A","E","H","V","N","N","S","Y","E","C","D","I","P","I","G","A","G","I","C","A","S","Y","H","T","Q","T","N","S","P","R","R","A","R","S","V","A","S","Q","S","I","I","A","Y","T","M","S","L","G","A","E","N","S","V","A","Y","S","N","N","S","I","A","I","P","T","N","F","T","I","S","V","T","T","E","I","L","P","V","S","M","T","K","T","S","V","D","C","T","M","Y","I","C","G","D","S","T","E","C","S","N","L","L","L","Q","Y","G","S","F","C","T","Q","L","N","R","A","L","T","G","I","A","V","E","Q","D","K","N","T","Q","E","V","F","A","Q","V","K","Q","I","Y","K","T","P","P","I","K","D","F","G","G","F","N","F","S","Q","I","L","P","D","P","S","K","P","S","K","R","S","F","I","E","D","L","L","F","N","K","V","T","L","A","D","A","G","F","I","K","Q","Y","G","D","C","L","G","D","I","A","A","R","D","L","I","C","A","Q","K","F","N","G","L","T","V","L","P","P","L","L","T","D","E","M","I","A","Q","Y","T","S","A","L","L","A","G","T","I","T","S","G","W","T","F","G","A","G","A","A","L","Q","I","P","F","A","M","Q","M","A","Y","R","F","N","G","I","G","V","T","Q","N","V","L","Y","E","N","Q","K","L","I","A","N","Q","F","N","S","A","I","G","K","I","Q","D","S","L","S","S","T","A","S","A","L","G","K","L","Q","D","V","V","N","Q","N","A","Q","A","L","N","T","L","V","K","Q","L","S","S","N","F","G","A","I","S","S","V","L","N","D","I","L","S","R","L","D","K","V","E","A","E","V","Q","I","D","R","L","I","T","G","R","L","Q","S","L","Q","T","Y","V","T","Q","Q","L","I","R","A","A","E","I","R","A","S","A","N","L","A","A","T","K","M","S","E","C","V","L","G","Q","S","K","R","V","D","F","C","G","K","G","Y","H","L","M","S","F","P","Q","S","A","P","H","G","V","V","F","L","H","V","T","Y","V","P","A","Q","E","K","N","F","T","T","A","P","A","I","C","H","D","G","K","A","H","F","P","R","E","G","V","F","V","S","N","G","T","H","W","F","V","T","Q","R","N","F","Y","E","P","Q","I","I","T","T","D","N","T","F","V","S","G","N","C","D","V","V","I","G","I","V","N","N","T","V","Y","D","P","L","Q","P","E","L","D","S","F","K","E","E","L","D","K","Y","F","K","N","H","T","S","P","D","V","D","L","G","D","I","S","G","I","N","A","S","V","V","N","I","Q","K","E","I","D","R","L","N","E","V","A","K","N","L","N","E","S","L","I","D","L","Q","E","L","G","K","Y","E","Q","Y","I","K","W","P","W","Y","I","W","L","G","F","I","A","G","L","I","A","I","V","M","V","T","I","M","L","C","C","M","T","S","C","C","S","C","L","K","G","C","C","S","C","G","S","C","C","K","F","D","E","D","D","S","E","P","V","L","K","G","V","K","L","H","Y","T","---"
"New.hCoV.19.Japan.PG.17832.2020","M","F","V","F","L","V","L","L","P","L","V","S","S","Q","C","V","N","L","T","T","R","T","Q","L","P","P","A","Y","T","N","S","F","T","R","G","V","Y","Y","P","D","K","V","F","R","S","S","V","L","H","S","T","Q","D","L","F","L","P","F","F","S","N","V","T","W","F","H","A","I","H","V","S","G","T","N","G","T","K","R","F","D","N","P","V","L","P","F","N","D","G","V","Y","F","A","S","T","E","K","S","N","I","I","R","G","W","I","F","G","T","T","L","D","S","K","T","Q","S","L","L","I","V","N","N","A","T","N","V","V","I","K","V","C","E","F","Q","F","C","N","D","P","F","L","G","V","Y","Y","H","K","N","N","K","S","W","T","E","S","E","F","R","V","Y","S","S","A","N","N","C","T","F","E","Y","V","S","Q","P","F","L","M","D","L","E","G","K","Q","G","N","F","K","N","L","R","E","F","V","F","K","N","I","D","G","Y","F","K","I","Y","S","K","H","T","P","I","N","L","V","R","D","L","P","Q","G","F","S","A","L","E","P","L","V","D","L","P","I","G","I","N","I","T","R","F","Q","T","L","L","A","L","H","R","S","Y","L","T","P","G","D","S","S","S","G","W","T","A","G","A","A","A","Y","Y","V","G","Y","L","Q","P","R","T","F","L","L","K","Y","N","E","N","G","T","I","T","D","A","V","D","C","A","L","D","P","L","S","E","T","K","C","T","L","K","S","F","T","V","E","K","G","I","Y","Q","T","S","N","F","R","V","Q","P","T","E","S","I","V","R","F","P","N","I","T","N","L","C","P","F","G","E","V","F","N","A","T","R","F","A","S","V","Y","A","W","N","R","K","R","I","S","N","C","V","A","D","Y","S","V","L","Y","N","S","A","S","F","S","T","F","K","C","Y","G","V","S","P","T","K","L","N","D","L","C","F","T","N","V","Y","A","D","S","F","V","I","R","G","D","E","V","R","Q","I","A","P","G","Q","T","G","K","I","A","D","Y","N","Y","K","L","P","D","D","F","T","G","C","V","I","A","W","N","S","N","N","L","D","S","K","V","G","G","N","Y","N","Y","L","Y","R","L","F","R","K","S","N","L","K","P","F","E","R","D","I","S","T","E","I","Y","Q","A","G","S","T","P","C","N","G","V","E","G","F","N","C","Y","F","P","L","Q","S","Y","G","F","Q","P","T","N","G","V","G","Y","Q","P","Y","R","V","V","V","L","S","F","E","L","L","H","A","P","A","T","V","C","G","P","K","K","S","T","N","L","V","K","N","K","C","V","N","F","N","F","N","G","L","T","G","T","G","V","L","T","E","S","N","K","K","F","L","P","F","Q","Q","F","G","R","D","I","A","D","T","T","D","A","V","R","D","P","Q","T","L","E","I","L","D","I","T","P","C","S","F","G","G","V","S","V","I","T","P","G","T","N","T","S","N","Q","V","A","V","L","Y","Q","G","V","N","C","T","E","V","P","V","A","I","H","A","D","Q","L","T","P","T","W","R","V","Y","S","T","G","S","N","V","F","Q","T","R","A","G","C","L","I","G","A","E","H","V","N","N","S","Y","E","C","D","I","P","I","G","A","G","I","C","A","S","Y","Q","T","Q","T","N","S","P","R","R","A","R","S","V","A","S","Q","S","I","I","A","Y","T","M","S","L","G","A","E","N","S","V","A","Y","S","N","N","S","I","A","I","P","T","N","F","T","I","S","V","T","T","E","I","L","P","V","S","M","T","K","T","S","V","D","C","T","M","Y","I","C","G","D","S","T","E","C","S","N","L","L","L","Q","Y","G","S","F","C","T","Q","L","N","R","A","L","T","G","I","A","V","E","Q","D","K","N","T","Q","E","V","F","A","Q","V","K","Q","I","Y","K","T","P","P","I","K","D","F","G","G","F","N","F","S","Q","I","L","P","D","P","S","K","P","S","K","R","S","F","I","E","D","L","L","F","N","K","V","T","L","A","D","A","G","F","I","K","Q","Y","G","D","C","L","G","D","I","A","A","R","D","L","I","C","A","Q","K","F","N","G","L","T","V","L","P","P","L","L","T","D","E","M","I","A","Q","Y","T","S","A","L","L","A","G","T","I","T","S","G","W","T","F","G","A","G","A","A","L","Q","I","P","F","A","M","Q","M","A","Y","R","F","N","G","I","G","V","T","Q","N","V","L","Y","E","N","Q","K","L","I","A","N","Q","F","N","S","A","I","G","K","I","Q","D","S","L","S","S","T","A","S","A","L","G","K","L","Q","D","V","V","N","Q","N","A","Q","A","L","N","T","L","V","K","Q","L","S","S","N","F","G","A","I","S","S","V","L","N","D","I","L","S","R","L","D","K","V","E","A","E","V","Q","I","D","R","L","I","T","G","R","L","Q","S","L","Q","T","Y","V","T","Q","Q","L","I","R","A","A","E","I","R","A","S","A","N","L","A","A","T","K","M","S","E","C","V","L","G","Q","S","K","R","V","D","F","C","G","K","G","Y","H","L","M","S","F","P","Q","S","A","P","H","G","V","V","F","L","H","V","T","Y","V","P","A","Q","E","K","N","F","T","T","A","P","A","I","C","H","D","G","K","A","H","F","P","R","E","G","V","F","V","S","N","G","T","H","W","F","V","T","Q","R","N","F","Y","E","P","Q","I","I","T","T","D","N","T","F","V","S","G","N","C","D","V","V","I","G","I","V","N","N","T","V","Y","D","P","L","Q","P","E","L","D","S","F","K","E","E","L","D","K","Y","F","K","N","H","T","S","P","D","V","D","L","G","D","I","S","G","I","N","A","S","V","V","N","I","Q","K","E","I","D","R","L","N","E","V","A","K","N","L","N","E","S","L","I","D","L","Q","E","L","G","K","Y","E","Q","Y","I","K","W","P","W","Y","I","W","L","G","F","I","A","G","L","I","A","I","V","M","V","T","I","M","L","C","C","M","T","S","C","C","S","C","L","K","G","C","C","S","C","G","S","C","C","K","F","D","E","D","D","S","E","P","V","L","K","G","V","K","L","H","Y","T","---"
"New.hCoV.19.Japan.PG.11232.2020","M","F","V","F","L","V","L","L","P","L","V","S","S","Q","C","V","N","L","T","T","R","T","Q","L","P","P","A","Y","T","N","S","F","T","R","G","V","Y","Y","P","D","K","V","F","R","S","S","V","L","H","S","T","Q","D","L","F","L","P","F","F","S","N","V","T","W","F","H","A","I","H","V","S","G","T","N","G","T","K","R","F","D","N","P","V","L","P","F","N","D","G","V","Y","F","A","S","T","E","K","S","N","I","I","R","G","W","I","F","G","T","T","L","D","S","K","T","Q","S","L","L","I","V","N","N","A","T","N","V","V","I","K","V","C","E","F","Q","F","C","N","D","P","F","L","G","V","Y","Y","H","K","N","N","K","S","W","M","E","S","E","F","R","V","Y","S","S","A","N","N","C","T","F","E","Y","V","S","Q","P","F","L","M","D","L","E","G","K","Q","G","N","F","K","N","L","R","E","F","V","F","K","N","I","D","G","Y","F","K","I","Y","S","K","H","T","P","I","N","L","V","R","D","L","P","Q","G","F","S","A","L","E","P","L","V","D","L","P","I","G","I","N","I","T","R","F","Q","T","L","L","A","L","H","R","S","Y","L","T","P","G","D","S","S","S","G","W","T","A","G","A","A","A","Y","Y","V","G","Y","L","Q","P","R","T","F","L","L","K","Y","N","E","N","G","T","I","T","D","A","V","D","C","A","L","D","P","L","S","E","T","K","C","T","L","K","S","F","T","V","E","K","G","I","Y","Q","T","S","N","F","R","V","Q","P","T","E","S","I","V","R","F","P","N","I","T","N","L","C","P","F","G","E","V","F","N","A","T","R","F","A","S","V","Y","A","W","N","R","K","R","I","S","N","C","V","A","D","Y","S","V","L","Y","N","S","A","S","F","S","T","F","K","C","Y","G","V","S","P","T","K","L","N","D","L","C","F","T","N","V","Y","A","D","S","F","V","I","R","G","D","E","V","R","Q","I","A","P","G","Q","T","G","K","I","A","D","Y","N","Y","K","L","P","D","D","F","T","G","C","V","I","A","W","N","S","N","N","L","D","S","K","V","G","G","N","Y","N","Y","L","Y","R","L","F","R","K","S","N","L","K","P","F","E","R","D","I","S","T","E","I","Y","Q","A","G","S","T","P","C","N","G","V","E","G","F","N","C","Y","F","P","L","Q","S","Y","G","F","Q","P","T","N","G","V","G","Y","Q","P","Y","R","V","V","V","L","S","F","E","L","L","H","A","P","A","T","V","C","G","P","K","K","S","T","N","L","V","K","N","K","C","V","N","F","N","F","N","G","L","T","G","T","G","V","L","T","E","S","N","K","K","F","L","P","F","Q","Q","F","G","R","D","I","A","D","T","T","D","A","V","R","D","P","Q","T","L","E","I","L","D","I","T","P","C","S","F","G","G","V","S","V","I","T","P","G","T","N","T","S","N","Q","V","A","V","L","Y","Q","G","V","N","C","T","E","V","P","V","A","I","H","A","D","Q","L","T","P","T","W","R","V","Y","S","T","G","S","N","V","F","Q","T","R","A","G","C","L","I","G","A","E","H","V","N","N","S","Y","E","C","D","I","P","I","G","A","G","I","C","A","S","Y","H","T","Q","T","N","S","P","R","R","A","R","S","V","A","S","Q","S","I","I","A","Y","T","M","S","L","G","A","E","N","S","V","A","Y","S","N","N","S","I","A","I","P","T","N","F","T","I","S","V","T","T","E","I","L","P","V","S","M","T","K","T","S","V","D","C","T","M","Y","I","C","G","D","S","T","E","C","S","N","L","L","L","Q","Y","G","S","F","C","T","Q","L","N","R","A","L","T","G","I","A","V","E","Q","D","K","N","T","Q","E","V","F","A","Q","V","K","Q","I","Y","K","T","P","P","I","K","D","F","G","G","F","N","F","S","Q","I","L","P","D","P","S","K","P","S","K","R","S","F","I","E","D","L","L","F","N","K","V","T","L","A","D","A","G","F","I","K","Q","Y","G","D","C","L","G","D","I","A","A","R","D","L","I","C","A","Q","K","F","N","G","L","T","V","L","P","P","L","L","T","D","E","M","I","A","Q","Y","T","S","A","L","L","A","G","T","I","T","S","G","W","T","F","G","A","G","A","A","L","Q","I","P","F","A","M","Q","M","A","Y","R","F","N","G","I","G","V","T","Q","N","V","L","Y","E","N","Q","K","L","I","A","N","Q","F","N","S","A","I","G","K","I","Q","D","S","L","S","S","T","A","S","A","L","G","K","L","Q","D","V","V","N","Q","N","A","Q","A","L","N","T","L","V","K","Q","L","S","S","N","F","G","A","I","S","S","V","L","N","D","I","L","S","R","L","D","K","V","E","A","E","V","Q","I","D","R","L","I","T","G","R","L","Q","S","L","Q","T","Y","V","T","Q","Q","L","I","R","A","A","E","I","R","A","S","A","N","L","A","A","T","K","M","S","E","C","V","L","G","Q","S","K","R","V","D","F","C","G","K","G","Y","H","L","M","S","F","P","Q","S","A","P","H","G","V","V","F","L","H","V","T","Y","V","P","A","Q","E","K","N","F","T","T","A","P","A","I","C","H","D","G","K","A","H","F","P","R","E","G","V","F","V","S","N","G","T","H","W","F","V","T","Q","R","N","F","Y","E","P","Q","I","I","T","T","D","N","T","F","V","S","G","N","C","D","V","V","I","G","I","V","N","N","T","V","Y","D","P","L","Q","P","E","L","D","S","F","K","E","E","L","D","K","Y","F","K","N","H","T","S","P","D","V","D","L","G","D","I","S","G","I","N","A","S","V","V","N","I","Q","K","E","I","D","R","L","N","E","V","A","K","N","L","N","E","S","L","I","D","L","Q","E","L","G","K","Y","E","Q","Y","I","K","W","P","W","Y","I","W","L","G","F","I","A","G","L","I","A","I","V","M","V","T","I","M","L","C","C","M","T","S","C","C","S","C","L","K","G","C","C","S","C","G","S","C","C","K","F","D","E","D","D","S","E","P","V","L","K","G","V","K","L","H","Y","T","---"
"New.hCoV.19.Japan.PG.25311.2020","M","F","V","F","L","V","L","L","P","L","V","S","S","Q","C","V","N","L","T","T","R","T","Q","L","P","P","A","Y","T","N","S","F","T","R","G","V","Y","Y","P","D","K","V","F","R","S","S","V","L","H","S","T","Q","D","L","F","L","P","F","F","S","N","V","T","W","F","H","A","I","H","V","S","G","T","N","G","T","K","R","F","D","N","P","V","L","P","F","N","D","G","V","Y","F","A","S","T","E","K","S","N","I","I","R","G","W","I","F","G","T","T","L","D","S","K","T","Q","S","L","L","I","V","N","N","A","T","N","V","V","I","K","V","C","E","F","Q","F","C","N","D","P","F","L","G","V","Y","Y","H","K","N","N","K","S","W","M","E","S","E","F","R","V","Y","S","S","A","N","N","C","T","F","E","Y","V","S","Q","P","F","L","M","D","L","E","G","K","Q","G","N","F","K","N","L","R","E","F","V","F","K","N","I","D","G","Y","F","K","I","Y","S","K","H","T","P","I","N","L","V","R","D","L","P","Q","G","F","S","A","L","E","P","L","V","D","L","P","I","G","I","N","I","T","R","F","Q","T","L","L","A","L","H","R","S","Y","L","T","P","G","D","S","S","S","G","W","T","A","G","A","A","A","Y","Y","V","G","Y","L","Q","P","R","T","F","L","L","K","Y","N","E","N","G","T","I","T","D","A","V","D","C","A","L","D","P","L","S","E","T","K","C","T","L","K","S","F","T","V","E","K","G","I","Y","Q","T","S","N","F","R","V","Q","P","T","E","S","I","V","R","F","P","N","I","T","N","L","C","P","F","G","E","V","F","N","A","T","R","F","A","S","V","Y","A","W","N","R","K","R","I","S","N","C","V","A","D","Y","S","V","L","Y","N","S","A","S","F","S","T","F","K","C","Y","G","V","S","P","T","K","L","N","D","L","C","F","T","N","V","Y","A","D","S","F","V","I","R","G","D","E","V","R","Q","I","A","P","G","Q","T","G","K","I","A","D","Y","N","Y","K","L","P","D","D","F","T","G","C","V","I","A","W","N","S","N","N","L","D","S","K","V","G","G","N","Y","N","Y","L","Y","R","L","F","R","K","S","N","L","K","P","F","E","R","D","I","S","T","E","I","Y","Q","A","G","S","T","P","C","N","G","V","E","G","F","N","C","Y","F","P","L","Q","S","Y","G","F","Q","P","T","N","G","V","G","Y","Q","P","Y","R","V","V","V","L","S","F","E","L","L","H","A","P","A","T","V","C","G","P","K","K","S","T","N","L","V","K","N","K","C","V","N","F","N","F","N","G","L","T","G","T","G","V","L","T","E","S","N","K","K","F","L","P","F","Q","Q","F","G","R","D","I","A","D","T","T","D","A","V","R","D","P","Q","T","L","E","I","L","D","I","T","P","C","S","F","G","G","V","S","V","I","T","P","G","T","N","T","S","N","Q","V","A","V","L","Y","Q","G","V","N","C","T","E","V","P","V","A","I","H","A","D","Q","L","T","P","T","W","R","V","Y","S","T","G","S","N","V","F","Q","T","R","A","G","C","L","I","G","A","E","H","V","N","N","S","Y","E","C","D","I","P","I","G","A","G","I","C","A","S","Y","Q","T","Q","T","N","S","P","R","R","A","R","S","V","A","S","Q","S","I","I","A","Y","T","M","S","L","G","A","E","N","S","V","A","Y","S","N","N","S","I","A","I","P","T","N","F","T","I","S","V","T","T","E","I","L","P","V","S","M","T","K","T","S","V","D","C","T","M","Y","I","C","G","D","S","T","E","C","S","N","L","L","L","Q","Y","G","S","F","C","T","Q","L","N","R","A","L","T","G","I","A","V","E","Q","D","K","N","T","Q","E","V","F","A","Q","V","K","Q","I","Y","K","T","P","P","I","K","D","F","G","G","F","N","F","S","Q","I","L","P","D","P","S","K","P","S","K","R","S","F","I","E","D","L","L","F","N","K","V","T","L","A","D","A","G","F","I","K","Q","Y","G","D","C","L","G","D","I","A","A","R","D","L","I","C","A","Q","K","F","N","G","L","T","V","L","P","P","L","L","T","D","E","M","I","A","Q","Y","T","S","A","L","L","A","G","T","I","T","S","G","W","T","F","G","A","G","A","A","L","Q","I","P","F","A","M","Q","M","A","Y","R","F","N","G","I","G","V","T","Q","N","V","L","Y","E","N","Q","K","L","I","A","N","Q","F","N","S","A","I","G","K","I","Q","D","S","L","S","S","T","A","S","A","L","G","K","L","Q","D","V","V","N","Q","N","A","Q","A","L","N","T","L","V","K","Q","L","S","S","N","F","G","A","I","S","S","V","L","N","D","I","L","S","R","L","D","K","V","E","A","E","V","Q","I","D","R","L","I","T","G","R","L","Q","S","L","Q","T","Y","V","T","Q","Q","L","I","R","A","A","E","I","R","A","S","A","N","L","A","A","T","K","M","S","E","C","V","L","G","Q","S","K","R","V","D","F","C","G","K","G","Y","H","L","M","S","F","P","Q","S","A","P","H","G","V","V","F","L","H","V","T","Y","V","P","A","Q","E","K","N","F","T","T","A","P","A","I","C","H","D","G","K","A","H","F","P","R","E","G","V","F","V","S","N","G","T","H","W","F","V","T","Q","R","N","F","Y","E","P","Q","I","I","T","T","D","N","T","F","V","S","G","N","C","D","V","V","I","G","I","V","N","N","T","V","Y","D","P","L","Q","P","E","L","D","S","F","K","E","E","L","D","K","Y","F","K","N","H","T","S","P","D","V","D","L","G","D","I","S","G","I","N","A","S","V","V","N","I","Q","K","E","I","D","R","L","N","E","V","A","K","N","L","N","E","S","L","I","D","L","Q","E","L","G","K","Y","E","Q","Y","I","K","W","P","W","Y","I","W","L","G","F","I","A","G","L","I","A","I","V","M","V","T","I","M","L","C","C","M","T","S","C","C","S","C","L","K","G","C","C","S","C","G","S","C","C","K","F","D","E","D","D","S","E","P","V","L","K","G","V","K","L","H","Y","T","---"
"New.hCoV.19.Japan.PG.17848.2020","M","F","V","F","L","V","L","L","P","L","V","S","S","Q","C","V","N","L","T","T","R","T","Q","L","P","P","A","Y","T","N","S","F","T","R","G","V","Y","Y","P","D","K","V","F","R","S","S","V","L","H","S","T","Q","D","L","F","L","P","F","F","S","N","V","T","W","F","H","A","I","H","V","S","G","T","N","G","T","K","R","F","D","N","P","V","L","P","F","N","D","G","V","Y","F","A","S","T","E","K","S","N","I","I","R","G","W","I","F","G","T","T","L","D","S","K","T","Q","S","L","L","I","V","N","N","A","T","N","V","V","I","K","V","C","E","F","Q","F","C","N","D","P","F","L","G","V","Y","Y","H","K","N","N","K","S","W","M","E","S","E","F","R","V","Y","S","S","A","N","N","C","T","F","E","Y","V","S","Q","P","F","L","M","D","L","E","G","K","Q","G","N","F","K","N","L","R","E","F","V","F","K","N","I","D","G","Y","F","K","I","Y","S","K","H","T","P","I","N","L","V","R","D","L","P","Q","G","F","S","A","L","E","P","L","V","D","L","P","I","G","I","N","I","T","R","F","Q","T","L","L","A","L","H","R","S","Y","L","T","P","G","D","S","S","S","G","W","T","A","G","A","A","A","Y","Y","V","G","Y","L","Q","P","R","T","F","L","L","K","Y","N","E","N","G","T","I","T","D","A","V","D","C","A","L","D","P","L","S","E","T","K","C","T","L","K","S","F","T","V","E","K","G","I","Y","Q","T","S","N","F","R","V","Q","P","T","E","S","I","V","R","F","P","N","I","T","N","L","C","P","F","G","E","V","F","N","A","T","R","F","A","S","V","Y","A","W","N","R","K","R","I","S","N","C","V","A","D","Y","S","V","L","Y","N","S","A","S","F","S","T","F","K","C","Y","G","V","S","P","T","K","L","N","D","L","C","F","T","N","V","Y","A","D","S","F","V","I","R","G","D","E","V","R","Q","I","A","P","G","Q","T","G","K","I","A","D","Y","N","Y","K","L","P","D","D","F","T","G","C","V","I","A","W","N","S","N","N","L","D","S","K","V","G","G","N","Y","N","Y","L","Y","R","L","F","R","K","S","N","L","K","P","F","E","R","D","I","S","T","E","I","Y","Q","A","G","S","T","P","C","N","G","V","E","G","F","N","C","Y","F","P","L","Q","S","Y","G","F","Q","P","T","N","G","V","G","Y","Q","P","Y","R","V","V","V","L","S","F","E","L","L","H","A","P","A","T","V","C","G","P","K","K","S","T","N","L","V","K","N","K","C","V","N","F","N","F","N","G","L","T","G","T","G","V","L","T","E","S","N","K","K","F","L","P","F","Q","Q","F","G","R","D","I","A","D","T","T","D","A","V","R","D","P","Q","T","L","E","I","L","D","I","T","P","C","S","F","G","G","V","S","V","I","T","P","G","T","N","T","S","N","Q","V","A","V","L","Y","Q","G","V","N","C","T","E","V","P","V","A","I","H","A","D","Q","L","T","P","T","W","R","V","Y","S","T","G","S","N","V","F","Q","T","R","A","G","C","L","I","G","A","E","H","V","N","N","S","Y","E","C","D","I","P","I","G","A","G","I","C","A","S","Y","Q","T","Q","T","N","S","P","R","R","A","R","S","V","A","S","Q","S","I","I","A","Y","T","M","S","L","G","A","E","N","S","V","A","Y","S","N","N","S","I","A","I","P","T","N","F","T","I","S","V","T","T","E","I","L","P","V","S","M","T","K","T","S","V","D","C","T","M","Y","I","C","G","D","S","T","E","C","S","N","L","L","L","Q","Y","G","S","F","C","T","Q","L","N","R","A","L","T","G","I","A","V","E","Q","D","K","N","T","Q","E","V","F","A","Q","V","K","Q","I","Y","K","T","P","P","I","K","D","F","G","G","F","N","F","S","Q","I","L","P","D","P","S","K","P","S","K","R","S","F","I","E","D","L","L","F","N","K","V","T","L","A","D","A","G","F","I","K","Q","Y","G","D","C","L","G","D","I","A","A","R","D","L","I","C","A","Q","K","F","N","G","L","T","V","L","P","P","L","L","T","D","E","M","I","A","Q","Y","T","S","A","L","L","A","G","T","I","T","S","G","W","T","F","G","A","G","A","A","L","Q","I","P","F","A","M","Q","M","A","Y","R","F","N","G","I","G","V","T","Q","N","V","L","Y","E","N","Q","K","L","I","A","N","Q","F","N","S","A","I","G","K","I","Q","D","S","L","S","S","T","A","S","A","L","G","K","L","Q","D","V","V","N","Q","N","A","Q","A","L","N","T","L","V","K","Q","L","S","S","N","F","G","A","I","S","S","V","L","N","D","I","L","S","R","L","D","K","V","E","A","E","V","Q","I","D","R","L","I","T","G","R","L","Q","S","L","Q","T","Y","V","T","Q","Q","L","I","R","A","A","E","I","R","A","S","A","N","L","A","A","T","K","M","S","E","C","V","L","G","Q","S","K","R","V","D","F","C","G","K","G","Y","H","L","M","S","F","P","Q","S","A","P","H","G","V","V","F","L","H","V","T","Y","V","P","A","Q","E","K","N","F","T","T","A","P","A","I","C","H","D","G","K","A","H","F","P","R","E","G","V","F","V","S","N","G","T","H","W","F","V","T","Q","R","N","F","Y","E","P","Q","I","I","T","T","D","N","T","F","V","S","G","N","C","D","V","V","I","G","I","V","N","N","T","V","Y","D","P","L","Q","P","E","L","D","S","F","K","E","E","L","D","K","Y","F","K","N","H","T","S","P","D","V","D","L","G","D","I","S","G","I","N","A","S","V","V","N","I","Q","K","E","I","D","R","L","N","E","V","A","K","N","L","N","E","S","L","I","D","L","Q","E","L","G","K","Y","E","Q","Y","I","K","W","P","W","Y","I","W","L","G","F","I","A","G","L","I","A","I","V","M","V","T","I","M","L","C","C","M","T","S","C","C","S","C","L","K","G","C","C","S","C","G","S","C","C","K","F","D","E","D","D","S","E","P","V","L","K","G","V","K","L","H","Y","T","---"
"New.hCoV.19.Japan.PG.15778.2020","M","F","V","F","L","V","L","L","P","L","V","S","S","Q","C","V","N","L","T","T","R","T","Q","L","P","P","A","Y","T","N","S","F","T","R","G","V","Y","Y","P","D","K","V","F","R","S","S","V","L","H","S","T","Q","D","L","F","L","P","F","F","S","N","V","T","W","F","H","A","I","H","V","S","G","T","N","G","T","K","R","F","D","N","P","V","L","P","F","N","D","G","V","Y","F","A","S","T","E","K","S","N","I","I","R","G","W","I","F","G","T","T","L","D","S","K","T","Q","S","L","L","I","V","N","N","A","T","N","V","V","I","K","V","C","E","F","Q","F","C","N","D","P","F","L","G","V","Y","Y","H","K","N","N","K","S","W","M","E","S","E","F","R","V","Y","S","S","A","N","N","C","T","F","E","Y","V","S","Q","P","F","L","M","D","L","E","G","K","Q","G","N","F","K","N","L","R","E","F","V","F","K","N","I","D","G","Y","F","K","I","Y","S","K","H","T","P","I","N","L","V","R","D","L","P","Q","G","F","S","A","L","E","P","L","V","D","L","P","I","G","I","N","I","T","R","F","Q","T","L","L","A","L","H","R","S","Y","L","T","P","G","D","S","S","S","G","W","T","A","G","A","A","A","Y","Y","V","G","Y","L","Q","P","R","T","F","L","L","K","Y","N","E","N","G","T","I","T","D","A","V","D","C","A","L","D","P","L","S","E","T","K","C","T","L","K","S","F","T","V","E","K","G","I","Y","Q","T","S","N","F","R","V","Q","P","T","E","S","I","V","R","F","P","N","I","T","N","L","C","P","F","G","E","V","F","N","A","T","R","F","A","S","V","Y","A","W","N","R","K","R","I","S","N","C","V","A","D","Y","S","V","L","Y","N","S","A","S","F","S","T","F","K","C","Y","G","V","S","P","T","K","L","N","D","L","C","F","T","N","V","Y","A","D","S","F","V","I","R","G","D","E","V","R","Q","I","A","P","G","Q","T","G","K","I","A","D","Y","N","Y","K","L","P","D","D","F","T","G","C","V","I","A","W","N","S","N","N","L","D","S","K","V","G","G","N","Y","N","Y","L","Y","R","L","F","R","K","S","N","L","K","P","F","E","R","D","I","S","T","E","I","Y","Q","A","G","S","T","P","C","N","G","V","E","G","F","N","C","Y","F","P","L","Q","S","Y","G","F","Q","P","T","N","G","V","G","Y","Q","P","Y","R","V","V","V","L","S","F","E","L","L","H","A","P","A","T","V","C","G","P","K","K","S","T","N","L","V","K","N","K","C","V","N","F","N","F","N","G","L","T","G","T","G","V","L","T","E","S","N","K","K","F","L","P","F","Q","Q","F","G","R","D","I","A","D","T","T","D","A","V","R","D","P","Q","T","L","E","I","L","D","I","T","P","C","S","F","G","G","V","S","V","I","T","P","G","T","N","T","S","N","Q","V","A","V","L","Y","Q","G","V","N","C","T","E","V","P","V","A","I","H","A","D","Q","L","T","P","T","W","R","V","Y","S","T","G","S","N","V","F","Q","T","R","A","G","C","L","I","G","A","E","H","V","N","N","S","Y","E","C","D","I","P","I","G","A","G","I","C","A","S","Y","Q","T","Q","T","N","S","P","R","R","A","R","S","V","A","S","Q","S","I","I","A","Y","T","M","S","L","G","A","E","N","S","V","A","Y","S","N","N","S","I","A","I","P","T","N","F","T","I","S","V","T","T","E","I","L","P","V","S","M","T","K","T","S","V","D","C","T","M","Y","I","C","G","D","S","T","E","C","S","N","L","L","L","Q","Y","G","S","F","C","T","Q","L","N","R","A","L","T","G","I","A","V","E","Q","D","K","N","T","Q","E","V","F","A","Q","V","K","Q","I","Y","K","T","P","P","I","K","D","F","G","G","F","N","F","S","Q","I","L","P","D","P","S","K","P","S","K","R","S","F","I","E","D","L","L","F","N","K","V","T","L","A","D","A","G","F","I","K","Q","Y","G","D","C","L","G","D","I","A","A","R","D","L","I","C","A","Q","K","F","N","G","L","T","V","L","P","P","L","L","T","D","E","M","I","A","Q","Y","T","S","A","L","L","A","G","T","I","T","S","G","W","T","F","G","A","G","A","A","L","Q","I","P","F","A","M","Q","M","A","Y","R","F","N","G","I","G","V","T","Q","N","V","L","Y","E","N","Q","K","L","I","A","N","Q","F","N","S","A","I","G","K","I","Q","D","S","L","S","S","T","A","S","A","L","G","K","L","Q","D","V","V","N","Q","N","A","Q","A","L","N","T","L","V","K","Q","L","S","S","N","F","G","A","I","S","S","V","L","N","D","I","L","S","R","L","D","K","V","E","A","E","V","Q","I","D","R","L","I","T","G","R","L","Q","S","L","Q","T","Y","V","T","Q","Q","L","I","R","A","A","E","I","R","A","S","A","N","L","A","A","T","K","M","S","E","C","V","L","G","Q","S","K","R","V","D","F","C","G","K","G","Y","H","L","M","S","F","P","Q","S","A","P","H","G","V","V","F","L","H","V","T","Y","V","P","A","Q","E","K","N","F","T","T","A","P","A","I","C","H","D","G","K","A","H","F","P","R","E","G","V","F","V","S","N","G","T","H","W","F","V","T","Q","R","N","F","Y","E","P","Q","I","I","T","T","D","N","T","F","V","S","G","N","C","D","V","V","I","G","I","V","N","N","T","V","Y","D","P","L","Q","P","E","L","D","S","F","K","E","E","L","D","K","Y","F","K","N","H","T","S","P","D","V","D","L","G","D","I","S","G","I","N","A","S","V","V","N","I","Q","K","E","I","D","R","L","N","E","V","A","K","N","L","N","E","S","L","I","D","L","Q","E","L","G","K","Y","E","Q","Y","I","K","W","P","W","Y","I","W","L","G","F","I","A","G","L","I","A","I","V","M","V","T","I","M","L","C","C","M","T","S","C","C","S","C","L","K","G","C","C","S","C","G","S","C","C","K","F","D","E","D","D","S","E","P","V","L","K","G","V","K","L","H","Y","T","---"
"New.hCoV.19.Japan.PG.23800.2020","M","F","V","F","L","V","L","L","P","L","V","S","S","Q","C","V","N","L","T","T","R","T","Q","L","P","P","A","Y","T","N","S","F","T","R","G","V","Y","Y","P","D","K","V","F","R","S","S","V","L","H","S","T","Q","D","L","F","L","P","F","F","S","N","V","T","W","F","H","A","I","H","V","S","G","T","N","G","T","K","R","F","D","N","P","V","L","P","F","N","D","G","V","Y","F","A","S","T","E","K","S","N","I","I","R","G","W","I","F","G","T","T","L","D","S","K","T","Q","S","L","L","I","V","N","N","A","T","N","V","V","I","K","V","C","E","F","Q","F","C","N","D","P","F","L","G","V","Y","Y","H","K","N","N","K","S","W","M","E","S","E","F","R","V","Y","S","S","A","N","N","C","T","F","E","Y","V","S","Q","P","F","L","M","D","L","E","G","K","Q","G","N","F","K","N","L","R","E","F","V","F","K","N","I","D","G","Y","F","K","I","Y","S","K","H","T","P","I","N","L","V","R","D","L","P","Q","G","F","S","A","L","E","P","L","V","D","L","P","I","G","I","N","I","T","R","F","Q","T","L","L","A","L","H","R","S","Y","L","T","P","G","D","S","S","S","G","W","T","A","G","A","A","A","Y","Y","V","G","Y","L","Q","P","R","T","F","L","L","K","Y","N","E","N","G","T","I","T","D","A","V","D","C","A","L","D","P","L","S","E","T","K","C","T","L","K","S","F","T","V","E","K","G","I","Y","Q","T","S","N","F","R","V","Q","P","T","E","S","I","V","R","F","P","N","I","T","N","L","C","P","F","G","E","V","F","N","A","T","R","F","A","S","V","Y","A","W","N","R","K","R","I","S","N","C","V","A","D","Y","S","V","L","Y","N","S","A","S","F","S","T","F","K","C","Y","G","V","S","P","T","K","L","N","D","L","C","F","T","N","V","Y","A","D","S","F","V","I","R","G","D","E","V","R","Q","I","A","P","G","Q","T","G","K","I","A","D","Y","N","Y","K","L","P","D","D","F","T","G","C","V","I","A","W","N","S","N","N","L","D","S","K","V","G","G","N","Y","N","Y","L","Y","R","L","F","R","K","S","N","L","K","P","F","E","R","D","I","S","T","E","I","Y","Q","A","G","S","T","P","C","N","G","V","E","G","F","N","C","Y","F","P","L","Q","S","Y","G","F","Q","P","T","N","G","V","G","Y","Q","P","Y","R","V","V","V","L","S","F","E","L","L","H","A","P","A","T","V","C","G","P","K","K","S","T","N","L","V","K","N","K","C","V","N","F","N","F","N","G","L","T","G","T","G","V","L","T","E","S","N","K","K","F","L","P","F","Q","Q","F","G","R","D","I","A","D","T","T","D","A","V","R","D","P","Q","T","L","E","I","L","D","I","T","P","C","S","F","G","G","V","S","V","I","T","P","G","T","N","T","S","N","Q","V","A","V","L","Y","Q","G","V","N","C","T","E","V","P","V","A","I","H","A","D","Q","L","T","P","T","W","R","V","Y","S","T","G","S","N","V","F","Q","T","R","A","G","C","L","I","G","A","E","H","V","N","N","S","Y","E","C","D","I","P","I","G","A","G","I","C","A","S","Y","Q","T","Q","T","N","S","P","R","R","A","R","S","V","A","S","Q","S","I","I","A","Y","T","M","S","L","G","A","E","N","S","V","A","Y","S","N","N","S","I","A","I","P","T","N","F","T","I","S","V","T","T","E","I","L","P","V","S","M","T","K","T","S","V","D","C","T","M","Y","I","C","G","D","S","T","E","C","S","N","L","L","L","Q","Y","G","S","F","C","T","Q","L","N","R","A","L","T","G","I","A","V","E","Q","D","K","N","T","Q","E","V","F","A","Q","V","K","Q","I","Y","K","T","P","P","I","K","D","F","G","G","F","N","F","S","Q","I","L","P","D","P","S","K","P","S","K","R","S","F","I","E","D","L","L","F","N","K","V","T","L","A","D","A","G","F","I","K","Q","Y","G","D","C","L","G","D","I","A","A","R","D","L","I","C","A","Q","K","F","N","G","L","T","V","L","P","P","L","L","T","D","E","M","I","A","Q","Y","T","S","A","L","L","A","G","T","I","T","S","G","W","T","F","G","A","G","A","A","L","Q","I","P","F","A","M","Q","M","A","Y","R","F","N","G","I","G","V","T","Q","N","V","L","Y","E","N","Q","K","L","I","A","N","Q","F","N","S","A","I","G","K","I","Q","D","S","L","S","S","T","A","S","A","L","G","K","L","Q","D","V","V","N","Q","N","A","Q","A","L","N","T","L","V","K","Q","L","S","S","N","F","G","A","I","S","S","V","L","N","D","I","L","S","R","L","D","K","V","E","A","E","V","Q","I","D","R","L","I","T","G","R","L","Q","S","L","Q","T","Y","V","T","Q","Q","L","I","R","A","A","E","I","R","A","S","A","N","L","A","A","T","K","M","S","E","C","V","L","G","Q","S","K","R","V","D","F","C","G","K","G","Y","H","L","M","S","F","P","Q","S","A","P","H","G","V","V","F","L","H","V","T","Y","V","P","A","Q","E","K","N","F","T","T","A","P","A","I","C","H","D","G","K","A","H","F","P","R","E","G","V","F","V","S","N","G","T","H","W","F","V","T","Q","R","N","F","Y","E","P","Q","I","I","T","T","D","N","T","F","V","S","G","N","C","D","V","V","I","G","I","V","N","N","T","V","Y","D","P","L","Q","P","E","L","D","S","F","K","E","E","L","D","K","Y","F","K","N","H","T","S","P","D","V","D","L","G","D","I","S","G","I","N","A","S","V","V","N","I","Q","K","E","I","D","R","L","N","E","V","A","K","N","L","N","E","S","L","I","D","L","Q","E","L","G","K","Y","E","Q","Y","I","K","W","P","W","Y","I","W","L","G","F","I","A","G","L","I","A","I","V","M","V","T","I","M","L","C","C","M","T","S","C","C","S","C","L","K","G","C","C","S","C","G","S","C","C","K","F","D","E","D","D","S","E","P","V","L","K","G","V","K","L","H","Y","T","---"
"New.hCoV.19.Japan.PG.14927.2020","M","F","V","F","L","V","L","L","P","L","V","S","S","Q","C","V","N","L","T","T","R","T","Q","L","P","P","A","Y","T","N","S","F","T","R","G","V","Y","Y","P","D","K","V","F","R","S","S","V","L","H","S","T","Q","D","L","F","L","P","F","F","S","N","V","T","W","F","H","A","I","H","V","S","G","T","N","G","T","K","R","F","D","N","P","V","L","P","F","N","D","G","V","Y","F","A","S","T","E","K","S","N","I","I","R","G","W","I","F","G","T","T","L","D","S","K","T","Q","S","L","L","I","V","N","N","A","T","N","V","V","I","K","V","C","E","F","Q","F","C","N","D","P","F","L","G","V","Y","Y","H","K","N","N","K","S","W","M","E","S","E","F","R","V","Y","S","S","A","N","N","C","T","F","E","Y","V","S","Q","P","F","L","M","D","L","E","G","K","Q","G","N","F","K","N","L","R","E","F","V","F","K","N","I","D","G","Y","F","K","I","Y","S","K","H","T","P","I","N","L","V","R","D","L","P","Q","G","F","S","A","L","E","P","L","V","D","L","P","I","G","I","N","I","T","R","F","Q","T","L","L","A","L","H","R","S","Y","L","T","P","G","D","S","S","S","G","W","T","A","G","A","A","A","Y","Y","V","G","Y","L","Q","P","R","T","F","L","L","K","Y","N","E","N","G","T","I","T","D","A","V","D","C","A","L","D","P","L","S","E","T","K","C","T","L","K","S","F","T","V","E","K","G","I","Y","Q","T","S","N","F","R","V","Q","P","T","E","S","I","V","R","F","P","N","I","T","N","L","C","P","F","G","E","V","F","N","A","T","R","F","A","S","V","Y","A","W","N","R","K","R","I","S","N","C","V","A","D","Y","S","V","L","Y","N","S","A","S","F","S","T","F","K","C","Y","G","V","S","P","T","K","L","N","D","L","C","F","T","N","V","Y","A","D","S","F","V","I","R","G","D","E","V","R","Q","I","A","P","G","Q","T","G","K","I","A","D","Y","N","Y","K","L","P","D","D","F","T","G","C","V","I","A","W","N","S","N","N","L","D","S","K","V","G","G","N","Y","N","Y","L","Y","R","L","F","R","K","S","N","L","K","P","F","E","R","D","I","S","T","E","I","Y","Q","A","G","S","T","P","C","N","G","V","E","G","F","N","C","Y","F","P","L","Q","S","Y","G","F","Q","P","T","N","G","V","G","Y","Q","P","Y","R","V","V","V","L","S","F","E","L","L","H","A","P","A","T","V","C","G","P","K","K","S","T","N","L","V","K","N","K","C","V","N","F","N","F","N","G","L","T","G","T","G","V","L","T","E","S","N","K","K","F","L","P","F","Q","Q","F","G","R","D","I","A","D","T","T","D","A","V","R","D","P","Q","T","L","E","I","L","D","I","T","P","C","S","F","G","G","V","S","V","I","T","P","G","T","N","T","S","N","Q","V","A","V","L","Y","Q","G","V","N","C","T","E","V","P","V","A","I","H","A","D","Q","L","T","P","T","W","R","V","Y","S","T","G","S","N","V","F","Q","T","R","A","G","C","L","I","G","A","E","H","V","N","N","S","Y","E","C","D","I","P","I","G","A","G","I","C","A","S","Y","Q","T","Q","T","N","S","P","R","R","A","R","S","V","A","S","Q","S","I","I","A","Y","T","M","S","L","G","A","E","N","S","V","A","Y","S","N","N","S","I","A","I","P","T","N","F","T","I","S","V","T","T","E","I","L","P","V","S","M","T","K","T","S","V","D","C","T","M","Y","I","C","G","D","S","T","E","C","S","N","L","L","L","Q","Y","G","S","F","C","T","Q","L","N","R","A","L","T","G","I","A","V","E","Q","D","K","N","T","Q","E","V","F","A","Q","V","K","Q","I","Y","K","T","P","P","I","K","D","F","G","G","F","N","F","S","Q","I","L","P","D","P","S","K","P","S","K","R","S","F","I","E","D","L","L","F","N","K","V","T","L","A","D","A","G","F","I","K","Q","Y","G","D","C","L","G","D","I","A","A","R","D","L","I","C","A","Q","K","F","N","G","L","T","V","L","P","P","L","L","T","D","E","M","I","A","Q","Y","T","S","A","L","L","A","G","T","I","T","S","G","W","T","F","G","A","G","A","A","L","Q","I","P","F","A","M","Q","M","A","Y","R","F","N","G","I","G","V","T","Q","N","V","L","Y","E","N","Q","K","L","I","A","N","Q","F","N","S","A","I","G","K","I","Q","D","S","L","S","S","T","A","S","A","L","G","K","L","Q","D","V","V","N","Q","N","A","Q","A","L","N","T","L","V","K","Q","L","S","S","N","F","G","A","I","S","S","V","L","N","D","I","L","S","R","L","D","K","V","E","A","E","V","Q","I","D","R","L","I","T","G","R","L","Q","S","L","Q","T","Y","V","T","Q","Q","L","I","R","A","A","E","I","R","A","S","A","N","L","A","A","T","K","M","S","E","C","V","L","G","Q","S","K","R","V","D","F","C","G","K","G","Y","H","L","M","S","F","P","Q","S","A","P","H","G","V","V","F","L","H","V","T","Y","V","P","A","Q","E","K","N","F","T","T","A","P","A","I","C","H","D","G","K","A","H","F","P","R","E","G","V","F","V","S","N","G","T","H","W","F","V","T","Q","R","N","F","Y","E","P","Q","I","I","T","T","D","N","T","F","V","S","G","N","C","D","V","V","I","G","I","V","N","N","T","V","Y","D","P","L","Q","P","E","L","D","S","F","K","E","E","L","D","K","Y","F","K","N","H","T","S","P","D","V","D","L","G","D","I","S","G","I","N","A","S","V","V","N","I","Q","K","E","I","D","R","L","N","E","V","A","K","N","L","N","E","S","L","I","D","L","Q","E","L","G","K","Y","E","Q","Y","I","K","W","P","W","Y","I","W","L","G","F","I","A","G","L","I","A","I","V","M","V","T","I","M","L","C","C","M","T","S","C","C","S","C","L","K","G","C","C","S","C","G","S","C","C","K","F","D","E","D","D","S","E","P","V","L","K","G","V","K","L","H","Y","T","---"
"New.hCoV.19.Japan.PG.22736.2020","M","F","V","F","L","V","L","L","P","L","V","S","S","Q","C","V","N","L","T","T","R","T","Q","L","P","P","A","Y","T","N","S","F","T","R","G","V","Y","Y","P","D","K","V","F","R","S","S","V","L","H","S","T","Q","D","L","F","L","P","F","F","S","N","V","T","W","F","H","A","I","H","V","S","G","T","N","G","T","K","R","F","D","N","P","V","L","P","F","N","D","G","V","Y","F","A","S","T","E","K","S","N","I","I","R","G","W","I","F","G","T","T","L","D","S","K","T","Q","S","L","L","I","V","N","N","A","T","N","V","V","I","K","V","C","E","F","Q","F","C","N","D","P","F","L","G","V","Y","Y","H","K","N","N","K","S","W","M","E","S","E","F","R","V","Y","S","S","A","N","N","C","T","F","E","Y","V","S","Q","P","F","L","M","D","L","E","G","K","Q","G","N","F","K","N","L","R","E","F","V","F","K","N","I","D","G","Y","F","K","I","Y","S","K","H","T","P","I","N","L","V","R","D","L","P","Q","G","F","S","A","L","E","P","L","V","D","L","P","I","G","I","N","I","T","R","F","Q","T","L","L","A","L","H","R","S","Y","L","T","P","G","D","S","S","S","G","W","T","A","G","A","A","A","Y","Y","V","G","Y","L","Q","P","R","T","F","L","L","K","Y","N","E","N","G","T","I","T","D","A","V","D","C","A","L","D","P","L","S","E","T","K","C","T","L","K","S","F","T","V","E","K","G","I","Y","Q","T","S","N","F","R","V","Q","P","T","E","S","I","V","R","F","P","N","I","T","N","L","C","P","F","G","E","V","F","N","A","T","R","F","A","S","V","Y","A","W","N","R","K","R","I","S","N","C","V","A","D","Y","S","V","L","Y","N","S","A","S","F","S","T","F","K","C","Y","G","V","S","P","T","K","L","N","D","L","C","F","T","N","V","Y","A","D","S","F","V","I","R","G","D","E","V","R","Q","I","A","P","G","Q","T","G","K","I","A","D","Y","N","Y","K","L","P","D","D","F","T","G","C","V","I","A","W","N","S","N","N","L","D","S","K","V","G","G","N","Y","N","Y","L","Y","R","L","F","R","K","S","N","L","K","P","F","E","R","D","I","S","T","E","I","Y","Q","A","G","S","T","P","C","N","G","V","E","G","F","N","C","Y","F","P","L","Q","S","Y","G","F","Q","P","T","N","G","V","G","Y","Q","P","Y","R","V","V","V","L","S","F","E","L","L","H","A","P","A","T","V","C","G","P","K","K","S","T","N","L","V","K","N","K","C","V","N","F","N","F","N","G","L","T","G","T","G","V","L","T","E","S","N","K","K","F","L","P","F","Q","Q","F","G","R","D","I","A","D","T","T","D","A","V","R","D","P","Q","T","L","E","I","L","D","I","T","P","C","S","F","G","G","V","S","V","I","T","P","G","T","N","T","S","N","Q","V","A","V","L","Y","Q","G","V","N","C","T","E","V","P","V","A","I","H","A","D","Q","L","T","P","T","W","R","V","Y","S","T","G","S","N","V","F","Q","T","R","A","G","C","L","I","G","A","E","H","V","N","N","S","Y","E","C","D","I","P","I","G","A","G","I","C","A","S","Y","Q","T","Q","T","N","S","P","R","R","A","R","S","V","A","S","Q","S","I","I","A","Y","T","M","S","L","G","A","E","N","S","V","A","Y","S","N","N","S","I","A","I","P","T","N","F","T","I","S","V","T","T","E","I","L","P","V","S","M","T","K","T","S","V","D","C","T","M","Y","I","C","G","D","S","T","E","C","S","N","L","L","L","Q","Y","G","S","F","C","T","Q","L","N","R","A","L","T","G","I","A","V","E","Q","D","K","N","T","Q","E","V","F","A","Q","V","K","Q","I","Y","K","T","P","P","I","K","D","F","G","G","F","N","F","S","Q","I","L","P","D","P","S","K","P","S","K","R","S","F","I","E","D","L","L","F","N","K","V","T","L","A","D","A","G","F","I","K","Q","Y","G","D","C","L","G","D","I","A","A","R","D","L","I","C","A","Q","K","F","N","G","L","T","V","L","P","P","L","L","T","D","E","M","I","A","Q","Y","T","S","A","L","L","A","G","T","I","T","S","G","W","T","F","G","A","G","A","A","L","Q","I","P","F","A","M","Q","M","A","Y","R","F","N","G","I","G","V","T","Q","N","V","L","Y","E","N","Q","K","F","I","A","N","Q","F","N","S","A","I","G","K","I","Q","D","S","L","S","S","T","A","S","A","L","G","K","L","Q","D","V","V","N","Q","N","A","Q","A","L","N","T","L","V","K","Q","L","S","S","N","F","G","A","I","S","S","V","L","N","D","I","L","S","R","L","D","K","V","E","A","E","V","Q","I","D","R","L","I","T","G","R","L","Q","S","L","Q","T","Y","V","T","Q","Q","L","I","R","A","A","E","I","R","A","S","A","N","L","A","A","T","K","M","S","E","C","V","L","G","Q","S","K","R","V","D","F","C","G","K","G","Y","H","L","M","S","F","P","Q","S","A","P","H","G","V","V","F","L","H","V","T","Y","V","P","A","Q","E","K","N","F","T","T","A","P","A","I","C","H","D","G","K","A","H","F","P","R","E","G","V","F","V","S","N","G","T","H","W","F","V","T","Q","R","N","F","Y","E","P","Q","I","I","T","T","D","N","T","F","V","S","G","N","C","D","V","V","I","G","I","V","N","N","T","V","Y","D","P","L","Q","P","E","L","D","S","F","K","E","E","L","D","K","Y","F","K","N","H","T","S","P","D","V","D","L","G","D","I","S","G","I","N","A","S","V","V","N","I","Q","K","E","I","D","R","L","N","E","V","A","K","N","L","N","E","S","L","I","D","L","Q","E","L","G","K","Y","E","Q","Y","I","K","W","P","W","Y","I","W","L","G","F","I","A","G","L","I","A","I","V","M","V","T","I","M","L","C","C","M","T","S","C","C","S","C","L","K","G","C","C","S","C","G","S","C","C","K","F","D","E","D","D","S","E","P","V","L","K","G","V","K","L","H","Y","T","---"
"New.hCoV.19.Japan.PG.12780.2020","M","F","V","F","L","V","L","L","P","L","V","S","S","Q","C","V","N","L","T","T","R","T","Q","L","P","P","A","Y","T","N","S","F","T","R","G","V","Y","Y","P","D","K","V","F","R","S","S","V","L","H","S","T","Q","D","L","F","L","P","F","F","S","N","V","T","W","F","H","A","I","H","V","S","G","T","N","G","T","K","R","F","D","N","P","V","L","P","F","N","D","G","V","Y","F","A","S","T","E","K","S","N","I","I","R","G","W","I","F","G","T","T","L","D","S","K","T","Q","S","L","L","I","V","N","N","A","T","N","V","V","I","K","V","C","E","F","Q","F","C","N","D","P","F","L","G","V","Y","Y","H","K","N","N","K","S","W","M","E","S","E","F","R","V","Y","S","S","A","N","N","C","T","F","E","Y","V","S","Q","P","F","L","M","D","L","E","G","K","Q","G","N","F","K","N","L","R","E","F","V","F","K","N","I","D","G","Y","F","K","I","Y","S","K","H","T","P","I","N","L","V","R","D","L","P","Q","G","F","S","A","L","E","P","L","V","D","L","P","I","G","I","N","I","T","R","F","Q","T","L","L","A","L","H","R","S","Y","L","T","P","G","D","S","S","S","G","W","T","A","G","A","A","A","Y","Y","V","G","Y","L","Q","P","R","T","F","L","L","K","Y","N","E","N","G","T","I","T","D","A","V","D","C","A","L","D","P","L","S","E","T","K","C","T","L","K","S","F","T","V","E","K","G","I","Y","Q","T","S","N","F","R","V","Q","P","T","E","S","I","V","R","F","P","N","I","T","N","L","C","P","F","G","E","V","F","N","A","T","R","F","A","S","V","Y","A","W","N","R","K","R","I","S","N","C","V","A","D","Y","S","V","L","Y","N","S","A","S","F","S","T","F","K","C","Y","G","V","S","P","T","K","L","N","D","L","C","F","T","N","V","Y","A","D","S","F","V","I","R","G","D","E","V","R","Q","I","A","P","G","Q","T","G","K","I","A","D","Y","N","Y","K","L","P","D","D","F","T","G","C","V","I","A","W","N","S","N","N","L","D","S","K","V","G","G","N","Y","N","Y","L","Y","R","L","F","R","K","S","N","L","K","P","F","E","R","D","I","S","T","E","I","Y","Q","A","G","S","T","P","C","N","G","V","E","G","F","N","C","Y","F","P","L","Q","S","Y","G","F","Q","P","T","N","G","V","G","Y","Q","P","Y","R","V","V","V","L","S","F","E","L","L","H","A","P","A","T","V","C","G","P","K","K","S","T","N","L","V","K","N","K","C","V","N","F","N","F","N","G","L","T","G","T","G","V","L","T","E","S","N","K","K","F","L","P","F","Q","Q","F","G","R","D","I","A","D","T","T","D","A","V","R","D","P","Q","T","L","E","I","L","D","I","T","P","C","S","F","G","G","V","S","V","I","T","P","G","T","N","T","S","N","Q","V","A","V","L","Y","Q","G","V","N","C","T","E","V","P","V","A","I","H","A","D","Q","L","T","P","T","W","R","V","Y","S","T","G","S","N","V","F","Q","T","R","A","G","C","L","I","G","A","E","H","V","N","N","S","Y","E","C","D","I","P","I","G","A","G","I","C","A","S","Y","Q","T","Q","T","N","S","P","R","R","A","R","S","V","A","S","Q","S","I","I","A","Y","T","M","S","L","G","A","E","N","S","V","A","Y","S","N","N","S","I","A","I","P","T","N","F","T","I","S","V","T","T","E","I","L","P","V","S","M","T","K","T","S","V","D","C","T","M","Y","I","C","G","D","S","T","E","C","S","N","L","L","L","Q","Y","G","S","F","C","T","Q","L","N","R","A","L","T","G","I","A","V","E","Q","D","K","N","T","Q","E","V","F","A","Q","V","K","Q","I","Y","K","T","P","P","I","K","D","F","G","G","F","N","F","S","Q","I","L","P","D","P","S","K","P","S","K","R","S","F","I","E","D","L","L","F","N","K","V","T","L","A","D","A","G","F","I","K","Q","Y","G","D","C","L","G","D","I","A","A","R","D","L","I","C","A","Q","K","F","N","G","L","T","V","L","P","P","L","L","T","D","E","M","I","A","Q","Y","T","S","A","L","L","A","G","T","I","T","S","G","W","T","F","G","A","G","A","A","L","Q","I","P","F","A","M","Q","M","A","Y","R","F","N","G","I","G","V","T","Q","N","V","L","Y","E","N","Q","K","L","I","A","N","Q","F","N","S","A","I","G","K","I","Q","D","S","L","S","S","T","A","S","A","L","G","K","L","Q","D","V","V","N","Q","N","A","Q","A","L","N","T","L","V","K","Q","L","S","S","N","F","G","A","I","S","S","V","L","N","D","I","L","S","R","L","D","K","V","E","A","E","V","Q","I","D","R","L","I","T","G","R","L","Q","S","L","Q","T","Y","V","T","Q","Q","L","I","R","A","A","E","I","R","A","S","A","N","L","A","A","T","K","M","S","E","C","V","L","G","Q","S","K","R","V","D","F","C","G","K","G","Y","H","L","M","S","F","P","Q","S","A","P","H","G","V","V","F","L","H","V","T","Y","V","P","A","Q","E","K","N","F","T","T","A","P","A","I","C","H","D","G","K","A","H","F","P","R","E","G","V","F","V","S","N","G","T","H","W","F","V","T","Q","R","N","F","Y","E","P","Q","I","I","T","T","D","N","T","F","V","S","G","N","C","D","V","V","I","G","I","V","N","N","T","V","Y","D","P","L","Q","P","E","L","D","S","F","K","E","E","L","D","K","Y","F","K","N","H","T","S","P","D","V","D","L","G","D","I","S","G","I","N","A","S","V","V","N","I","Q","K","E","I","D","R","L","N","E","V","A","K","N","L","N","E","S","L","I","D","L","Q","E","L","G","K","Y","E","Q","Y","I","K","W","P","W","Y","I","W","L","G","F","I","A","G","L","I","A","I","V","M","V","T","I","M","L","C","C","M","T","S","C","C","S","C","L","K","G","C","C","S","C","G","S","C","C","K","F","D","E","D","D","S","E","P","V","L","K","G","V","K","L","H","Y","T","---"
"New.hCoV.19.Japan.PG.13197.2020","M","F","V","F","L","V","L","L","P","L","V","S","S","Q","C","V","N","L","T","T","R","T","Q","L","P","P","A","Y","T","N","S","F","T","R","G","V","Y","Y","P","D","K","V","F","R","S","S","V","L","H","S","T","Q","D","L","F","L","P","F","F","S","N","V","T","W","F","H","A","I","H","V","S","G","T","N","G","T","K","R","F","D","N","P","V","L","P","F","N","D","G","V","Y","F","A","S","T","E","K","S","N","I","I","R","G","W","I","F","G","T","T","L","D","S","K","T","Q","S","L","L","I","V","N","N","A","T","N","V","V","I","K","V","C","E","F","Q","F","C","N","D","P","F","L","G","V","Y","Y","H","K","N","N","K","S","W","M","E","S","E","F","R","V","Y","S","S","A","N","N","C","T","F","E","Y","V","S","Q","P","F","L","M","D","L","E","G","K","Q","G","N","F","K","N","L","R","E","F","V","F","K","N","I","D","G","Y","F","K","I","Y","S","K","H","T","P","I","N","L","V","R","D","L","P","Q","G","F","S","A","L","E","P","L","V","D","L","P","I","G","I","N","I","T","R","F","Q","T","L","L","A","L","H","R","S","Y","L","T","P","G","D","S","S","S","G","W","T","A","G","A","A","A","Y","Y","V","G","Y","L","Q","P","R","T","F","L","L","K","Y","N","E","N","G","T","I","T","D","A","V","D","C","A","L","D","P","L","S","E","T","K","C","T","L","K","S","F","T","V","E","K","G","I","Y","Q","T","S","N","F","R","V","Q","P","T","E","S","I","V","R","F","P","N","I","T","N","L","C","P","F","G","E","V","F","N","A","T","R","F","A","S","V","Y","A","W","N","R","K","R","I","S","N","C","V","A","D","Y","S","V","L","Y","N","S","A","S","F","S","T","F","K","C","Y","G","V","S","P","T","K","L","N","D","L","C","F","T","N","V","Y","A","D","S","F","V","I","R","G","D","E","V","R","Q","I","A","P","G","Q","T","G","K","I","A","D","Y","N","Y","K","L","P","D","D","F","T","G","C","V","I","A","W","N","S","N","N","L","D","S","K","V","G","G","N","Y","N","Y","L","Y","R","L","F","R","K","S","N","L","K","P","F","E","R","D","I","S","T","E","I","Y","Q","A","G","S","T","P","C","N","G","V","E","G","F","N","C","Y","F","P","L","Q","S","Y","G","F","Q","P","T","N","G","V","G","Y","Q","P","Y","R","V","V","V","L","S","F","E","L","L","H","A","P","A","T","V","C","G","P","K","K","S","T","N","L","V","K","N","K","C","V","N","F","N","F","N","G","L","T","G","T","G","V","L","T","E","S","N","K","K","F","L","P","F","Q","Q","F","G","R","D","I","A","D","T","T","D","A","V","R","D","P","Q","T","L","E","I","L","D","I","T","P","C","S","F","G","G","V","S","V","I","T","P","G","T","N","T","S","N","Q","V","A","V","L","Y","Q","G","V","N","C","T","E","V","P","V","A","I","H","A","D","Q","L","T","P","T","W","R","V","Y","S","T","G","S","N","V","F","Q","T","R","A","G","C","L","I","G","A","E","H","V","N","N","S","Y","E","C","D","I","P","I","G","A","G","I","C","A","S","Y","Q","T","Q","T","N","S","P","R","R","A","R","S","V","A","S","Q","S","I","I","A","Y","T","M","S","L","G","A","E","N","S","V","A","Y","S","N","N","S","I","A","I","P","T","N","F","T","I","S","V","T","T","E","I","L","P","V","S","M","T","K","T","S","V","D","C","T","M","Y","I","C","G","D","S","T","E","C","S","N","L","L","L","Q","Y","G","S","F","C","T","Q","L","N","R","A","L","T","G","I","A","V","E","Q","D","K","N","T","Q","E","V","F","A","Q","V","K","Q","I","Y","K","T","P","P","I","K","D","F","G","G","F","N","F","S","Q","I","L","P","D","P","S","K","P","S","K","R","S","F","I","E","D","L","L","F","N","K","V","T","L","A","D","A","G","F","I","K","Q","Y","G","D","C","L","G","D","I","A","A","R","D","L","I","C","A","Q","K","F","N","G","L","T","V","L","P","P","L","L","T","D","E","M","I","A","Q","Y","T","S","A","L","L","A","G","T","I","T","S","G","W","T","F","G","A","G","A","A","L","Q","I","P","F","A","M","Q","M","A","Y","R","F","N","G","I","G","V","T","Q","N","V","L","Y","E","N","Q","K","L","I","A","N","Q","F","N","S","A","I","G","K","I","Q","D","S","L","S","S","T","A","S","A","L","G","K","L","Q","D","V","V","N","Q","N","A","Q","A","L","N","T","L","V","K","Q","L","S","S","N","F","G","A","I","S","S","V","L","N","D","I","L","S","R","L","D","K","V","E","A","E","V","Q","I","D","R","L","I","T","G","R","L","Q","S","L","Q","T","Y","V","T","Q","Q","L","I","R","A","A","E","I","R","A","S","A","N","L","A","A","T","K","M","S","E","C","V","L","G","Q","S","K","R","V","D","F","C","G","K","G","Y","H","L","M","S","F","P","Q","S","A","P","H","G","V","V","F","L","H","V","T","Y","V","P","A","Q","E","K","N","F","T","T","A","P","A","I","C","H","D","G","K","A","H","F","P","R","E","G","V","F","V","S","N","G","T","H","W","F","V","T","Q","R","N","F","Y","E","P","Q","I","I","T","T","D","N","T","F","V","S","G","N","C","D","V","V","I","G","I","V","N","N","T","V","Y","D","P","L","Q","P","E","L","D","S","F","K","E","E","L","D","K","Y","F","K","N","H","T","S","P","D","V","D","L","G","D","I","S","G","I","N","A","S","V","V","N","I","Q","K","E","I","D","R","L","N","E","V","A","K","N","L","N","E","S","L","I","D","L","Q","E","L","G","K","Y","E","Q","Y","I","K","W","P","W","Y","I","W","L","G","F","I","A","G","L","I","A","I","V","M","V","T","I","M","L","C","C","M","T","S","C","C","S","C","L","K","G","C","C","S","C","G","S","C","C","K","F","D","E","D","D","S","E","P","V","L","K","G","V","K","L","H","Y","T","---"
"New.hCoV.19.Japan.PG.17808.2020","M","F","V","F","L","V","L","L","P","L","V","S","S","Q","C","V","N","L","T","T","R","T","Q","L","P","P","A","Y","T","N","S","F","T","R","G","V","Y","Y","P","D","K","V","F","R","S","S","V","L","H","S","T","Q","D","L","F","L","P","F","F","S","N","V","T","W","F","H","A","I","H","V","S","G","T","N","G","T","K","R","F","D","N","P","V","L","P","F","N","D","G","V","Y","F","A","S","T","E","K","S","N","I","I","R","G","W","I","F","G","T","T","L","D","S","K","T","Q","S","L","L","I","V","N","N","A","T","N","V","V","I","K","V","C","E","F","Q","F","C","N","D","P","F","L","G","V","Y","Y","H","K","N","N","K","S","W","T","E","S","E","F","R","V","Y","S","S","A","N","N","C","T","F","E","Y","V","S","Q","P","F","L","M","D","L","E","G","K","Q","G","N","F","K","N","L","R","E","F","V","F","K","N","I","D","G","Y","F","K","I","Y","S","K","H","T","P","I","N","L","V","R","D","L","P","Q","G","F","S","A","L","E","P","L","V","D","L","P","I","G","I","N","I","T","R","F","Q","T","L","L","A","L","H","R","S","Y","L","T","P","G","D","S","S","S","G","W","T","A","G","A","A","A","Y","Y","V","G","Y","L","Q","P","R","T","F","L","L","K","Y","N","E","N","G","T","I","T","D","A","V","D","C","A","L","D","P","L","S","E","T","K","C","T","L","K","S","F","T","V","E","K","G","I","Y","Q","T","S","N","F","R","V","Q","P","T","E","S","I","V","R","F","P","N","I","T","N","L","C","P","F","G","E","V","F","N","A","T","R","F","A","S","V","Y","A","W","N","R","K","R","I","S","N","C","V","A","D","Y","S","V","L","Y","N","S","A","S","F","S","T","F","K","C","Y","G","V","S","P","T","K","L","N","D","L","C","F","T","N","V","Y","A","D","S","F","V","I","R","G","D","E","V","R","Q","I","A","P","G","Q","T","G","K","I","A","D","Y","N","Y","K","L","P","D","D","F","T","G","C","V","I","A","W","N","S","N","N","L","D","S","K","V","G","G","N","Y","N","Y","L","Y","R","L","F","R","K","S","N","L","K","P","F","E","R","D","I","S","T","E","I","Y","Q","A","G","S","T","P","C","N","G","V","E","G","F","N","C","Y","F","P","L","Q","S","Y","G","F","Q","P","T","N","G","V","G","Y","Q","P","Y","R","V","V","V","L","S","F","E","L","L","H","A","P","A","T","V","C","G","P","K","K","S","T","N","L","V","K","N","K","C","V","N","F","N","F","N","G","L","T","G","T","G","V","L","T","E","S","N","K","K","F","L","P","F","Q","Q","F","G","R","D","I","A","D","T","T","D","A","V","R","D","P","Q","T","L","E","I","L","D","I","T","P","C","S","F","G","G","V","S","V","I","T","P","G","T","N","T","S","N","Q","V","A","V","L","Y","Q","G","V","N","C","T","E","V","P","V","A","I","H","A","D","Q","L","T","P","T","W","R","V","Y","S","T","G","S","N","V","F","Q","T","R","A","G","C","L","I","G","A","E","H","V","N","N","S","Y","E","C","D","I","P","I","G","A","G","I","C","A","S","Y","Q","T","Q","T","N","S","P","R","R","A","R","S","V","A","S","Q","S","I","I","A","Y","T","M","S","L","G","A","E","N","S","V","A","Y","S","N","N","S","I","A","I","P","T","N","F","T","I","S","V","T","T","E","I","L","P","V","S","M","T","K","T","S","V","D","C","T","M","Y","I","C","G","D","S","T","E","C","S","N","L","L","L","Q","Y","G","S","F","C","T","Q","L","N","R","A","L","T","G","I","A","V","E","Q","D","K","N","T","Q","E","V","F","A","Q","V","K","Q","I","Y","K","T","P","P","I","K","D","F","G","G","F","N","F","S","Q","I","L","P","D","P","S","K","P","S","K","R","S","F","I","E","D","L","L","F","N","K","V","T","L","A","D","A","G","F","I","K","Q","Y","G","D","C","L","G","D","I","A","A","R","D","L","I","C","A","Q","K","F","N","G","L","T","V","L","P","P","L","L","T","D","E","M","I","A","Q","Y","T","S","A","L","L","A","G","T","I","T","S","G","W","T","F","G","A","G","A","A","L","Q","I","P","F","A","M","Q","M","A","Y","R","F","N","G","I","G","V","T","Q","N","V","L","Y","E","N","Q","K","L","I","A","N","Q","F","N","S","A","I","G","K","I","Q","D","S","L","S","S","T","A","S","A","L","G","K","L","Q","D","V","V","N","Q","N","A","Q","A","L","N","T","L","V","K","Q","L","S","S","N","F","G","A","I","S","S","V","L","N","D","I","L","S","R","L","D","K","V","E","A","E","V","Q","I","D","R","L","I","T","G","R","L","Q","S","L","Q","T","Y","V","T","Q","Q","L","I","R","A","A","E","I","R","A","S","A","N","L","A","A","T","K","M","S","E","C","V","L","G","Q","S","K","R","V","D","F","C","G","K","G","Y","H","L","M","S","F","P","Q","S","A","P","H","G","V","V","F","L","H","V","T","Y","V","P","A","Q","E","K","N","F","T","T","A","P","A","I","C","H","D","G","K","A","H","F","P","R","E","G","V","F","V","S","N","G","T","H","W","F","V","T","Q","R","N","F","Y","E","P","Q","I","I","T","T","D","N","T","F","V","S","G","N","C","D","V","V","I","G","I","V","N","N","T","V","Y","D","P","L","Q","P","E","L","D","S","F","K","E","E","L","D","K","Y","F","K","N","H","T","S","P","D","V","D","L","G","D","I","S","G","I","N","A","S","V","V","N","I","Q","K","E","I","D","R","L","N","E","V","A","K","N","L","N","E","S","L","I","D","L","Q","E","L","G","K","Y","E","Q","Y","I","K","W","P","W","Y","I","W","L","G","F","I","A","G","L","I","A","I","V","M","V","T","I","M","L","C","C","M","T","S","C","C","S","C","L","K","G","C","C","S","C","G","S","C","C","K","F","D","E","D","D","S","E","P","V","L","K","G","V","K","L","H","Y","T","---"
"New.hCoV.19.Japan.PG.14783.2020","M","F","V","F","L","V","L","L","P","L","V","S","S","Q","C","V","N","L","T","T","R","T","Q","L","P","P","A","Y","T","N","S","F","T","R","G","V","Y","Y","P","D","K","V","F","R","S","S","V","L","H","S","T","Q","D","L","F","L","P","F","F","S","N","V","T","W","F","H","A","I","H","V","S","G","T","N","G","T","K","R","F","D","N","P","V","L","P","F","N","D","G","V","Y","F","A","S","T","E","K","S","N","I","I","R","G","W","I","F","G","T","T","L","D","S","K","T","Q","S","L","L","I","V","N","N","A","T","N","V","V","I","K","V","C","E","F","Q","F","C","N","D","P","F","L","G","V","Y","Y","H","K","N","N","K","S","W","M","E","S","E","F","R","V","Y","S","S","A","N","N","C","T","F","E","Y","V","S","Q","P","F","L","M","D","L","E","G","K","Q","G","N","F","K","N","L","R","E","F","V","F","K","N","I","D","G","Y","F","K","I","Y","S","K","H","T","P","I","N","L","V","R","D","L","P","Q","G","F","S","A","L","E","P","L","V","D","L","P","I","G","I","N","I","T","R","F","Q","T","L","L","A","L","H","R","S","Y","L","T","P","G","D","S","S","S","G","W","T","A","G","A","A","A","Y","Y","V","G","Y","L","Q","P","R","T","F","L","L","K","Y","N","E","N","G","T","I","T","D","A","V","D","C","A","L","D","P","L","S","E","T","K","C","T","L","K","S","F","T","V","E","K","G","I","Y","Q","T","S","N","F","R","V","Q","P","T","E","S","I","V","R","F","P","N","I","T","N","L","C","P","F","G","E","V","F","N","A","T","R","F","A","S","V","Y","A","W","N","R","K","R","I","S","N","C","V","A","D","Y","S","V","L","Y","N","S","A","S","F","S","T","F","K","C","Y","G","V","S","P","T","K","L","N","D","L","C","F","T","N","V","Y","A","D","S","F","V","I","R","G","D","E","V","R","Q","I","A","P","G","Q","T","G","K","I","A","D","Y","N","Y","K","L","P","D","D","F","T","G","C","V","I","A","W","N","S","N","N","L","D","S","K","V","G","G","N","Y","N","Y","L","Y","R","L","F","R","K","S","N","L","K","P","F","E","R","D","I","S","T","E","I","Y","Q","A","G","S","T","P","C","N","G","V","E","G","F","N","C","Y","F","P","L","Q","S","Y","G","F","Q","P","T","N","G","V","G","Y","Q","P","Y","R","V","V","V","L","S","F","E","L","L","H","A","P","A","T","V","C","G","P","K","K","S","T","N","L","V","K","N","K","C","V","N","F","N","F","N","G","L","T","G","T","G","V","L","T","E","S","N","K","K","F","L","P","F","Q","Q","F","G","R","D","I","A","D","T","T","D","A","V","R","D","P","Q","T","L","E","I","L","D","I","T","P","C","S","F","G","G","V","S","V","I","T","P","G","T","N","T","S","N","Q","V","A","V","L","Y","Q","G","V","N","C","T","E","V","P","V","A","I","H","A","D","Q","L","T","P","T","W","R","V","Y","S","T","G","S","N","V","F","Q","T","R","A","G","C","L","I","G","A","E","H","V","N","N","S","Y","E","C","D","I","P","I","G","A","G","I","C","A","S","Y","H","T","Q","T","N","S","P","R","R","A","R","S","V","A","S","Q","S","I","I","A","Y","T","M","S","L","G","A","E","N","S","V","A","Y","S","N","N","S","I","A","I","P","T","N","F","T","I","S","V","T","T","E","I","L","P","V","S","M","T","K","T","S","V","D","C","T","M","Y","I","C","G","D","S","T","E","C","S","N","L","L","L","Q","Y","G","S","F","C","T","Q","L","N","R","A","L","T","G","I","A","V","E","Q","D","K","N","T","Q","E","V","F","A","Q","V","K","Q","I","Y","K","T","P","P","I","K","D","F","G","G","F","N","F","S","Q","I","L","P","D","P","S","K","P","S","K","R","S","F","I","E","D","L","L","F","N","K","V","T","L","A","D","A","G","F","I","K","Q","Y","G","D","C","L","G","D","I","A","A","R","D","L","I","C","A","Q","K","F","N","G","L","T","V","L","P","P","L","L","T","D","E","M","I","A","Q","Y","T","S","A","L","L","A","G","T","I","T","S","G","W","T","F","G","A","G","A","A","L","Q","I","P","F","A","M","Q","M","A","Y","R","F","N","G","I","G","V","T","Q","N","V","L","Y","E","N","Q","K","L","I","A","N","Q","F","N","S","A","I","G","K","I","Q","D","S","L","S","S","T","A","S","A","L","G","K","L","Q","D","V","V","N","Q","N","A","Q","A","L","N","T","L","V","K","Q","L","S","S","N","F","G","A","I","S","S","V","L","N","D","I","L","S","R","L","D","K","V","E","A","E","V","Q","I","D","R","L","I","T","G","R","L","Q","S","L","Q","T","Y","V","T","Q","Q","L","I","R","A","A","E","I","R","A","S","A","N","L","A","A","T","K","M","S","E","C","V","L","G","Q","S","K","R","V","D","F","C","G","K","G","Y","H","L","M","S","F","P","Q","S","A","P","H","G","V","V","F","L","H","V","T","Y","V","P","A","Q","E","K","N","F","T","T","A","P","A","I","C","H","D","G","K","A","H","F","P","R","E","G","V","F","V","S","N","G","T","H","W","F","V","T","Q","R","N","F","Y","E","P","Q","I","I","T","T","D","N","T","F","V","S","G","N","C","D","V","V","I","G","I","V","N","N","T","V","Y","D","P","L","Q","P","E","L","D","S","F","K","E","E","L","D","K","Y","F","K","N","H","T","S","P","D","V","D","L","G","D","I","S","G","I","N","A","S","V","V","N","I","Q","K","E","I","D","R","L","N","E","V","A","K","N","L","N","E","S","L","I","D","L","Q","E","L","G","K","Y","E","Q","Y","I","K","W","P","W","Y","I","W","L","G","F","I","A","G","L","I","A","I","V","M","V","T","I","M","L","C","C","M","T","S","C","C","S","C","L","K","G","C","C","S","C","G","S","C","C","K","F","D","E","D","D","S","E","P","V","L","K","G","V","K","L","H","Y","T","---"
"New.hCoV.19.Japan.PG.13163.2020","M","F","V","F","L","V","L","L","P","L","V","S","S","Q","C","V","N","L","T","T","R","T","Q","L","P","P","A","Y","T","N","S","F","T","R","G","V","Y","Y","P","D","K","V","F","R","S","S","V","L","H","S","T","Q","D","L","F","L","P","F","F","S","N","V","T","W","F","H","A","I","H","V","S","G","T","N","G","T","K","S","F","D","N","P","V","L","P","F","N","D","G","V","Y","F","A","S","T","E","K","S","N","I","I","R","G","W","I","F","G","T","T","L","D","S","K","T","Q","S","L","L","I","V","N","N","A","T","N","V","V","I","K","V","C","E","F","Q","F","C","N","D","P","F","L","G","V","Y","Y","H","K","N","N","K","S","W","M","E","S","E","F","R","V","Y","S","S","A","N","N","C","T","F","E","Y","V","S","Q","P","F","L","M","D","L","E","G","K","Q","G","N","F","K","N","L","R","E","F","V","F","K","N","I","D","G","Y","F","K","I","Y","S","K","H","T","P","I","N","L","V","R","D","L","P","Q","G","F","S","A","L","E","P","L","V","D","L","P","I","G","I","N","I","T","R","F","Q","T","L","L","A","L","H","R","S","Y","L","T","P","G","D","S","S","S","G","W","T","A","S","A","A","A","Y","Y","V","G","Y","L","Q","P","R","T","F","L","L","K","Y","N","E","N","G","T","I","T","D","A","V","D","C","A","L","D","P","L","S","E","T","K","C","T","L","K","S","F","T","V","E","K","G","I","Y","Q","T","S","N","F","R","V","Q","P","T","E","S","I","V","R","F","P","N","I","T","N","L","C","P","F","G","E","V","F","N","A","T","R","F","A","S","V","Y","A","W","N","R","K","R","I","S","N","C","V","A","D","Y","S","V","L","Y","N","S","A","S","F","S","T","F","K","C","Y","G","V","S","P","T","K","L","N","D","L","C","F","T","N","V","Y","A","D","S","F","V","I","R","G","D","E","V","R","Q","I","A","P","G","Q","T","G","K","I","A","D","Y","N","Y","K","L","P","D","D","F","T","G","C","V","I","A","W","N","S","N","N","L","D","S","K","V","G","G","N","Y","N","Y","L","Y","R","L","F","R","K","S","N","L","K","P","F","E","R","D","I","S","T","E","I","Y","Q","A","G","S","T","P","C","N","G","V","E","G","F","N","C","Y","F","P","L","Q","S","Y","G","F","Q","P","T","N","G","V","G","Y","Q","P","Y","R","V","V","V","L","S","F","E","L","L","H","A","P","A","T","V","C","G","P","K","K","S","T","N","L","V","K","N","K","C","V","N","F","N","F","N","G","L","T","G","T","G","V","L","T","E","S","N","K","K","F","L","P","F","Q","Q","F","G","R","D","I","A","D","T","T","D","A","V","R","D","P","Q","T","L","E","I","L","D","I","T","P","C","S","F","G","G","V","S","V","I","T","P","G","T","N","T","S","N","Q","V","A","V","L","Y","Q","G","V","N","C","T","E","V","P","V","A","I","H","A","D","Q","L","T","P","T","W","R","V","Y","S","T","G","S","N","V","F","Q","T","R","A","G","C","L","I","G","A","E","H","V","N","N","S","Y","E","C","D","I","P","I","G","A","G","I","C","A","S","Y","Q","T","Q","T","N","S","P","R","R","A","R","S","V","A","S","Q","S","I","I","A","Y","T","M","S","L","G","A","E","N","S","V","A","Y","S","N","N","S","I","A","I","P","T","N","F","T","I","S","V","T","T","E","I","L","P","V","S","M","T","K","T","S","V","D","C","T","M","Y","I","C","G","D","S","T","E","C","S","N","L","L","L","Q","Y","G","S","F","C","T","Q","L","N","R","A","L","T","G","I","A","V","E","Q","D","K","N","T","Q","E","V","F","A","Q","V","K","Q","I","Y","K","T","P","P","I","K","D","F","G","G","F","N","F","S","Q","I","L","P","D","P","S","K","P","S","K","R","S","F","I","E","D","L","L","F","N","K","V","T","L","A","D","A","G","F","I","K","Q","Y","G","D","C","L","G","D","I","A","A","R","D","L","I","C","A","Q","K","F","N","G","L","T","V","L","P","P","L","L","T","D","E","M","I","A","Q","Y","T","S","A","L","L","A","G","T","I","T","S","G","W","T","F","G","A","G","A","A","L","Q","I","P","F","A","M","Q","M","A","Y","R","F","N","G","I","G","V","T","Q","N","V","L","Y","E","N","Q","K","L","I","A","N","Q","F","N","S","A","I","G","K","I","Q","D","S","L","S","S","T","A","S","A","L","G","K","L","Q","D","V","V","N","Q","N","A","Q","A","L","N","T","L","V","K","Q","L","S","S","N","F","G","A","I","S","S","V","L","N","D","I","L","S","R","L","D","K","V","E","A","E","V","Q","I","D","R","L","I","T","G","R","L","Q","S","L","Q","T","Y","V","T","Q","Q","L","I","R","A","A","E","I","R","A","S","A","N","L","A","A","T","K","M","S","E","C","V","L","G","Q","S","K","R","V","D","F","C","G","K","G","Y","H","L","M","S","F","P","Q","S","A","P","H","G","V","V","F","L","H","V","T","Y","V","P","A","Q","E","K","N","F","T","T","A","P","A","I","C","H","D","G","K","A","H","F","P","R","E","G","V","F","V","S","N","G","T","H","W","F","V","T","Q","R","N","F","Y","E","P","Q","I","I","T","T","D","N","T","F","V","S","G","N","C","D","V","V","I","G","I","V","N","N","T","V","Y","D","P","L","Q","P","E","L","D","S","F","K","E","E","L","D","K","Y","F","K","N","H","T","S","P","D","V","D","L","G","D","I","S","G","I","N","A","S","V","V","N","I","Q","K","E","I","D","R","L","N","E","V","A","K","N","L","N","E","S","L","I","D","L","Q","E","L","G","K","Y","E","Q","Y","I","K","W","P","W","Y","I","W","L","G","F","I","A","G","L","I","A","I","V","M","V","T","I","M","L","C","C","M","T","S","C","C","S","C","L","K","G","C","C","S","C","G","S","C","C","K","F","D","E","D","D","S","E","P","V","L","K","G","V","K","L","H","Y","T","---"
"New.hCoV.19.Japan.PG.17039.2020","M","F","V","F","L","V","L","L","P","L","V","S","S","Q","C","V","N","L","T","T","R","T","Q","L","P","P","A","Y","T","N","S","F","T","R","G","V","Y","Y","P","D","K","V","F","R","S","S","V","L","H","S","T","Q","D","L","F","L","P","F","F","S","N","V","T","W","F","H","A","I","H","V","S","G","T","N","G","T","K","R","F","D","N","P","V","L","P","F","N","D","G","V","Y","F","A","S","T","E","K","S","N","I","I","R","G","W","I","F","G","T","T","L","D","S","K","T","Q","S","L","L","I","V","N","N","A","T","N","V","V","I","K","V","C","E","F","Q","F","C","N","D","P","F","L","G","V","Y","Y","H","K","N","N","K","S","W","M","E","S","E","F","R","V","Y","S","S","A","N","N","C","T","F","E","Y","V","S","Q","P","F","L","M","D","L","E","G","K","Q","G","N","F","K","N","L","R","E","F","V","F","K","N","I","D","G","Y","F","K","I","Y","S","K","H","T","P","I","N","L","V","R","D","L","P","Q","G","F","S","A","L","E","P","L","V","D","L","P","I","G","I","N","I","T","R","F","Q","T","L","L","A","L","H","R","S","Y","L","T","P","G","D","S","S","S","G","W","T","A","G","A","A","A","Y","Y","V","G","Y","L","Q","P","R","T","F","L","L","K","Y","N","E","N","G","T","I","T","D","A","V","D","C","A","L","D","P","L","S","E","T","K","C","T","L","K","S","F","T","V","E","K","G","I","Y","Q","T","S","N","F","R","V","Q","P","T","E","S","I","V","R","F","P","N","I","T","N","L","C","P","F","G","E","V","F","N","A","T","R","F","A","S","V","Y","A","W","N","R","K","R","I","S","N","C","V","A","D","Y","S","V","L","Y","N","S","A","S","F","S","T","F","K","C","Y","G","V","S","P","T","K","L","N","D","L","C","F","T","N","V","Y","A","D","S","F","V","I","R","G","D","E","V","R","Q","I","A","P","G","Q","T","G","K","I","A","D","Y","N","Y","K","L","P","D","D","F","T","G","C","V","I","A","W","N","S","N","N","L","D","S","K","V","G","G","N","Y","N","Y","L","Y","R","L","F","R","K","S","N","L","K","P","F","E","R","D","I","S","T","E","I","Y","Q","A","G","S","T","P","C","N","G","V","E","G","F","N","C","Y","F","P","L","Q","S","Y","G","F","Q","P","T","N","G","V","G","Y","Q","P","Y","R","V","V","V","L","S","F","E","L","L","H","A","P","A","T","V","C","G","P","K","K","S","T","N","L","V","K","N","K","C","V","N","F","N","F","N","G","L","T","G","T","G","V","L","T","E","S","N","K","K","F","L","P","F","Q","Q","F","G","R","D","I","A","D","T","T","D","A","V","R","D","P","Q","T","L","E","I","L","D","I","T","P","C","S","F","G","G","V","S","V","I","T","P","G","T","N","T","S","N","Q","V","A","V","L","Y","Q","G","V","N","C","T","E","V","P","V","A","I","H","A","D","Q","L","T","P","T","W","R","V","Y","S","T","G","S","N","V","F","Q","T","R","A","G","C","L","I","G","A","E","H","V","N","N","S","Y","E","C","D","I","P","I","G","A","G","I","C","A","S","Y","H","T","Q","T","N","S","P","R","R","A","R","S","V","A","S","Q","S","I","I","A","Y","T","M","S","L","G","A","E","N","S","V","A","Y","S","N","N","S","I","A","I","P","T","N","F","T","I","S","V","T","T","E","I","L","P","V","S","M","T","K","T","S","V","D","C","T","M","Y","I","C","G","D","S","T","E","C","S","N","L","L","L","Q","Y","G","S","F","C","T","Q","L","N","R","A","L","T","G","I","A","V","E","Q","D","K","N","T","Q","E","V","F","A","Q","V","K","Q","I","Y","K","T","P","P","I","K","D","F","G","G","F","N","F","S","Q","I","L","P","D","P","S","K","P","S","K","R","S","F","I","E","D","L","L","F","N","K","V","T","L","A","D","A","G","F","I","K","Q","Y","G","D","C","L","G","D","I","A","A","R","D","L","I","C","A","Q","K","F","N","G","L","T","V","L","P","P","L","L","T","D","E","M","I","A","Q","Y","T","S","A","L","L","A","G","T","I","T","S","G","W","T","F","G","A","G","A","A","L","Q","I","P","F","A","M","Q","M","A","Y","R","F","N","G","I","G","V","T","Q","N","V","L","Y","E","N","Q","K","L","I","A","N","Q","F","N","S","A","I","G","K","I","Q","D","S","L","S","S","T","A","S","A","L","G","K","L","Q","D","V","V","N","Q","N","A","Q","A","L","N","T","L","V","K","Q","L","S","S","N","F","G","A","I","S","S","V","L","N","D","I","L","S","R","L","D","K","V","E","A","E","V","Q","I","D","R","L","I","T","G","R","L","Q","S","L","Q","T","Y","V","T","Q","Q","L","I","R","A","A","E","I","R","A","S","A","N","L","A","A","T","K","M","S","E","C","V","L","G","Q","S","K","R","V","D","F","C","G","K","G","Y","H","L","M","S","F","P","Q","S","A","P","H","G","V","V","F","L","H","V","T","Y","V","P","A","Q","E","K","N","F","T","T","A","P","A","I","C","H","D","G","K","A","H","F","P","R","E","G","V","F","V","S","N","G","T","H","W","F","V","T","Q","R","N","F","Y","E","P","Q","I","I","T","T","D","N","T","F","V","S","G","N","C","D","V","V","I","G","I","V","N","N","T","V","Y","D","P","L","Q","P","E","L","D","S","F","K","E","E","L","D","K","Y","F","K","N","H","T","S","P","D","V","D","L","G","D","I","S","G","I","N","A","S","V","V","N","I","Q","K","E","I","D","R","L","N","E","V","A","K","N","L","N","E","S","L","I","D","L","Q","E","L","G","K","Y","E","Q","Y","I","K","W","P","W","Y","I","W","L","G","F","I","A","G","L","I","A","I","V","M","V","T","I","M","L","C","C","M","T","S","C","C","S","C","L","K","G","C","C","S","C","G","S","C","C","K","F","D","E","D","D","S","E","P","V","L","K","G","V","K","L","H","Y","T","---"
"New.hCoV.19.Japan.PG.23815.2020","M","F","V","F","L","V","L","L","P","L","V","S","S","Q","C","V","N","L","T","T","R","T","Q","L","P","P","A","Y","T","N","S","F","T","R","G","V","Y","Y","P","D","K","V","F","R","S","S","V","L","H","S","T","Q","D","L","F","L","P","F","F","S","N","V","T","W","F","H","A","I","H","V","S","G","T","N","G","T","K","R","F","D","N","P","V","L","P","F","N","D","G","V","Y","F","A","S","T","E","K","S","N","I","I","R","G","W","I","F","G","T","T","L","D","S","K","T","Q","S","L","L","I","V","N","N","A","T","N","V","V","I","K","V","C","E","F","Q","F","C","N","D","P","F","L","G","V","Y","Y","H","K","N","N","K","S","W","M","E","S","E","F","R","V","Y","S","S","A","N","N","C","T","F","E","Y","V","S","Q","P","F","L","M","D","L","E","G","K","Q","G","N","F","K","N","L","R","E","F","V","F","K","N","I","D","G","Y","F","K","I","Y","S","K","H","T","P","I","N","L","V","R","D","L","P","Q","G","F","L","A","L","E","P","L","V","D","L","P","I","G","I","N","I","T","R","F","Q","T","L","L","A","L","H","R","S","Y","L","T","P","G","D","S","S","S","G","W","T","A","G","A","A","A","Y","Y","V","G","Y","L","Q","P","R","T","F","L","L","K","Y","N","E","N","G","T","I","T","D","A","V","D","C","A","L","D","P","L","S","E","T","K","C","T","L","K","S","F","T","V","E","K","G","I","Y","Q","T","S","N","F","R","V","Q","P","T","E","S","I","V","R","F","P","N","I","T","N","L","C","P","F","G","E","V","F","N","A","T","R","F","A","S","V","Y","A","W","N","R","K","R","I","S","N","C","V","A","D","Y","S","V","L","Y","N","S","A","S","F","S","T","F","K","C","Y","G","V","S","P","T","K","L","N","D","L","C","F","T","N","V","Y","A","D","S","F","V","I","R","G","D","E","V","R","Q","I","A","P","G","Q","T","G","K","I","A","D","Y","N","Y","K","L","P","D","D","F","T","G","C","V","I","A","W","N","S","N","N","L","D","S","K","V","G","G","N","Y","N","Y","L","Y","R","L","F","R","K","S","N","L","K","P","F","E","R","D","I","S","T","E","I","Y","Q","A","G","S","T","P","C","N","G","V","E","G","F","N","C","Y","F","P","L","Q","S","Y","G","F","Q","P","T","N","G","V","G","Y","Q","P","Y","R","V","V","V","L","S","F","E","L","L","H","A","P","A","T","V","C","G","P","K","K","S","T","N","L","V","K","N","K","C","V","N","F","N","F","N","G","L","T","G","T","G","V","L","T","E","S","N","K","K","F","L","P","F","Q","Q","F","G","R","D","I","A","D","T","T","D","A","V","R","D","P","Q","T","L","E","I","L","D","I","T","P","C","S","F","G","G","V","S","V","I","T","P","G","T","N","T","S","N","Q","V","A","V","L","Y","Q","G","V","N","C","T","E","V","P","V","A","I","H","A","D","Q","L","T","P","T","W","R","V","Y","S","T","G","S","N","V","F","Q","T","R","A","G","C","L","I","G","A","E","H","V","N","N","S","Y","E","C","D","I","P","I","G","A","G","I","C","A","S","Y","Q","T","Q","T","N","S","P","R","R","A","R","S","V","A","S","Q","S","I","I","A","Y","T","M","S","L","G","A","E","N","S","V","A","Y","S","N","N","S","I","A","I","P","T","N","F","T","I","S","V","T","T","E","I","L","P","V","S","M","T","K","T","S","V","D","C","T","M","Y","I","C","G","D","S","T","E","C","S","N","L","L","L","Q","Y","G","S","F","C","T","Q","L","N","R","A","L","T","G","I","A","V","E","Q","D","K","N","T","Q","E","V","F","A","Q","V","K","Q","I","Y","K","T","P","P","I","K","D","F","G","G","F","N","F","S","Q","I","L","P","D","P","S","K","P","S","K","R","S","F","I","E","D","L","L","F","N","K","V","T","L","A","D","A","G","F","I","K","Q","Y","G","D","C","L","G","D","I","A","A","R","D","L","I","C","A","Q","K","F","N","G","L","T","V","L","P","P","L","L","T","D","E","M","I","A","Q","Y","T","S","A","L","L","A","G","T","I","T","S","G","W","T","F","G","A","G","A","A","L","Q","I","P","F","A","M","Q","M","A","Y","R","F","N","G","I","G","V","T","Q","N","V","L","Y","E","N","Q","K","L","I","A","N","Q","F","N","S","A","I","G","K","I","Q","D","S","L","S","S","T","A","S","A","L","G","K","L","Q","D","V","V","N","Q","N","A","Q","A","L","N","T","L","V","K","Q","L","S","S","N","F","G","A","I","S","S","V","L","N","D","I","L","S","R","L","D","K","V","E","A","E","V","Q","I","D","R","L","I","T","G","R","L","Q","S","L","Q","T","Y","V","T","Q","Q","L","I","R","A","A","E","I","R","A","S","A","N","L","A","A","T","K","M","S","E","C","V","L","G","Q","S","K","R","V","D","F","C","G","K","G","Y","H","L","M","S","F","P","Q","S","A","P","H","G","V","V","F","L","H","V","T","Y","V","P","A","Q","E","K","N","F","T","T","A","P","A","I","C","H","D","G","K","A","H","F","P","R","E","G","V","F","V","S","N","G","T","H","W","F","V","T","Q","R","N","F","Y","E","P","Q","I","I","T","T","D","N","T","F","V","S","G","N","C","D","V","V","I","G","I","V","N","N","T","V","Y","D","P","L","Q","P","E","L","D","S","F","K","E","E","L","D","K","Y","F","K","N","H","T","S","P","D","V","D","L","G","D","I","S","G","I","N","A","S","V","V","N","I","Q","K","E","I","D","R","L","N","E","V","A","K","N","L","N","E","S","L","I","D","L","Q","E","L","G","K","Y","E","Q","Y","I","K","W","P","W","Y","I","W","L","G","F","I","A","G","L","I","A","I","V","M","V","T","I","M","L","C","C","M","T","S","C","C","S","C","L","K","G","C","C","S","C","G","S","C","C","K","F","D","E","D","D","S","E","P","V","L","K","G","V","K","L","H","Y","T","---"
"New.hCoV.19.Japan.PG.14960.2020","M","F","V","F","L","V","L","L","P","L","V","S","S","Q","C","V","N","L","T","T","R","T","Q","L","P","P","A","Y","T","N","S","F","T","R","G","V","Y","Y","P","D","K","V","F","R","S","S","V","L","H","S","T","Q","D","L","F","L","P","F","F","S","N","V","T","W","F","H","A","I","H","V","S","G","T","N","G","T","K","R","F","D","N","P","V","L","P","F","N","D","G","V","Y","F","A","S","T","E","K","S","N","I","I","R","G","W","I","F","G","T","T","L","D","S","K","T","Q","S","L","L","I","V","N","N","A","T","N","V","V","I","K","V","C","E","F","Q","F","C","N","D","P","F","L","G","V","Y","Y","H","K","N","N","K","S","W","M","E","S","E","F","R","V","Y","S","S","A","N","N","C","T","F","E","Y","V","S","Q","P","F","L","M","D","L","E","G","K","Q","G","N","F","K","N","L","R","E","F","V","F","K","N","I","D","G","Y","F","K","I","Y","S","K","H","T","P","I","N","L","V","R","D","L","P","Q","G","F","S","A","L","E","P","L","V","D","L","P","I","G","I","N","I","T","R","F","Q","T","L","L","A","L","H","R","S","Y","L","T","P","G","D","S","S","S","G","W","T","A","G","A","A","A","Y","Y","V","G","Y","L","Q","P","R","T","F","L","L","K","Y","N","E","N","G","T","I","T","D","A","V","D","C","A","L","D","P","L","S","E","T","K","C","T","L","K","S","F","T","V","E","K","G","I","Y","Q","T","S","N","F","R","V","Q","P","T","E","S","I","V","R","F","P","N","I","T","N","L","C","P","F","G","E","V","F","N","A","T","R","F","A","S","V","Y","A","W","N","R","K","R","I","S","N","C","V","A","D","Y","S","V","L","Y","N","S","A","S","F","S","T","F","K","C","Y","G","V","S","P","T","K","L","N","D","L","C","F","T","N","V","Y","A","D","S","F","V","I","R","G","D","E","V","R","Q","I","A","P","G","Q","T","G","K","I","A","D","Y","N","Y","K","L","P","D","D","F","T","G","C","V","I","A","W","N","S","N","N","L","D","S","K","V","G","G","N","Y","N","Y","L","Y","R","L","F","R","K","S","N","L","K","P","F","E","R","D","I","S","T","E","I","Y","Q","A","G","S","T","P","C","N","G","V","E","G","F","N","C","Y","F","P","L","Q","S","Y","G","F","Q","P","T","N","G","V","G","Y","Q","P","Y","R","V","V","V","L","S","F","E","L","L","H","A","P","A","T","V","C","G","P","K","K","S","T","N","L","V","K","N","K","C","V","N","F","N","F","N","G","L","T","G","T","G","V","L","T","E","S","N","K","K","F","L","P","F","Q","Q","F","G","R","D","I","A","D","T","T","D","A","V","R","D","P","Q","T","L","E","I","L","D","I","T","P","C","S","F","G","G","V","S","V","I","T","P","G","T","N","T","S","N","Q","V","A","V","L","Y","Q","G","V","N","C","T","E","V","P","V","A","I","H","A","D","Q","L","T","P","T","W","R","V","Y","S","T","G","S","N","V","F","Q","T","R","A","G","C","L","I","G","A","E","H","V","N","N","S","Y","E","C","D","I","P","I","G","A","G","I","C","A","S","Y","Q","T","Q","T","N","S","P","R","R","A","R","S","V","A","S","Q","S","I","I","A","Y","T","M","S","L","G","A","E","N","S","V","A","Y","S","N","N","S","I","A","I","P","T","N","F","T","I","S","V","T","T","E","I","L","P","V","S","M","T","K","T","S","V","D","C","T","M","Y","I","C","G","D","S","T","E","C","S","N","L","L","L","Q","Y","G","S","F","C","T","Q","L","N","R","A","L","T","G","I","A","V","E","Q","D","K","N","T","Q","E","V","F","A","Q","V","K","Q","I","Y","K","T","P","P","I","K","D","F","G","G","F","N","F","S","Q","I","L","P","D","P","S","K","P","S","K","R","S","F","I","E","D","L","L","F","N","K","V","T","L","A","D","A","G","F","I","K","Q","Y","G","D","C","L","G","D","I","A","A","R","D","L","I","C","A","Q","K","F","N","G","L","T","V","L","P","P","L","L","T","D","E","M","I","A","Q","Y","T","S","A","L","L","A","G","T","I","T","S","G","W","T","F","G","A","G","A","A","L","Q","I","P","F","A","M","Q","M","A","Y","R","F","N","G","I","G","V","T","Q","N","V","L","Y","E","N","Q","K","L","I","A","N","Q","F","N","S","A","I","G","K","I","Q","D","S","L","S","S","T","A","S","A","L","G","K","L","Q","D","V","V","N","Q","N","A","Q","A","L","N","T","L","V","K","Q","L","S","S","N","F","G","A","I","S","S","V","L","N","D","I","L","S","R","L","D","K","V","E","A","E","V","Q","I","D","R","L","I","T","G","R","L","Q","S","L","Q","T","Y","V","T","Q","Q","L","I","R","A","A","E","I","R","A","S","A","N","L","A","A","T","K","M","S","E","C","V","L","G","Q","S","K","R","V","D","F","C","G","K","G","Y","H","L","M","S","F","P","Q","S","A","P","H","G","V","V","F","L","H","V","T","Y","V","P","A","Q","E","K","N","F","T","T","A","P","A","I","C","H","D","G","K","A","H","F","P","R","E","G","V","F","V","S","N","G","T","H","W","F","V","T","Q","R","N","F","Y","E","P","Q","I","I","T","T","D","N","T","F","V","S","G","N","C","D","V","V","I","G","I","V","N","N","T","V","Y","D","P","L","Q","P","E","L","D","S","F","K","E","E","L","D","K","Y","F","K","N","H","T","S","P","D","V","D","L","G","D","I","S","G","I","N","A","S","V","V","N","I","Q","K","E","I","D","R","L","N","E","V","A","K","N","L","N","E","S","L","I","D","L","Q","E","L","G","K","Y","E","Q","Y","I","K","W","P","W","Y","I","W","L","G","F","I","A","G","L","I","A","I","V","M","V","T","I","M","L","C","C","M","T","S","C","C","S","C","L","K","G","C","C","S","C","G","S","C","C","K","F","D","E","D","D","S","E","P","V","L","K","G","V","K","L","H","Y","T","---"
"New.hCoV.19.Japan.FK0195.2020","M","F","V","F","L","V","L","L","P","L","V","S","S","Q","C","V","N","L","T","T","R","T","Q","L","P","P","A","Y","T","N","S","F","T","R","G","V","Y","Y","P","D","K","V","F","R","S","S","V","L","H","S","T","Q","D","L","F","L","P","F","F","S","N","V","T","W","F","H","A","I","H","V","S","G","T","N","G","T","K","R","F","D","N","P","V","L","P","F","N","D","G","V","Y","F","A","S","T","E","K","S","N","I","I","R","G","W","I","F","G","T","T","L","D","S","K","T","Q","S","L","L","I","V","N","N","A","T","N","V","V","I","K","V","C","E","F","Q","F","C","N","D","P","F","L","G","V","Y","Y","H","K","N","N","K","S","W","M","E","S","E","F","R","V","Y","S","S","A","N","N","C","T","F","E","Y","V","S","Q","P","F","L","M","D","L","E","G","K","Q","G","N","F","K","N","L","R","E","F","V","F","K","N","I","D","G","Y","F","K","I","Y","S","K","H","T","P","I","N","L","V","R","D","L","P","Q","G","F","S","A","L","E","P","L","V","D","L","P","I","G","I","N","I","T","R","F","Q","T","L","L","A","L","H","R","S","Y","L","T","P","G","D","S","S","S","G","W","T","A","G","A","A","A","Y","Y","V","G","Y","L","Q","P","R","T","F","L","L","K","Y","N","E","N","G","T","I","T","D","A","V","D","C","A","L","D","P","L","S","E","T","K","C","T","L","K","S","F","---","---","---","---","---","---","---","---","---","---","---","---","---","---","Q","P","T","E","S","I","V","R","F","P","N","I","T","N","L","C","P","F","G","E","V","F","N","A","T","R","F","A","S","V","Y","A","W","N","R","K","R","I","S","N","C","V","A","D","Y","S","V","L","Y","N","S","A","S","F","S","T","F","K","C","Y","G","V","S","P","T","K","L","N","D","L","C","F","T","N","V","Y","A","D","S","F","V","I","R","G","D","E","V","R","Q","I","A","P","G","Q","T","G","K","I","A","D","Y","N","Y","K","L","P","D","D","F","T","G","C","V","I","A","W","N","S","N","N","L","D","S","K","V","G","G","N","Y","N","Y","L","Y","R","L","F","R","K","S","N","L","K","P","F","E","R","D","I","S","T","E","I","Y","Q","A","G","S","T","P","C","N","G","V","E","G","F","N","C","Y","F","P","L","Q","S","Y","G","F","Q","P","T","N","G","V","G","Y","Q","P","Y","R","V","V","V","L","S","F","E","L","L","H","A","P","A","T","V","C","G","P","K","K","S","T","N","L","V","K","N","K","C","V","N","F","N","F","N","G","L","T","G","T","G","V","L","T","E","S","N","K","K","F","L","P","F","Q","Q","F","G","R","D","I","A","D","T","T","D","A","V","R","D","P","Q","T","L","E","I","L","D","I","T","P","C","S","F","G","G","V","S","V","I","T","P","G","T","N","T","S","N","Q","V","A","V","L","Y","Q","G","V","N","C","T","E","V","P","V","A","I","H","A","D","Q","L","T","P","T","W","R","V","Y","S","T","G","S","N","V","F","Q","T","R","A","G","C","L","I","G","A","E","H","V","N","N","S","Y","E","C","D","I","P","I","G","A","G","I","C","A","S","Y","Q","T","Q","T","N","S","P","R","R","A","R","S","V","A","S","Q","S","I","I","A","Y","T","M","S","L","G","A","E","N","S","V","A","Y","S","N","N","S","I","A","I","P","T","N","F","T","I","S","V","T","T","E","I","L","P","V","S","M","T","K","T","S","V","D","C","T","M","Y","I","C","G","D","S","T","E","C","S","N","L","L","L","Q","Y","G","S","F","C","T","Q","L","N","R","A","L","T","G","I","A","V","E","Q","D","K","N","T","Q","E","V","F","A","Q","V","K","Q","I","Y","K","T","P","P","I","K","D","F","G","G","F","N","F","S","Q","I","L","P","D","P","S","K","P","S","K","R","S","F","I","E","D","L","L","F","N","K","V","T","L","A","D","A","G","F","I","K","Q","Y","G","D","C","L","G","D","I","A","A","R","D","L","I","C","A","Q","K","F","N","G","L","T","V","L","P","P","L","L","T","D","E","M","I","A","Q","Y","T","S","A","L","L","A","G","T","I","T","S","G","W","T","F","G","A","G","A","A","L","Q","I","P","F","A","M","Q","M","A","Y","R","F","N","G","I","G","V","T","Q","N","V","L","Y","E","N","Q","K","L","I","A","N","Q","F","N","S","A","I","G","K","I","Q","D","S","L","S","S","T","A","S","A","L","G","K","L","Q","D","V","V","N","Q","N","A","Q","A","L","N","T","L","V","K","Q","L","S","S","N","F","G","A","I","S","S","V","L","N","D","I","L","S","R","L","D","K","V","E","A","E","V","Q","I","D","R","L","I","T","G","R","L","Q","S","L","Q","T","Y","V","T","Q","Q","L","I","R","A","A","E","I","R","A","S","A","N","L","A","A","T","K","M","S","E","C","V","L","G","Q","S","K","R","V","D","F","C","G","K","G","Y","H","L","M","S","F","P","Q","S","A","P","H","G","V","V","F","L","H","V","T","Y","V","P","A","Q","E","K","N","F","T","T","A","P","A","I","C","H","D","G","K","A","H","F","P","R","E","G","V","F","V","S","N","G","T","H","W","F","V","T","Q","R","N","F","Y","E","P","Q","I","I","T","T","D","N","T","F","V","S","G","N","C","D","V","V","I","G","I","V","N","N","T","V","Y","D","P","L","Q","P","E","L","D","S","F","K","E","E","L","D","K","Y","F","K","N","H","T","S","P","D","V","D","L","G","D","I","S","G","I","N","A","S","V","V","N","I","Q","K","E","I","D","R","L","N","E","V","A","K","N","L","N","E","S","L","I","D","L","Q","E","L","G","K","Y","E","Q","Y","I","K","W","P","W","Y","I","W","L","G","F","I","A","G","L","I","A","I","V","M","V","T","I","M","L","C","C","M","T","S","C","C","S","C","L","K","G","C","C","S","C","G","S","C","C","K","F","D","E","D","D","S","E","P","V","L","K","G","V","K","L","H","Y","T","---"
"New.hCoV.19.Japan.RB21.001.48.2020","M","F","V","F","L","V","L","L","P","L","V","S","S","Q","C","V","N","L","T","T","R","T","Q","L","P","P","A","Y","T","N","S","F","T","R","G","V","Y","Y","P","D","K","V","F","R","S","S","V","L","H","S","T","Q","D","L","F","L","P","F","F","S","N","V","T","W","F","H","A","I","H","V","S","G","T","N","G","T","K","R","F","D","N","P","V","L","P","F","N","D","G","V","Y","F","A","S","T","E","K","S","N","I","I","R","G","W","I","F","G","T","T","L","D","S","K","T","Q","S","L","L","I","V","N","N","A","T","N","V","V","I","K","V","C","E","F","Q","F","C","N","D","P","F","L","G","V","Y","Y","H","K","N","N","K","S","W","M","E","S","E","F","R","V","Y","S","S","A","N","N","C","T","F","E","Y","V","S","Q","P","F","L","M","D","L","E","G","K","Q","G","N","F","K","N","L","R","E","F","V","F","K","N","I","D","G","Y","F","K","I","Y","S","K","H","T","P","I","N","L","V","R","D","L","P","Q","G","F","S","A","L","E","P","L","V","D","L","P","I","G","I","N","I","T","R","F","Q","T","L","L","A","L","H","R","S","Y","L","T","P","G","D","S","S","S","G","W","T","A","G","A","A","A","Y","Y","V","G","Y","L","Q","P","R","T","F","L","L","K","Y","N","E","N","G","T","I","T","D","A","V","D","C","A","L","D","P","L","S","E","T","K","C","T","L","K","S","F","T","V","E","K","G","I","Y","Q","T","S","N","F","R","V","Q","P","T","E","S","I","V","R","F","P","N","I","T","N","L","C","P","F","G","E","V","F","N","A","T","R","F","A","S","V","Y","A","W","N","R","K","R","I","S","N","C","V","A","D","Y","S","V","L","Y","N","S","A","S","F","S","T","F","K","C","Y","G","V","S","P","T","K","L","N","D","L","C","F","T","N","V","Y","A","D","S","F","V","I","R","G","D","E","V","R","Q","I","A","P","G","Q","T","G","K","I","A","D","Y","N","Y","K","L","P","D","D","F","T","G","C","V","I","A","W","N","S","N","N","L","D","S","K","V","G","G","N","Y","N","Y","L","Y","R","L","F","R","K","S","N","L","K","P","F","E","R","D","I","S","T","E","I","Y","Q","A","G","S","T","P","C","N","G","V","E","G","F","N","C","Y","F","P","L","Q","S","Y","G","F","Q","P","T","N","G","V","G","Y","Q","P","Y","R","V","V","V","L","S","F","E","L","L","H","A","P","A","T","V","C","G","P","K","K","S","T","N","L","V","K","N","K","C","V","N","F","N","F","N","G","L","T","G","T","G","V","L","T","E","S","N","K","K","F","L","P","F","Q","Q","F","G","R","D","I","A","D","T","T","D","A","V","R","D","P","Q","T","L","E","I","L","D","I","T","P","C","S","F","G","G","V","S","V","I","T","P","G","T","N","T","S","N","Q","V","A","V","L","Y","Q","G","V","N","C","T","E","V","P","V","A","I","H","A","D","Q","L","T","P","T","W","R","V","Y","S","T","G","S","N","V","F","Q","T","R","A","G","C","L","I","G","A","E","H","V","N","N","S","Y","E","C","D","I","P","I","G","A","G","I","C","A","S","Y","Q","T","Q","T","N","S","P","R","R","A","R","S","V","A","S","Q","S","I","I","A","Y","T","M","S","L","G","A","E","N","S","V","A","Y","S","N","N","S","I","A","I","P","T","N","F","T","I","S","V","T","T","E","I","L","P","V","S","M","T","K","T","S","V","D","C","T","M","Y","I","C","G","D","S","T","E","C","S","N","L","L","L","Q","Y","G","S","F","C","T","Q","L","N","R","A","L","T","G","I","A","V","E","Q","D","K","N","T","Q","E","V","F","A","Q","V","K","Q","I","Y","K","T","P","P","I","K","D","F","G","G","F","N","F","S","Q","I","L","P","D","P","S","K","P","S","K","R","S","F","I","E","D","L","L","F","N","K","V","T","L","A","D","A","G","F","I","K","Q","Y","G","D","C","L","G","D","I","A","A","R","D","L","I","C","A","Q","K","F","N","G","L","T","V","L","P","P","L","L","T","D","E","M","I","A","Q","Y","T","S","A","L","L","A","G","T","I","T","S","G","W","T","F","G","A","G","A","A","L","Q","I","P","F","A","M","Q","M","A","Y","R","F","N","G","I","G","V","T","Q","N","V","L","Y","E","N","Q","K","L","I","A","N","Q","F","N","S","A","I","G","K","I","Q","D","S","L","S","S","T","A","S","A","L","G","K","L","Q","D","V","V","N","Q","N","A","Q","A","L","N","T","L","V","K","Q","L","S","S","N","F","G","A","I","S","S","V","L","N","D","I","L","S","R","L","D","K","V","E","A","E","V","Q","I","D","R","L","I","T","G","R","L","Q","S","L","Q","T","Y","V","T","Q","Q","L","I","R","A","A","E","I","R","A","S","A","N","L","A","A","T","K","M","S","E","C","V","L","G","Q","S","K","R","V","D","F","C","G","K","G","Y","H","L","M","S","F","P","Q","S","A","P","H","G","V","V","F","L","H","V","T","Y","V","P","A","Q","E","K","N","F","T","T","A","P","A","I","C","H","D","G","K","A","H","F","P","R","E","G","V","F","V","S","N","G","T","H","W","F","V","T","Q","R","N","F","Y","E","P","Q","I","I","T","T","D","N","T","F","V","S","G","N","C","D","V","V","I","G","I","V","N","N","T","V","Y","D","P","L","Q","P","E","L","D","S","F","K","E","E","L","D","K","Y","F","K","N","H","T","S","P","D","V","D","L","G","D","I","S","G","I","N","A","S","V","V","N","I","Q","K","E","I","D","R","L","N","E","V","A","K","N","L","N","E","S","L","I","D","L","Q","E","L","G","K","Y","E","Q","Y","I","K","W","P","W","Y","I","W","L","G","F","I","A","G","L","I","A","I","V","M","V","T","I","M","L","C","C","M","T","S","C","C","S","C","L","K","G","C","C","S","C","G","S","C","C","K","F","D","E","D","D","S","E","P","V","L","K","G","V","K","L","H","Y","T","---"
"New.hCoV.19.Japan.PG.17002.2020","M","F","V","F","L","V","L","L","P","L","V","S","S","Q","C","V","N","L","T","T","R","T","Q","L","P","P","A","Y","T","N","S","F","T","R","G","V","Y","Y","P","D","K","V","F","R","S","S","V","L","H","S","T","Q","D","L","F","L","P","F","F","S","N","V","T","W","F","H","A","I","H","V","S","G","T","N","G","T","K","R","F","D","N","P","V","L","P","F","N","D","G","V","Y","F","A","S","T","E","K","S","N","I","I","R","G","W","I","F","G","T","T","L","D","S","K","T","Q","S","L","L","I","V","N","N","A","T","N","V","V","I","K","V","C","E","F","Q","F","C","N","D","P","F","L","G","V","Y","Y","H","K","N","N","K","S","W","M","E","S","E","F","R","V","Y","S","S","A","N","N","C","T","F","E","Y","V","S","Q","P","F","L","M","D","L","E","G","K","Q","G","N","F","K","N","L","R","E","F","V","F","K","N","I","D","G","Y","F","K","I","Y","S","K","H","T","P","I","N","L","V","R","D","L","P","Q","G","F","S","A","L","E","P","L","V","D","L","P","I","G","I","N","I","T","R","F","Q","T","L","L","A","L","H","R","S","Y","L","T","P","G","D","S","S","S","G","W","T","A","G","A","A","A","Y","Y","V","G","Y","L","Q","P","R","T","F","L","L","K","Y","N","E","N","G","T","I","T","D","A","V","D","C","A","L","D","P","L","S","E","T","K","C","T","L","K","S","F","T","V","E","K","G","I","Y","Q","T","S","N","F","R","V","Q","P","T","E","S","I","V","R","F","P","N","I","T","N","L","C","P","F","G","E","V","F","N","A","T","R","F","A","S","V","Y","A","W","N","R","K","R","I","S","N","C","V","A","D","Y","S","V","L","Y","N","S","A","S","F","S","T","F","K","C","Y","G","V","S","P","T","K","L","N","D","L","C","F","T","N","V","Y","A","D","S","F","V","I","R","G","D","E","V","R","Q","I","A","P","G","Q","T","G","K","I","A","D","Y","N","Y","K","L","P","D","D","F","T","G","C","V","I","A","W","N","S","N","N","L","D","S","K","V","G","G","N","Y","N","Y","L","Y","R","L","F","R","K","S","N","L","K","P","F","E","R","D","I","S","T","E","I","Y","Q","A","G","S","T","P","C","N","G","V","E","G","F","N","C","Y","F","P","L","Q","S","Y","G","F","Q","P","T","N","G","V","G","Y","Q","P","Y","R","V","V","V","L","S","F","E","L","L","H","A","P","A","T","V","C","G","P","K","K","S","T","N","L","V","K","N","K","C","V","N","F","N","F","N","G","L","T","G","T","G","V","L","T","E","S","N","K","K","F","L","P","F","Q","Q","F","G","R","D","I","A","D","T","T","D","A","V","R","D","P","Q","T","L","E","I","L","D","I","T","P","C","S","F","G","G","V","S","V","I","T","P","G","T","N","T","S","N","Q","V","A","V","L","Y","Q","G","V","N","C","T","E","V","P","V","A","I","H","A","D","Q","L","T","P","T","W","R","V","Y","S","T","G","S","N","V","F","Q","T","R","A","G","C","L","I","G","A","E","H","V","N","N","S","Y","E","C","D","I","P","I","G","A","G","I","C","A","S","Y","H","T","Q","T","N","S","P","R","R","A","R","S","V","A","S","Q","S","I","I","A","Y","T","M","S","L","G","A","E","N","S","V","A","Y","S","N","N","S","I","A","I","P","T","N","F","T","I","S","V","T","T","E","I","L","P","V","S","M","T","K","T","S","V","D","C","T","M","Y","I","C","G","D","S","T","E","C","S","N","L","L","L","Q","Y","G","S","F","C","T","Q","L","N","R","A","L","T","G","I","A","V","E","Q","D","K","N","T","Q","E","V","F","A","Q","V","K","Q","I","Y","K","T","P","P","I","K","D","F","G","G","F","N","F","S","Q","I","L","P","D","P","S","K","P","S","K","R","S","F","I","E","D","L","L","F","N","K","V","T","L","A","D","A","G","F","I","K","Q","Y","G","D","C","L","G","D","I","A","A","R","D","L","I","C","A","Q","K","F","N","G","L","T","V","L","P","P","L","L","T","D","E","M","I","A","Q","Y","T","S","A","L","L","A","G","T","I","T","S","G","W","T","F","G","A","G","A","A","L","Q","I","P","F","A","M","Q","M","A","Y","R","F","N","G","I","G","V","T","Q","N","V","L","Y","E","N","Q","K","L","I","A","N","Q","F","N","S","A","I","G","K","I","Q","D","S","L","S","S","T","A","S","A","L","G","K","L","Q","D","V","V","N","Q","N","A","Q","A","L","N","T","L","V","K","Q","L","S","S","N","F","G","A","I","S","S","V","L","N","D","I","L","S","R","L","D","K","V","E","A","E","V","Q","I","D","R","L","I","T","G","R","L","Q","S","L","Q","T","Y","V","T","Q","Q","L","I","R","A","A","E","I","R","A","S","A","N","L","A","A","T","K","M","S","E","C","V","L","G","Q","S","K","R","V","D","F","C","G","K","G","Y","H","L","M","S","F","P","Q","S","A","P","H","G","V","V","F","L","H","V","T","Y","V","P","A","Q","E","K","N","F","T","T","A","P","A","I","C","H","D","G","K","A","H","F","P","R","E","G","V","F","V","S","N","G","T","H","W","F","V","T","Q","R","N","F","Y","E","P","Q","I","I","T","T","D","N","T","F","V","S","G","N","C","D","V","V","I","G","I","V","N","N","T","V","Y","D","P","L","Q","P","E","L","D","S","F","K","E","E","L","D","K","Y","F","K","N","H","T","S","P","D","V","D","L","G","D","I","S","G","I","N","A","S","V","V","N","I","Q","K","E","I","D","R","L","N","E","V","A","K","N","L","N","E","S","L","I","D","L","Q","E","L","G","K","Y","E","Q","Y","I","K","W","P","W","Y","I","W","L","G","F","I","A","G","L","I","A","I","V","M","V","T","I","M","L","C","C","M","T","S","C","C","S","C","L","K","G","C","C","S","C","G","S","C","C","K","F","D","E","D","D","S","E","P","V","L","K","G","V","K","L","H","Y","T","---"
"New.hCoV.19.Japan.PG.22708.2020","M","F","V","F","L","V","L","L","P","L","V","S","S","Q","C","V","N","L","T","T","R","T","Q","L","P","P","A","Y","T","N","S","F","T","R","G","V","Y","Y","P","D","K","V","F","R","S","S","V","L","H","S","T","Q","D","L","F","L","P","F","F","S","N","V","T","W","F","H","A","I","H","V","S","G","T","N","G","T","K","R","F","D","N","P","V","L","P","F","N","D","G","V","Y","F","A","S","T","E","K","S","N","I","I","R","G","W","I","F","G","T","T","L","D","S","K","T","Q","S","L","L","I","V","N","N","A","T","N","V","V","I","K","V","C","E","F","Q","F","C","N","D","P","F","L","G","V","Y","Y","H","K","N","N","K","S","W","M","E","S","E","F","R","V","Y","S","S","A","N","N","C","T","F","E","Y","V","S","Q","P","F","L","M","D","L","E","G","K","Q","G","N","F","K","N","L","R","E","F","V","F","K","N","I","D","G","Y","F","K","I","Y","S","K","H","T","P","I","N","L","V","R","D","L","P","Q","G","F","S","A","L","E","P","L","V","D","L","P","I","G","I","N","I","T","R","F","Q","T","L","L","A","L","H","R","S","Y","L","T","P","G","D","S","S","S","G","W","T","A","G","A","A","A","Y","Y","V","G","Y","L","Q","P","R","T","F","L","L","K","Y","N","E","N","G","T","I","T","D","A","V","D","C","A","L","D","P","L","S","E","T","K","C","T","L","K","S","F","T","V","E","K","G","I","Y","Q","T","S","N","F","R","V","Q","P","T","E","S","I","V","R","F","P","N","I","T","N","L","C","P","F","G","E","V","F","N","A","T","R","F","A","S","V","Y","A","W","N","R","K","R","I","S","N","C","V","A","D","Y","S","V","L","Y","N","S","A","S","F","S","T","F","K","C","Y","G","V","S","P","T","K","L","N","D","L","C","F","T","N","V","Y","A","D","S","F","V","I","R","G","D","E","V","R","Q","I","A","P","G","Q","T","G","K","I","A","D","Y","N","Y","K","L","P","D","D","F","T","G","C","V","I","A","W","N","S","N","N","L","D","S","K","V","G","G","N","Y","N","Y","L","Y","R","L","F","R","K","S","N","L","K","P","F","E","R","D","I","S","T","E","I","Y","Q","A","G","S","T","P","C","N","G","V","E","G","F","N","C","Y","F","P","L","Q","S","Y","G","F","Q","P","T","N","G","V","G","Y","Q","P","Y","R","V","V","V","L","S","F","E","L","L","H","A","P","A","T","V","C","G","P","K","K","S","T","N","L","V","K","N","K","C","V","N","F","N","F","N","G","L","T","G","T","G","V","L","T","E","S","N","K","K","F","L","P","F","Q","Q","F","G","R","D","I","A","D","T","T","D","A","V","R","D","P","Q","T","L","E","I","L","D","I","T","P","C","S","F","G","G","V","S","V","I","T","P","G","T","N","T","S","N","Q","V","A","V","L","Y","Q","G","V","N","C","T","E","V","P","V","A","I","H","A","D","Q","L","T","P","T","W","R","V","Y","S","T","G","S","N","V","F","Q","T","R","A","G","C","L","I","G","A","E","H","V","N","N","S","Y","E","C","D","I","P","I","G","A","G","I","C","A","S","Y","Q","T","Q","T","N","S","P","R","R","A","R","S","V","A","S","Q","S","I","I","A","Y","T","M","S","L","G","A","E","N","S","V","A","Y","S","N","N","S","I","A","I","P","T","N","F","T","I","S","V","T","T","E","I","L","P","V","S","M","T","K","T","S","V","D","C","T","M","Y","I","C","G","D","S","T","E","C","S","N","L","L","L","Q","Y","G","S","F","C","T","Q","L","N","R","A","L","T","G","I","A","V","E","Q","D","K","N","T","Q","E","V","F","A","Q","V","K","Q","I","Y","K","T","P","P","I","K","D","F","G","G","F","N","F","S","Q","I","L","P","D","P","S","K","P","S","K","R","S","F","I","E","D","L","L","F","N","K","V","T","L","A","D","A","G","F","I","K","Q","Y","G","D","C","L","G","D","I","A","A","R","D","L","I","C","A","Q","K","F","N","G","L","T","V","L","P","P","L","L","T","D","E","M","I","A","Q","Y","T","S","A","L","L","A","G","T","I","T","S","G","W","T","F","G","A","G","A","A","L","Q","I","P","F","A","M","Q","M","A","Y","R","F","N","G","I","G","V","T","Q","N","V","L","Y","E","N","Q","K","L","I","A","N","Q","F","N","S","A","I","G","K","I","Q","D","S","L","S","S","T","A","S","A","L","G","K","L","Q","D","V","V","N","Q","N","A","Q","A","L","N","T","L","V","K","Q","L","S","S","N","F","G","A","I","S","S","V","L","N","D","I","L","S","R","L","D","K","V","E","A","E","V","Q","I","D","R","L","I","T","G","R","L","Q","S","L","Q","T","Y","V","T","Q","Q","L","I","R","A","A","E","I","R","A","S","A","N","L","A","A","T","K","M","S","E","C","V","L","G","Q","S","K","R","V","D","F","C","G","K","G","Y","H","L","M","S","F","P","Q","S","A","P","H","G","V","V","F","L","H","V","T","Y","V","P","A","Q","E","K","N","F","T","T","A","P","A","I","C","H","D","G","K","A","H","F","P","R","E","G","V","F","V","S","N","G","T","H","W","F","V","T","Q","R","N","F","Y","E","P","Q","I","I","T","T","D","N","T","F","V","S","G","N","C","D","V","V","I","G","I","V","N","N","T","V","Y","D","P","L","Q","P","E","L","D","S","F","K","E","E","L","D","K","Y","F","K","N","H","T","S","P","D","V","D","L","G","D","I","S","G","I","N","A","S","V","V","N","I","Q","K","E","I","D","R","L","N","E","V","A","K","N","L","N","E","S","L","I","D","L","Q","E","L","G","K","Y","E","Q","Y","I","K","W","P","W","Y","I","W","L","G","F","I","A","G","L","I","A","I","V","M","V","T","I","M","L","C","C","M","T","S","C","C","S","C","L","K","G","C","C","S","C","G","S","C","C","K","F","D","E","D","D","S","E","P","V","L","K","G","V","K","L","H","Y","T","---"
"New.hCoV.19.Japan.PG.13856.2020","M","F","V","F","L","V","L","L","P","L","V","S","S","Q","C","V","N","L","T","T","R","T","Q","L","P","P","A","Y","T","N","S","F","T","R","G","V","Y","Y","P","D","K","V","F","R","S","S","V","L","H","S","T","Q","D","L","F","L","P","F","F","S","N","V","T","W","F","H","A","I","H","V","S","G","T","N","G","T","K","R","F","D","N","P","V","L","P","F","N","D","G","V","Y","F","A","S","T","E","K","S","N","I","I","R","G","W","I","F","G","T","T","L","D","S","K","T","Q","S","L","L","I","V","N","N","A","T","N","V","V","I","K","V","C","E","F","Q","F","C","N","D","P","F","L","G","V","Y","Y","H","K","N","N","K","S","W","M","E","S","E","F","R","V","Y","S","S","A","N","N","C","T","F","E","Y","V","S","Q","P","F","L","M","D","L","E","G","K","Q","G","N","F","K","N","L","R","E","F","V","F","K","N","I","D","G","Y","F","K","I","Y","S","K","H","T","P","I","N","L","V","R","D","L","P","Q","G","F","S","A","L","E","P","L","V","D","L","P","I","G","I","N","I","T","R","F","Q","T","L","L","A","L","H","R","S","Y","L","T","P","G","D","S","S","S","G","W","T","A","G","A","A","A","Y","Y","V","G","Y","L","Q","P","R","T","F","L","L","K","Y","N","E","N","G","T","I","T","D","A","V","D","C","A","L","D","P","L","S","E","T","K","C","T","L","K","S","F","T","V","E","K","G","I","Y","Q","T","S","N","F","R","V","Q","P","T","E","S","I","V","R","F","P","N","I","T","N","L","C","P","F","G","E","V","F","N","A","T","R","F","A","S","V","Y","A","W","N","R","K","R","I","S","N","C","V","A","D","Y","S","V","L","Y","N","S","A","S","F","S","T","F","K","C","Y","G","V","S","P","T","K","L","N","D","L","C","F","T","N","V","Y","A","D","S","F","V","I","R","G","D","E","V","R","Q","I","A","P","G","Q","T","G","K","I","A","D","Y","N","Y","K","L","P","D","D","F","T","G","C","V","I","A","W","N","S","N","N","L","D","S","K","V","G","G","N","Y","N","Y","L","Y","R","L","F","R","K","S","N","L","K","P","F","E","R","D","I","S","T","E","I","Y","Q","A","G","S","T","P","C","N","G","V","E","G","F","N","C","Y","F","P","L","Q","S","Y","G","F","Q","P","T","N","G","V","G","Y","Q","P","Y","R","V","V","V","L","S","F","E","L","L","H","A","P","A","T","V","C","G","P","K","K","S","T","N","L","V","K","N","K","C","V","N","F","N","F","N","G","L","T","G","T","G","V","L","T","E","S","N","K","K","F","L","P","F","Q","Q","F","G","R","D","I","A","D","T","T","D","A","V","R","D","P","Q","T","L","E","I","L","D","I","T","P","C","S","F","G","G","V","S","V","I","T","P","G","T","N","T","S","N","Q","V","A","V","L","Y","Q","G","V","N","C","T","E","V","P","V","A","I","H","A","D","Q","L","T","P","T","W","R","V","Y","S","T","G","S","N","V","F","Q","T","R","A","G","C","L","I","G","A","E","H","V","N","N","S","Y","E","C","D","I","P","I","G","A","G","I","C","A","S","Y","Q","T","Q","T","N","S","P","R","R","A","R","S","V","A","S","Q","S","I","I","A","Y","T","M","S","L","G","A","E","N","S","V","A","Y","S","N","N","S","I","A","I","P","T","N","F","T","I","S","V","T","T","E","I","L","P","V","S","M","T","K","T","S","V","D","C","T","M","Y","I","C","G","D","S","T","E","C","S","N","L","L","L","Q","Y","G","S","F","C","T","Q","L","N","R","A","L","T","G","I","A","V","E","Q","D","K","N","T","Q","E","V","F","A","Q","V","K","Q","I","Y","K","T","P","P","I","K","D","F","G","G","F","N","F","S","Q","I","L","P","D","P","S","K","P","S","K","R","S","F","I","E","D","L","L","F","N","K","V","T","L","A","D","A","G","F","I","K","Q","Y","G","D","C","L","G","D","I","A","A","R","D","L","I","C","A","Q","K","F","N","G","L","T","V","L","P","P","L","L","T","D","E","M","I","A","Q","Y","T","S","A","L","L","A","G","T","I","T","S","G","W","T","F","G","A","G","A","A","L","Q","I","P","F","A","M","Q","M","A","Y","R","F","N","G","I","G","V","T","Q","N","V","L","Y","E","N","Q","K","L","I","A","N","Q","F","N","S","A","I","G","K","I","Q","D","S","L","S","S","T","A","S","A","L","G","K","L","Q","D","V","V","N","Q","N","A","Q","A","L","N","T","L","V","K","Q","L","S","S","N","F","G","A","I","S","S","V","L","N","D","I","L","S","R","L","D","K","V","E","A","E","V","Q","I","D","R","L","I","T","G","R","L","Q","S","L","Q","T","Y","V","T","Q","Q","L","I","R","A","A","E","I","R","A","S","A","N","L","A","A","T","K","M","S","E","C","V","L","G","Q","S","K","R","V","D","F","C","G","K","G","Y","H","L","M","S","F","P","Q","S","A","P","H","G","V","V","F","L","H","V","T","Y","V","P","A","Q","E","K","N","F","T","T","A","P","A","I","C","H","D","G","K","A","H","F","P","R","E","G","V","F","V","S","N","G","T","H","W","F","V","T","Q","R","N","F","Y","E","P","Q","I","I","T","T","D","N","T","F","V","S","G","N","C","D","V","V","I","G","I","V","N","N","T","V","Y","D","P","L","Q","P","E","L","D","S","F","K","E","E","L","D","K","Y","F","K","N","H","T","S","P","D","V","D","L","G","D","I","S","G","I","N","A","S","V","V","N","I","Q","K","E","I","D","R","L","N","E","V","A","K","N","L","N","E","S","L","I","D","L","Q","E","L","G","K","Y","E","Q","Y","I","K","W","P","W","Y","I","W","L","G","F","I","A","G","L","I","A","I","V","M","V","T","I","M","L","C","C","M","T","S","C","C","S","C","L","K","G","C","C","S","C","G","S","C","C","K","F","D","E","D","D","S","E","P","V","L","K","G","V","K","L","H","Y","T","---"
"New.hCoV.19.Japan.PG.15726.2020","M","F","V","F","L","V","L","L","P","L","V","S","S","Q","C","V","N","L","T","T","R","T","Q","L","P","P","A","Y","T","N","S","F","T","R","G","V","Y","Y","P","D","K","V","F","R","S","S","V","L","H","S","T","Q","D","L","F","L","P","F","F","S","N","V","T","W","F","H","A","I","H","V","S","G","T","N","G","T","K","R","F","D","N","P","V","L","P","F","N","D","G","V","Y","F","A","S","T","E","K","S","N","I","I","R","G","W","I","F","G","T","T","L","D","S","K","T","Q","S","L","L","I","V","N","N","A","T","N","V","V","I","K","V","C","E","F","Q","F","C","N","D","P","F","L","G","V","Y","Y","H","K","N","N","K","S","W","M","E","S","E","F","R","V","Y","S","S","A","N","N","C","T","F","E","Y","V","S","Q","P","F","L","M","D","L","E","G","K","Q","G","N","F","K","N","L","R","E","F","V","F","K","N","I","D","G","Y","F","K","I","Y","S","K","H","T","P","I","N","L","V","R","D","L","P","Q","G","F","S","A","L","E","P","L","V","D","L","P","I","G","I","N","I","T","R","F","Q","T","L","L","A","L","H","R","S","Y","L","T","P","G","D","S","S","S","G","W","T","A","G","A","A","A","Y","Y","V","G","Y","L","Q","P","R","T","F","L","L","K","Y","N","E","N","G","T","I","T","D","A","V","D","C","A","L","D","P","L","S","E","T","K","C","T","L","K","S","F","T","V","E","K","G","I","Y","Q","T","S","N","F","R","V","Q","P","T","E","S","I","V","R","F","P","N","I","T","N","L","C","P","F","G","E","V","F","N","A","T","R","F","A","S","V","Y","A","W","N","R","K","R","I","S","N","C","V","A","D","Y","S","V","L","Y","N","S","A","S","F","S","T","F","K","C","Y","G","V","S","P","T","K","L","N","D","L","C","F","T","N","V","Y","A","D","S","F","V","I","R","G","D","E","V","R","Q","I","A","P","G","Q","T","G","K","I","A","D","Y","N","Y","K","L","P","D","D","F","T","G","C","V","I","A","W","N","S","N","N","L","D","S","K","V","G","G","N","Y","N","Y","L","Y","R","L","F","R","K","S","N","L","K","P","F","E","R","D","I","S","T","E","I","Y","Q","A","G","S","T","P","C","N","G","V","E","G","F","N","C","Y","F","P","L","Q","S","Y","G","F","Q","P","T","N","G","V","G","Y","Q","P","Y","R","V","V","V","L","S","F","E","L","L","H","A","P","A","T","V","C","G","P","K","K","S","T","N","L","V","K","N","K","C","V","N","F","N","F","N","G","L","T","G","T","G","V","L","T","E","S","N","K","K","F","L","P","F","Q","Q","F","G","R","D","I","A","D","T","T","D","A","V","R","D","P","Q","T","L","E","I","L","D","I","T","P","C","S","F","G","G","V","S","V","I","T","P","G","T","N","T","S","N","Q","V","A","V","L","Y","Q","G","V","N","C","T","E","V","P","V","A","I","H","A","D","Q","L","T","P","T","W","R","V","Y","S","T","G","S","N","V","F","Q","T","R","A","G","C","L","I","G","A","E","H","V","N","N","S","Y","E","C","D","I","P","I","G","A","G","I","C","A","S","Y","Q","T","Q","T","N","S","P","R","R","A","R","S","V","A","S","Q","S","I","I","A","Y","T","M","S","L","G","A","E","N","S","V","A","Y","S","N","N","S","I","A","I","P","T","N","F","T","I","S","V","T","T","E","I","L","P","V","S","M","T","K","T","S","V","D","C","T","M","Y","I","C","G","D","S","T","E","C","S","N","L","L","L","Q","Y","G","S","F","C","T","Q","L","N","R","A","L","T","G","I","A","V","E","Q","D","K","N","T","Q","E","V","F","A","Q","V","K","Q","I","Y","K","T","P","P","I","K","D","F","G","G","F","N","F","S","Q","I","L","P","D","P","S","K","P","S","K","R","S","F","I","E","D","L","L","F","N","K","V","T","L","A","D","A","G","F","I","K","Q","Y","G","D","C","L","G","D","I","A","A","R","D","L","I","C","A","Q","K","F","N","G","L","T","V","L","P","P","L","L","T","D","E","M","I","A","Q","Y","T","S","A","L","L","A","G","T","I","T","S","G","W","T","F","G","A","G","A","A","L","Q","I","P","F","A","M","Q","M","A","Y","R","F","N","G","I","G","V","T","Q","N","V","L","Y","E","N","Q","K","L","I","A","N","Q","F","N","S","A","I","G","K","I","Q","D","S","L","S","S","T","A","S","A","L","G","K","L","Q","D","V","V","N","Q","N","A","Q","A","L","N","T","L","V","K","Q","L","S","S","N","F","G","A","I","S","S","V","L","N","D","I","L","S","R","L","D","K","V","E","A","E","V","Q","I","D","R","L","I","T","G","R","L","Q","S","L","Q","T","Y","V","T","Q","Q","L","I","R","A","A","E","I","R","A","S","A","N","L","A","A","T","K","M","S","E","C","V","L","G","Q","S","K","R","V","D","F","C","G","K","G","Y","H","L","M","S","F","P","Q","S","A","P","H","G","V","V","F","L","H","V","T","Y","V","P","A","Q","E","K","N","F","T","T","A","P","A","I","C","H","D","G","K","A","H","F","P","R","E","G","V","F","V","S","N","G","T","H","W","F","V","T","Q","R","N","F","Y","E","P","Q","I","I","T","T","D","N","T","F","V","S","G","N","C","D","V","V","I","G","I","V","N","N","T","V","Y","D","P","L","Q","P","E","L","D","S","F","K","E","E","L","D","K","Y","F","K","N","H","T","S","P","D","V","D","L","G","D","I","S","G","I","N","A","S","V","V","N","I","Q","K","E","I","D","R","L","N","E","V","A","K","N","L","N","E","S","L","I","D","L","Q","E","L","G","K","Y","E","Q","Y","I","K","W","P","W","Y","I","W","L","G","F","I","A","G","L","I","A","I","V","M","V","T","I","M","L","C","C","M","T","S","C","C","S","C","L","K","G","C","C","S","C","G","S","C","C","K","F","D","E","D","D","S","E","P","V","L","K","G","V","K","L","H","Y","T","---"
"New.hCoV.19.Japan.PG.17845.2020","M","F","V","F","L","V","L","L","P","L","V","S","S","Q","C","V","N","L","T","T","R","T","Q","L","P","P","A","Y","T","N","S","F","T","R","G","V","Y","Y","P","D","K","V","F","R","S","S","V","L","H","S","T","Q","D","L","F","L","P","F","F","S","N","V","T","W","F","H","A","I","H","V","S","G","T","N","G","T","K","R","F","D","N","P","V","L","P","F","N","D","G","V","Y","F","A","S","T","E","K","S","N","I","I","R","G","W","I","F","G","T","T","L","D","S","K","T","Q","S","L","L","I","V","N","N","A","T","N","V","V","I","K","V","C","E","F","Q","F","C","N","D","P","F","L","G","V","Y","Y","H","K","N","N","K","S","W","T","E","S","E","F","R","V","Y","S","S","A","N","N","C","T","F","E","Y","V","S","Q","P","F","L","M","D","L","E","G","K","Q","G","N","F","K","N","L","R","E","F","V","F","K","N","I","D","G","Y","F","K","I","Y","S","K","H","T","P","I","N","L","V","R","D","L","P","Q","G","F","S","A","L","E","P","L","V","D","L","P","I","G","I","N","I","T","R","F","Q","T","L","L","A","L","H","R","S","Y","L","T","P","G","D","S","S","S","G","W","T","A","G","A","A","A","Y","Y","V","G","Y","L","Q","P","R","T","F","L","L","K","Y","N","E","N","G","T","I","T","D","A","V","D","C","A","L","D","P","L","S","E","T","K","C","T","L","K","S","F","T","V","E","K","G","I","Y","Q","T","S","N","F","R","V","Q","P","T","E","S","I","V","R","F","P","N","I","T","N","L","C","P","F","G","E","V","F","N","A","T","R","F","A","S","V","Y","A","W","N","R","K","R","I","S","N","C","V","A","D","Y","S","V","L","Y","N","S","A","S","F","S","T","F","K","C","Y","G","V","S","P","T","K","L","N","D","L","C","F","T","N","V","Y","A","D","S","F","V","I","R","G","D","E","V","R","Q","I","A","P","G","Q","T","G","K","I","A","D","Y","N","Y","K","L","P","D","D","F","T","G","C","V","I","A","W","N","S","N","N","L","D","S","K","V","G","G","N","Y","N","Y","L","Y","R","L","F","R","K","S","N","L","K","P","F","E","R","D","I","S","T","E","I","Y","Q","A","G","S","T","P","C","N","G","V","E","G","F","N","C","Y","F","P","L","Q","S","Y","G","F","Q","P","T","N","G","V","G","Y","Q","P","Y","R","V","V","V","L","S","F","E","L","L","H","A","P","A","T","V","C","G","P","K","K","S","T","N","L","V","K","N","K","C","V","N","F","N","F","N","G","L","T","G","T","G","V","L","T","E","S","N","K","K","F","L","P","F","Q","Q","F","G","R","D","I","A","D","T","T","D","A","V","R","D","P","Q","T","L","E","I","L","D","I","T","P","C","S","F","G","G","V","S","V","I","T","P","G","T","N","T","S","N","Q","V","A","V","L","Y","Q","G","V","N","C","T","E","V","P","V","A","I","H","A","D","Q","L","T","P","T","W","R","V","Y","S","T","G","S","N","V","F","Q","T","R","A","G","C","L","I","G","A","E","H","V","N","N","S","Y","E","C","D","I","P","I","G","A","G","I","C","A","S","Y","Q","T","Q","T","N","S","P","R","R","A","R","S","V","A","S","Q","S","I","I","A","Y","T","M","S","L","G","A","E","N","S","V","A","Y","S","N","N","S","I","A","I","P","T","N","F","T","I","S","V","T","T","E","I","L","P","V","S","M","T","K","T","S","V","D","C","T","M","Y","I","C","G","D","S","T","E","C","S","N","L","L","L","Q","Y","G","S","F","C","T","Q","L","N","R","A","L","T","G","I","A","V","E","Q","D","K","N","T","Q","E","V","F","A","Q","V","K","Q","I","Y","K","T","P","P","I","K","D","F","G","G","F","N","F","S","Q","I","L","P","D","P","S","K","P","S","K","R","S","F","I","E","D","L","L","F","N","K","V","T","L","A","D","A","G","F","I","K","Q","Y","G","D","C","L","G","D","I","A","A","R","D","L","I","C","A","Q","K","F","N","G","L","T","V","L","P","P","L","L","T","D","E","M","I","A","Q","Y","T","S","A","L","L","A","G","T","I","T","S","G","W","T","F","G","A","G","A","A","L","Q","I","P","F","A","M","Q","M","A","Y","R","F","N","G","I","G","V","T","Q","N","V","L","Y","E","N","Q","K","L","I","A","N","Q","F","N","S","A","I","G","K","I","Q","D","S","L","S","S","T","A","S","A","L","G","K","L","Q","D","V","V","N","Q","N","A","Q","A","L","N","T","L","V","K","Q","L","S","S","N","F","G","A","I","S","S","V","L","N","D","I","L","S","R","L","D","K","V","E","A","E","V","Q","I","D","R","L","I","T","G","R","L","Q","S","L","Q","T","Y","V","T","Q","Q","L","I","R","A","A","E","I","R","A","S","A","N","L","A","A","T","K","M","S","E","C","V","L","G","Q","S","K","R","V","D","F","C","G","K","G","Y","H","L","M","S","F","P","Q","S","A","P","H","G","V","V","F","L","H","V","T","Y","V","P","A","Q","E","K","N","F","T","T","A","P","A","I","C","H","D","G","K","A","H","F","P","R","E","G","V","F","V","S","N","G","T","H","W","F","V","T","Q","R","N","F","Y","E","P","Q","I","I","T","T","D","N","T","F","V","S","G","N","C","D","V","V","I","G","I","V","N","N","T","V","Y","D","P","L","Q","P","E","L","D","S","F","K","E","E","L","D","K","Y","F","K","N","H","T","S","P","D","V","D","L","G","D","I","S","G","I","N","A","S","V","V","N","I","Q","K","E","I","D","R","L","N","E","V","A","K","N","L","N","E","S","L","I","D","L","Q","E","L","G","K","Y","E","Q","Y","I","K","W","P","W","Y","I","W","L","G","F","I","A","G","L","I","A","I","V","M","V","T","I","M","L","C","C","M","T","S","C","C","S","C","L","K","G","C","C","S","C","G","S","C","C","K","F","D","E","D","D","S","E","P","V","L","K","G","V","K","L","H","Y","T","---"
"New.hCoV.19.Japan.PG.12837.2020","M","F","V","F","L","V","L","L","P","L","V","S","S","Q","C","V","N","L","T","T","R","T","Q","L","P","P","A","Y","T","N","S","F","T","R","G","V","Y","Y","P","D","K","V","F","R","S","S","V","L","H","S","T","Q","D","L","F","L","P","F","F","S","N","V","T","W","F","H","A","I","H","V","S","G","T","N","G","T","K","R","F","D","N","P","V","L","P","F","N","D","G","V","Y","F","A","S","T","E","K","S","N","I","I","R","G","W","I","F","G","T","T","L","D","S","K","T","Q","S","L","L","I","V","N","N","A","T","N","V","V","I","K","V","C","E","F","Q","F","C","N","D","P","F","L","G","V","Y","Y","H","K","N","N","K","S","W","M","E","S","E","F","R","V","Y","S","S","A","N","N","C","T","F","E","Y","V","S","Q","P","F","L","M","D","L","E","G","K","Q","G","N","F","K","N","L","R","E","F","V","F","K","N","I","D","G","Y","F","K","I","Y","S","K","H","T","P","I","N","L","V","R","D","L","P","Q","G","F","S","A","L","E","P","L","V","D","L","P","I","G","I","N","I","T","R","F","Q","T","L","L","A","L","H","R","S","Y","L","T","P","G","D","S","S","S","G","W","T","A","G","A","A","A","Y","Y","V","G","Y","L","Q","P","R","T","F","L","L","K","Y","N","E","N","G","T","I","T","D","A","V","D","C","A","L","D","P","L","S","E","T","K","C","T","L","K","S","F","T","V","E","K","G","I","Y","Q","T","S","N","F","R","V","Q","P","T","E","S","I","V","R","F","P","N","I","T","N","L","C","P","F","G","E","V","F","N","A","T","R","F","A","S","V","Y","A","W","N","R","K","R","I","S","N","C","V","A","D","Y","S","V","L","Y","N","S","A","S","F","S","T","F","K","C","Y","G","V","S","P","T","K","L","N","D","L","C","F","T","N","V","Y","A","D","S","F","V","I","R","G","D","E","V","R","Q","I","A","P","G","Q","T","G","K","I","A","D","Y","N","Y","K","L","P","D","D","F","T","G","C","V","I","A","W","N","S","N","N","L","D","S","K","V","G","G","N","Y","N","Y","L","Y","R","L","F","R","K","S","N","L","K","P","F","E","R","D","I","S","T","E","I","Y","Q","A","G","S","T","P","C","N","G","V","E","G","F","N","C","Y","F","P","L","Q","S","Y","G","F","Q","P","T","N","G","V","G","Y","Q","P","Y","R","V","V","V","L","S","F","E","L","L","H","A","P","A","T","V","C","G","P","K","K","S","T","N","L","V","K","N","K","C","V","N","F","N","F","N","G","L","T","G","T","G","V","L","T","E","S","N","K","K","F","L","P","F","Q","Q","F","G","R","D","I","A","D","T","T","D","A","V","R","D","P","Q","T","L","E","I","L","D","I","T","P","C","S","F","G","G","V","S","V","I","T","P","G","T","N","T","S","N","Q","V","A","V","L","Y","Q","G","V","N","C","T","E","V","P","V","A","I","H","A","D","Q","L","T","P","T","W","R","V","Y","S","T","G","S","N","V","F","Q","T","R","A","G","C","L","I","G","A","E","H","V","N","N","S","Y","E","C","D","I","P","I","G","A","G","I","C","A","S","Y","H","T","Q","T","N","S","P","R","R","A","R","S","V","A","S","Q","S","I","I","A","Y","T","M","S","L","G","A","E","N","S","V","A","Y","S","N","N","S","I","A","I","P","T","N","F","T","I","S","V","T","T","E","I","L","P","V","S","M","T","K","T","S","V","D","C","T","M","Y","I","C","G","D","S","T","E","C","S","N","L","L","L","Q","Y","G","S","F","C","T","Q","L","N","R","A","L","T","G","I","A","V","E","Q","D","K","N","T","Q","E","V","F","A","Q","V","K","Q","I","Y","K","T","P","P","I","K","D","F","G","G","F","N","F","S","Q","I","L","P","D","P","S","K","P","S","K","R","S","F","I","E","D","L","L","F","N","K","V","T","L","A","D","A","G","F","I","K","Q","Y","G","D","C","L","G","D","I","A","A","R","D","L","I","C","A","Q","K","F","N","G","L","T","V","L","P","P","L","L","T","D","E","M","I","A","Q","Y","T","S","A","L","L","A","G","T","I","T","S","G","W","T","F","G","A","G","A","A","L","Q","I","P","F","A","M","Q","M","A","Y","R","F","N","G","I","G","V","T","Q","N","V","L","Y","E","N","Q","K","L","I","A","N","Q","F","N","S","A","I","G","K","I","Q","D","S","L","S","S","T","A","S","A","L","G","K","L","Q","D","V","V","N","Q","N","A","Q","A","L","N","T","L","V","K","Q","L","S","S","N","F","G","A","I","S","S","V","L","N","D","I","L","S","R","L","D","K","V","E","A","E","V","Q","I","D","R","L","I","T","G","R","L","Q","S","L","Q","T","Y","V","T","Q","Q","L","I","R","A","A","E","I","R","A","S","A","N","L","A","A","T","K","M","S","E","C","V","L","G","Q","S","K","R","V","D","F","C","G","K","G","Y","H","L","M","S","F","P","Q","S","A","P","H","G","V","V","F","L","H","V","T","Y","V","P","A","Q","E","K","N","F","T","T","A","P","A","I","C","H","D","G","K","A","H","F","P","R","E","G","V","F","V","S","N","G","T","H","W","F","V","T","Q","R","N","F","Y","E","P","Q","I","I","T","T","D","N","T","F","V","S","G","N","C","D","V","V","I","G","I","V","N","N","T","V","Y","D","P","L","Q","P","E","L","D","S","F","K","E","E","L","D","K","Y","F","K","N","H","T","S","P","D","V","D","L","G","D","I","S","G","I","N","A","S","V","V","N","I","Q","K","E","I","D","R","L","N","E","V","A","K","N","L","N","E","S","L","I","D","L","Q","E","L","G","K","Y","E","Q","Y","I","K","W","P","W","Y","I","W","L","G","F","I","A","G","L","I","A","I","V","M","V","T","I","M","L","C","C","M","T","S","C","C","S","C","L","K","G","C","C","S","C","G","S","C","C","K","F","D","E","D","D","S","E","P","V","L","K","G","V","K","L","H","Y","T","---"
"New.hCoV.19.Japan.PG.13572.2020","M","F","V","F","L","V","L","L","P","L","V","S","S","Q","C","V","N","L","T","T","R","T","Q","L","P","P","A","Y","T","N","S","F","T","R","G","V","Y","Y","P","D","K","V","F","R","S","S","V","L","H","S","T","Q","D","L","F","L","P","F","F","S","N","V","T","W","F","H","A","I","H","V","S","G","T","N","G","T","K","R","F","D","N","P","V","L","P","F","N","D","G","V","Y","F","A","S","T","E","K","S","N","I","I","R","G","W","I","F","G","T","T","L","D","S","K","T","Q","S","L","L","I","V","N","N","A","T","N","V","V","I","K","V","C","E","F","Q","F","C","N","D","P","F","L","G","V","Y","Y","H","K","N","N","K","S","W","M","E","S","E","F","R","V","Y","S","S","A","N","N","C","T","F","E","Y","V","S","Q","P","F","L","M","D","L","E","G","K","Q","G","N","F","K","N","L","R","E","F","V","F","K","N","I","D","G","Y","F","K","I","Y","S","K","H","T","P","I","N","L","V","R","D","L","P","Q","G","F","S","A","L","E","P","L","V","D","L","P","I","G","I","N","I","T","R","F","Q","T","L","L","A","L","H","R","S","Y","L","T","P","G","D","S","S","S","G","W","T","A","G","A","A","A","Y","Y","V","G","Y","L","Q","P","R","T","F","L","L","K","Y","N","E","N","G","T","I","T","D","A","V","D","C","A","L","D","P","L","S","E","T","K","C","T","L","K","S","F","T","V","E","K","G","I","Y","Q","T","S","N","F","R","V","Q","P","T","E","S","I","V","R","F","P","N","I","T","N","L","C","P","F","G","E","V","F","N","A","T","R","F","A","S","V","Y","A","W","N","R","K","R","I","S","N","C","V","A","D","Y","S","V","L","Y","N","S","A","S","F","S","T","F","K","C","Y","G","V","S","P","T","K","L","N","D","L","C","F","T","N","V","Y","A","D","S","F","V","I","R","G","D","E","V","R","Q","I","A","P","G","Q","T","G","K","I","A","D","Y","N","Y","K","L","P","D","D","F","T","G","C","V","I","A","W","N","S","N","N","L","D","S","K","V","G","G","N","Y","N","Y","L","Y","R","L","F","R","K","S","N","L","K","P","F","E","R","D","I","S","T","E","I","Y","Q","A","G","S","T","P","C","N","G","V","E","G","F","N","C","Y","F","P","L","Q","S","Y","G","F","Q","P","T","N","G","V","G","Y","Q","P","Y","R","V","V","V","L","S","F","E","L","L","H","A","P","A","T","V","C","G","P","K","K","S","T","N","L","V","K","N","K","C","V","N","F","N","F","N","G","L","T","G","T","G","V","L","T","E","S","N","K","K","F","L","P","F","Q","Q","F","G","R","D","I","A","D","T","T","D","A","V","R","D","P","Q","T","L","E","I","L","D","I","T","P","C","S","F","G","G","V","S","V","I","T","P","G","T","N","T","S","N","Q","V","A","V","L","Y","Q","G","V","N","C","T","E","V","P","V","A","I","H","A","D","Q","L","T","P","T","W","R","V","Y","S","T","G","S","N","V","F","Q","T","R","A","G","C","L","I","G","A","E","H","V","N","N","S","Y","E","C","D","I","P","I","G","A","G","I","C","A","S","Y","H","T","Q","T","N","S","P","R","R","A","R","S","V","A","S","Q","S","I","I","A","Y","T","M","S","L","G","A","E","N","S","V","A","Y","S","N","N","S","I","A","I","P","T","N","F","T","I","S","V","T","T","E","I","L","P","V","S","M","T","K","T","S","V","D","C","T","M","Y","I","C","G","D","S","T","E","C","S","N","L","L","L","Q","Y","G","S","F","C","T","Q","L","N","R","A","L","T","G","I","A","V","E","Q","D","K","N","T","Q","E","V","F","A","Q","V","K","Q","I","Y","K","T","P","P","I","K","D","F","G","G","F","N","F","S","Q","I","L","P","D","P","S","K","P","S","K","R","S","F","I","E","D","L","L","F","N","K","V","T","L","A","D","A","G","F","I","K","Q","Y","G","D","C","L","G","D","I","A","A","R","D","L","I","C","A","Q","K","F","N","G","L","T","V","L","P","P","L","L","T","D","E","M","I","A","Q","Y","T","S","A","L","L","A","G","T","I","T","S","G","W","T","F","G","A","G","A","A","L","Q","I","P","F","A","M","Q","M","A","Y","R","F","N","G","I","G","V","T","Q","N","V","L","Y","E","N","Q","K","L","I","A","N","Q","F","N","S","A","I","G","K","I","Q","D","S","L","S","S","T","A","S","A","L","G","K","L","Q","D","V","V","N","Q","N","A","Q","A","L","N","T","L","V","K","Q","L","S","S","N","F","G","A","I","S","S","V","L","N","D","I","L","S","R","L","D","K","V","E","A","E","V","Q","I","D","R","L","I","T","G","R","L","Q","S","L","Q","T","Y","V","T","Q","Q","L","I","R","A","A","E","I","R","A","S","A","N","L","A","A","T","K","M","S","E","C","V","L","G","Q","S","K","R","V","D","F","C","G","K","G","Y","H","L","M","S","F","P","Q","S","A","P","H","G","V","V","F","L","H","V","T","Y","V","P","A","Q","E","K","N","F","T","T","A","P","A","I","C","H","D","G","K","A","H","F","P","R","E","G","V","F","V","S","N","G","T","H","W","F","V","T","Q","R","N","F","Y","E","P","Q","I","I","T","T","D","N","T","F","V","S","G","N","C","D","V","V","I","G","I","V","N","N","T","V","Y","D","P","L","Q","P","E","L","D","S","F","K","E","E","L","D","K","Y","F","K","N","H","T","S","P","D","V","D","L","G","D","I","S","G","I","N","A","S","V","V","N","I","Q","K","E","I","D","R","L","N","E","V","A","K","N","L","N","E","S","L","I","D","L","Q","E","L","G","K","Y","E","Q","Y","I","K","W","P","W","Y","I","W","L","G","F","I","A","G","L","I","A","I","V","M","V","T","I","M","L","C","C","M","T","S","C","C","S","C","L","K","G","C","C","S","C","G","S","C","C","K","F","D","E","D","D","S","E","P","V","L","K","G","V","K","L","H","Y","T","---"
"New.hCoV.19.Japan.PG.14941.2020","M","F","V","F","L","V","L","L","P","L","V","S","S","Q","C","V","N","L","T","T","R","T","Q","L","P","P","A","Y","T","N","S","F","T","R","G","V","Y","Y","P","D","K","V","F","R","S","S","V","L","H","S","T","Q","D","L","F","L","P","F","F","S","N","V","T","W","F","H","A","I","H","V","S","G","T","N","G","T","K","R","F","D","N","P","V","L","P","F","N","D","G","V","Y","F","A","S","T","E","K","S","N","I","I","R","G","W","I","F","G","T","T","L","D","S","K","T","Q","S","L","L","I","V","N","N","A","T","N","V","V","I","K","V","C","E","F","Q","F","C","N","D","P","F","L","G","V","Y","Y","H","K","N","N","K","S","W","M","E","S","E","F","R","V","Y","S","S","A","N","N","C","T","F","E","Y","V","S","Q","P","F","L","M","D","L","E","G","K","Q","G","N","F","K","N","L","R","E","F","V","F","K","N","I","D","G","Y","F","K","I","Y","S","K","H","T","P","I","N","L","V","R","D","L","P","Q","G","F","S","A","L","E","P","L","V","D","L","P","I","G","I","N","I","T","R","F","Q","T","L","L","A","L","H","R","S","Y","L","T","P","G","D","S","S","S","G","W","T","A","G","A","A","A","Y","Y","V","G","Y","L","Q","P","R","T","F","L","L","K","Y","N","E","N","G","T","I","T","D","A","V","D","C","A","L","D","P","L","S","E","T","K","C","T","L","K","S","F","T","V","E","K","G","I","Y","Q","T","S","N","F","R","V","Q","P","T","E","S","I","V","R","F","P","N","I","T","N","L","C","P","F","G","E","V","F","N","A","T","R","F","A","S","V","Y","A","W","N","R","K","R","I","S","N","C","V","A","D","Y","S","V","L","Y","N","S","A","S","F","S","T","F","K","C","Y","G","V","S","P","T","K","L","N","D","L","C","F","T","N","V","Y","A","D","S","F","V","I","R","G","D","E","V","R","Q","I","A","P","G","Q","T","G","K","I","A","D","Y","N","Y","K","L","P","D","D","F","T","G","C","V","I","A","W","N","S","N","N","L","D","S","K","V","G","G","N","Y","N","Y","L","Y","R","L","F","R","K","S","N","L","K","P","F","E","R","D","I","S","T","E","I","Y","Q","A","G","S","T","P","C","N","G","V","E","G","F","N","C","Y","F","P","L","Q","S","Y","G","F","Q","P","T","N","G","V","G","Y","Q","P","Y","R","V","V","V","L","S","F","E","L","L","H","A","P","A","T","V","C","G","P","K","K","S","T","N","L","V","K","N","K","C","V","N","F","N","F","N","G","L","T","G","T","G","V","L","T","E","S","N","K","K","F","L","P","F","Q","Q","F","G","R","D","I","A","D","T","T","D","A","V","R","D","P","Q","T","L","E","I","L","D","I","T","P","C","S","F","G","G","V","S","V","I","T","P","G","T","N","T","S","N","Q","V","A","V","L","Y","Q","G","V","N","C","T","E","V","P","V","A","I","H","A","D","Q","L","T","P","T","W","R","V","Y","S","T","G","S","N","V","F","Q","T","R","A","G","C","L","I","G","A","E","H","V","N","N","S","Y","E","C","D","I","P","I","G","A","G","I","C","A","S","Y","Q","T","Q","T","N","S","P","R","R","A","R","S","V","A","S","Q","S","I","I","A","Y","T","M","S","L","G","A","E","N","S","V","A","Y","S","N","N","S","I","A","I","P","T","N","F","T","I","S","V","T","T","E","I","L","P","V","S","M","T","K","T","S","V","D","C","T","M","Y","I","C","G","D","S","T","E","C","S","N","L","L","L","Q","Y","G","S","F","C","T","Q","L","N","R","A","L","T","G","I","A","V","E","Q","D","K","N","T","Q","E","V","F","A","Q","V","K","Q","I","Y","K","T","P","P","I","K","D","F","G","G","F","N","F","S","Q","I","L","P","D","P","S","K","P","S","K","R","S","F","I","E","D","L","L","F","N","K","V","T","L","A","D","A","G","F","I","K","Q","Y","G","D","C","L","G","D","I","A","A","R","D","L","I","C","A","Q","K","F","N","G","L","T","V","L","P","P","L","L","T","D","E","M","I","A","Q","Y","T","S","A","L","L","A","G","T","I","T","S","G","W","T","F","G","A","G","A","A","L","Q","I","P","F","A","M","Q","M","A","Y","R","F","N","G","I","G","V","T","Q","N","V","L","Y","E","N","Q","K","L","I","A","N","Q","F","N","S","A","I","G","K","I","Q","D","S","L","S","S","T","A","S","A","L","G","K","L","Q","D","V","V","N","Q","N","A","Q","A","L","N","T","L","V","K","Q","L","S","S","N","F","G","A","I","S","S","V","L","N","D","I","L","S","R","L","D","K","V","E","A","E","V","Q","I","D","R","L","I","T","G","R","L","Q","S","L","Q","T","Y","V","T","Q","Q","L","I","R","A","A","E","I","R","A","S","A","N","L","A","A","T","K","M","S","E","C","V","L","G","Q","S","K","R","V","D","F","C","G","K","G","Y","H","L","M","S","F","P","Q","S","A","P","H","G","V","V","F","L","H","V","T","Y","V","P","A","Q","E","K","N","F","T","T","A","P","A","I","C","H","D","G","K","A","H","F","P","R","E","G","V","F","V","S","N","G","T","H","W","F","V","T","Q","R","N","F","Y","E","P","Q","I","I","T","T","D","N","T","F","V","S","G","N","C","D","V","V","I","G","I","V","N","N","T","V","Y","D","P","L","Q","P","E","L","D","S","F","K","E","E","L","D","K","Y","F","K","N","H","T","S","P","D","V","D","L","G","D","I","S","G","I","N","A","S","V","V","N","I","Q","K","E","I","D","R","L","N","E","V","A","K","N","L","N","E","S","L","I","D","L","Q","E","L","G","K","Y","E","Q","Y","I","K","W","P","W","Y","I","W","L","G","F","I","A","G","L","I","A","I","V","M","V","T","I","M","L","C","C","M","T","S","C","C","S","C","L","K","G","C","C","S","C","G","S","C","C","K","F","D","E","D","D","S","E","P","V","L","K","G","V","K","L","H","Y","T","---"
"New.hCoV.19.Japan.PG.15887.2020","M","F","V","F","L","V","L","L","P","L","V","S","S","Q","C","V","N","L","T","T","R","T","Q","L","P","P","A","Y","T","N","S","F","T","R","G","V","Y","Y","P","D","K","V","F","R","S","S","V","L","H","S","T","Q","D","L","F","L","P","F","F","S","N","V","T","W","F","H","A","I","H","V","S","G","T","N","G","T","K","R","F","D","N","P","V","L","P","F","N","D","G","V","Y","F","A","S","T","E","K","S","N","I","I","R","G","W","I","F","G","T","T","L","D","S","K","T","Q","S","L","L","I","V","N","N","A","T","N","V","V","I","K","V","C","E","F","Q","F","C","N","D","P","F","L","G","V","Y","Y","H","K","N","N","K","S","W","M","E","S","E","F","R","V","Y","S","S","A","N","N","C","T","F","E","Y","V","S","Q","P","F","L","M","D","L","E","G","K","Q","G","N","F","K","N","L","R","E","F","V","F","K","N","I","D","G","Y","F","K","I","Y","S","K","H","T","P","I","N","L","V","R","D","L","P","Q","G","F","S","A","L","E","P","L","V","D","L","P","I","G","I","N","I","T","R","F","Q","T","L","L","A","L","H","R","S","Y","L","T","P","G","D","S","S","S","G","W","T","A","G","A","A","A","Y","Y","V","G","Y","L","Q","P","R","T","F","L","L","K","Y","N","E","N","G","T","I","T","D","A","V","D","C","A","L","D","P","L","S","E","T","K","C","T","L","K","S","F","T","V","E","K","G","I","Y","Q","T","S","N","F","R","V","Q","P","T","E","S","I","V","R","F","P","N","I","T","N","L","C","P","F","G","E","V","F","N","A","T","R","F","A","S","V","Y","A","W","N","R","K","R","I","S","N","C","V","A","D","Y","S","V","L","Y","N","S","A","S","F","S","T","F","K","C","Y","G","V","S","P","T","K","L","N","D","L","C","F","T","N","V","Y","A","D","S","F","V","I","R","G","D","E","V","R","Q","I","A","P","G","Q","T","G","K","I","A","D","Y","N","Y","K","L","P","D","D","F","T","G","C","V","I","A","W","N","S","N","N","L","D","S","K","V","G","G","N","Y","N","Y","L","Y","R","L","F","R","K","S","N","L","K","P","F","E","R","D","I","S","T","E","I","Y","Q","A","G","S","T","P","C","N","G","V","E","G","F","N","C","Y","F","P","L","Q","S","Y","G","F","Q","P","T","N","G","V","G","Y","Q","P","Y","R","V","V","V","L","S","F","E","L","L","H","A","P","A","T","V","C","G","P","K","K","S","T","N","L","V","K","N","K","C","V","N","F","N","F","N","G","L","T","G","T","G","V","L","T","E","S","N","K","K","F","L","P","F","Q","Q","F","G","R","D","I","A","D","T","T","D","A","V","R","D","P","Q","T","L","E","I","L","D","I","T","P","C","S","F","G","G","V","S","V","I","T","P","G","T","N","T","S","N","Q","V","A","V","L","Y","Q","G","V","N","C","T","E","V","P","V","A","I","H","A","D","Q","L","T","P","T","W","R","V","Y","S","T","G","S","N","V","F","Q","T","R","A","G","C","L","I","G","V","E","H","V","N","N","S","Y","E","C","D","I","P","I","G","A","G","I","C","A","S","Y","Q","T","Q","T","N","S","P","R","R","A","R","S","V","A","S","Q","S","I","I","A","Y","T","M","S","L","G","A","E","N","S","V","A","Y","S","N","N","S","I","A","I","P","T","N","F","T","I","S","V","T","T","E","I","L","P","V","S","M","T","K","T","S","V","D","C","T","M","Y","I","C","G","D","S","T","E","C","S","N","L","L","L","Q","Y","G","S","F","C","T","Q","L","N","R","A","L","T","G","I","A","V","E","Q","D","K","N","T","Q","E","V","F","A","Q","V","K","Q","I","Y","K","T","P","P","I","K","D","F","G","G","F","N","F","S","Q","I","L","P","D","P","S","K","P","S","K","R","S","F","I","E","D","L","L","F","N","K","V","T","L","A","D","A","G","F","I","K","Q","Y","G","D","C","L","G","D","I","A","A","R","D","L","I","C","A","Q","K","F","N","G","L","T","V","L","P","P","L","L","T","D","E","M","I","A","Q","Y","T","S","A","L","L","A","G","T","I","T","S","G","W","T","F","G","A","G","A","A","L","Q","I","P","F","A","M","Q","M","A","Y","R","F","N","G","I","G","V","T","Q","N","V","L","Y","E","N","Q","K","L","I","A","N","Q","F","N","S","A","I","G","K","I","Q","D","S","L","S","S","T","A","S","A","L","G","K","L","Q","D","V","V","N","Q","N","A","Q","A","L","N","T","L","V","K","Q","L","S","S","N","F","G","A","I","S","S","V","L","N","D","I","L","S","R","L","D","K","V","E","A","E","V","Q","I","D","R","L","I","T","G","R","L","Q","S","L","Q","T","Y","V","T","Q","Q","L","I","R","A","A","E","I","R","A","S","A","N","L","A","A","T","K","M","S","E","C","V","L","G","Q","S","K","R","V","D","F","C","G","K","G","Y","H","L","M","S","F","P","Q","S","A","P","H","G","V","V","F","L","H","V","T","Y","V","P","A","Q","E","K","N","F","T","T","A","P","A","I","C","H","D","G","K","A","H","F","P","R","E","G","V","F","V","S","N","G","T","H","W","F","V","T","Q","R","N","F","Y","E","P","Q","I","I","T","T","D","N","T","F","V","S","G","N","C","D","V","V","I","G","I","V","N","N","T","V","Y","D","P","L","Q","P","E","L","D","S","F","K","E","E","L","D","K","Y","F","K","N","H","T","S","P","D","V","D","L","G","D","I","S","G","I","N","A","S","V","V","N","I","Q","K","E","I","D","R","L","N","E","V","A","K","N","L","N","E","S","L","I","D","L","Q","E","L","G","K","Y","E","Q","Y","I","K","W","P","W","Y","I","W","L","G","F","I","A","G","L","I","A","I","V","M","V","T","I","M","L","C","C","M","T","S","C","C","S","C","L","K","G","C","C","S","C","G","S","C","C","K","F","D","E","D","D","S","E","P","V","L","K","G","V","K","L","H","Y","T","---"
"New.hCoV.19.Japan.PG.17327.2020","M","F","V","F","L","V","L","L","P","L","V","S","S","Q","C","V","N","L","T","T","R","T","Q","L","P","P","A","Y","T","N","S","F","T","R","G","V","Y","Y","P","D","K","V","F","R","S","S","V","L","H","S","T","Q","D","L","F","L","P","F","F","S","N","V","T","W","F","H","A","I","H","V","S","G","T","N","G","T","K","R","F","D","N","P","V","L","P","F","N","D","G","V","Y","F","A","S","T","E","K","S","N","I","I","R","G","W","I","F","G","T","T","L","D","S","K","T","Q","S","L","L","I","V","N","N","A","T","N","V","V","I","K","V","C","E","F","Q","F","C","N","D","P","F","L","G","V","Y","Y","H","K","N","N","K","S","W","M","E","S","E","F","R","V","Y","S","S","A","N","N","C","T","F","E","Y","V","S","Q","P","F","L","M","D","L","E","G","K","Q","G","N","F","K","N","L","R","E","F","V","F","K","N","I","D","G","Y","F","K","I","Y","S","K","H","T","P","I","N","L","V","R","D","L","P","Q","G","F","S","A","L","E","P","L","V","D","L","P","I","G","I","N","I","T","R","F","Q","T","L","L","A","L","H","R","S","Y","L","T","P","G","D","S","S","S","G","W","T","A","G","A","A","A","Y","Y","V","G","Y","L","Q","P","R","T","F","L","L","K","Y","N","E","N","G","T","I","T","D","A","V","D","C","A","L","D","P","L","S","E","T","K","C","T","L","K","S","F","T","V","E","K","G","I","Y","Q","T","S","N","F","R","V","Q","P","T","E","S","I","V","R","F","P","N","I","T","N","L","C","P","F","G","E","V","F","N","A","T","R","F","A","S","V","Y","A","W","N","R","K","R","I","S","N","C","V","A","D","Y","S","V","L","Y","N","S","A","S","F","S","T","F","K","C","Y","G","V","S","P","T","K","L","N","D","L","C","F","T","N","V","Y","A","D","S","F","V","I","R","G","D","E","V","R","Q","I","A","P","G","Q","T","G","K","I","A","D","Y","N","Y","K","L","P","D","D","F","T","G","C","V","I","A","W","N","S","N","N","L","D","S","K","V","G","G","N","Y","N","Y","L","Y","R","L","F","R","K","S","N","L","K","P","F","E","R","D","I","S","T","E","I","Y","Q","A","G","S","T","P","C","N","G","V","E","G","F","N","C","Y","F","P","L","Q","S","Y","G","F","Q","P","T","N","G","V","G","Y","Q","P","Y","R","V","V","V","L","S","F","E","L","L","H","A","P","A","T","V","C","G","P","K","K","S","T","N","L","V","K","N","K","C","V","N","F","N","F","N","G","L","T","G","T","G","V","L","T","E","S","N","K","K","F","L","P","F","Q","Q","F","G","R","D","I","A","D","T","T","D","A","V","R","D","P","Q","T","L","E","I","L","D","I","T","P","C","S","F","G","G","V","S","V","I","T","P","G","T","N","T","S","N","Q","V","A","V","L","Y","Q","G","V","N","C","T","E","V","P","V","A","I","H","A","D","Q","L","T","P","T","W","R","V","Y","S","T","G","S","N","V","F","Q","T","R","A","G","C","L","I","G","A","E","H","V","N","N","S","Y","E","C","D","I","P","I","G","A","G","I","C","A","S","Y","Q","T","Q","T","N","S","P","R","R","A","R","S","V","A","S","Q","S","I","I","A","Y","T","M","S","L","G","A","E","N","S","V","A","Y","S","N","N","S","I","A","I","P","T","N","F","T","I","S","V","T","T","E","I","L","P","V","S","M","T","K","T","S","V","D","C","T","M","Y","I","C","G","D","S","T","E","C","S","N","L","L","L","Q","Y","G","S","F","C","T","Q","L","N","R","A","L","T","G","I","A","V","E","Q","D","K","N","T","Q","E","V","F","A","Q","V","K","Q","I","Y","K","T","P","P","I","K","D","F","G","G","F","N","F","S","Q","I","L","P","D","P","S","K","P","S","K","R","S","F","I","E","D","L","L","F","N","K","V","T","L","A","D","A","G","F","I","K","Q","Y","G","D","C","L","G","D","I","A","A","R","D","L","I","C","A","Q","K","F","N","G","L","T","V","L","P","P","L","L","T","D","E","M","I","A","Q","Y","T","S","A","L","L","A","G","T","I","T","S","G","W","T","F","G","A","G","A","A","L","Q","I","P","F","A","M","Q","M","A","Y","R","F","N","G","I","G","V","T","Q","N","V","L","Y","E","N","Q","K","L","I","A","N","Q","F","N","S","A","I","G","K","I","Q","D","S","L","S","S","T","A","S","A","L","G","K","L","Q","D","V","V","N","Q","N","A","Q","A","L","N","T","L","V","K","Q","L","S","S","N","F","G","A","I","S","S","V","L","N","D","I","L","S","R","L","D","K","V","E","A","E","V","Q","I","D","R","L","I","T","G","R","L","Q","S","L","Q","T","Y","V","T","Q","Q","L","I","R","A","A","E","I","R","A","S","A","N","L","A","A","T","K","M","S","E","C","V","L","G","Q","S","K","R","V","D","F","C","G","K","G","Y","H","L","M","S","F","P","Q","S","A","P","H","G","V","V","F","L","H","V","T","Y","V","P","A","Q","E","K","N","F","T","T","A","P","A","I","C","H","D","G","K","A","H","F","P","R","E","G","V","F","V","S","N","G","T","H","W","F","V","T","Q","R","N","F","Y","E","P","Q","I","I","T","T","D","N","T","F","V","S","G","N","C","D","V","V","I","G","I","V","N","N","T","V","Y","D","P","L","Q","P","E","L","D","S","F","K","E","E","L","D","K","Y","F","K","N","H","T","S","P","D","V","D","L","G","D","I","S","G","I","N","A","S","V","V","N","I","Q","K","E","I","D","R","L","N","E","V","A","K","N","L","N","E","S","L","I","D","L","Q","E","L","G","K","Y","E","Q","Y","I","K","W","P","W","Y","I","W","L","G","F","I","A","G","L","I","A","I","V","M","V","T","I","M","L","C","C","M","T","S","C","C","S","C","L","K","G","C","C","S","C","G","S","C","C","K","F","D","E","D","D","S","E","P","V","L","K","G","V","K","L","H","Y","T","---"
"New.hCoV.19.Japan.PG.12305.2020","M","F","V","F","L","V","L","L","P","L","V","S","S","Q","C","V","N","L","T","T","R","T","Q","L","P","P","A","Y","T","N","S","F","T","R","G","V","Y","Y","P","D","K","V","F","R","S","S","V","L","H","S","T","Q","D","L","F","L","P","F","F","S","N","V","T","W","F","H","A","I","H","V","S","G","T","N","G","T","K","R","F","D","N","P","V","L","P","F","N","D","G","V","Y","F","A","S","T","E","K","S","N","I","I","R","G","W","I","F","G","T","T","L","D","S","K","T","Q","S","L","L","I","V","N","N","A","T","N","V","V","I","K","V","C","E","F","Q","F","C","N","D","P","F","L","G","V","Y","Y","H","K","N","N","K","S","W","M","E","S","E","F","R","V","Y","S","S","A","N","N","C","T","F","E","Y","V","S","Q","P","F","L","M","D","L","E","G","K","Q","G","N","F","K","N","L","R","E","F","V","F","K","N","I","D","G","Y","F","K","I","Y","S","K","H","T","P","I","N","L","V","R","D","L","P","Q","G","F","S","A","L","E","P","L","V","D","L","P","I","G","I","N","I","T","R","F","Q","T","L","L","A","L","H","R","S","Y","L","T","P","G","D","S","S","S","G","W","T","A","G","A","A","A","Y","Y","V","G","Y","L","Q","P","R","T","F","L","L","K","Y","N","E","N","G","T","I","T","D","A","V","D","C","A","L","D","P","L","S","E","T","K","C","T","L","K","S","F","T","V","E","K","G","I","Y","Q","T","S","N","F","R","V","Q","P","T","E","S","I","V","R","F","P","N","I","T","N","L","C","P","F","G","E","V","F","N","A","T","R","F","A","S","V","Y","A","W","N","R","K","R","I","S","N","C","V","A","D","Y","S","V","L","Y","N","S","A","S","F","S","T","F","K","C","Y","G","V","S","P","T","K","L","N","D","L","C","F","T","N","V","Y","A","D","S","F","V","I","R","G","D","E","V","R","Q","I","A","P","G","Q","T","G","K","I","A","D","Y","N","Y","K","L","P","D","D","F","T","G","C","V","I","A","W","N","S","N","N","L","D","S","K","V","G","G","N","Y","N","Y","L","Y","R","L","F","R","K","S","N","L","K","P","F","E","R","D","I","S","T","E","I","Y","Q","A","G","S","T","P","C","N","G","V","E","G","F","N","C","Y","F","P","L","Q","S","Y","G","F","Q","P","T","N","G","V","G","Y","Q","P","Y","R","V","V","V","L","S","F","E","L","L","H","A","P","A","T","V","C","G","P","K","K","S","T","N","L","V","K","N","K","C","V","N","F","N","F","N","G","L","T","G","T","G","V","L","T","E","S","N","K","K","F","L","P","F","Q","Q","F","G","R","D","I","A","D","T","T","D","A","V","R","D","P","Q","T","L","E","I","L","D","I","T","P","C","S","F","G","G","V","S","V","I","T","P","G","T","N","T","S","N","Q","V","A","V","L","Y","Q","G","V","N","C","T","E","V","P","V","A","I","H","A","D","Q","L","T","P","T","W","R","V","Y","S","T","G","S","N","V","F","Q","T","R","A","G","C","L","I","G","A","E","H","V","N","N","S","Y","E","C","D","I","P","I","G","A","G","I","C","A","S","Y","Q","T","Q","T","N","S","P","R","R","A","R","S","V","A","S","Q","S","I","I","A","Y","T","M","S","L","G","A","E","N","S","V","A","Y","S","N","N","S","I","A","I","P","T","N","F","T","I","S","V","T","T","E","I","L","P","V","S","M","T","K","T","S","V","D","C","T","M","Y","I","C","G","D","S","T","E","C","S","N","L","L","L","Q","Y","G","S","F","C","T","Q","L","N","R","A","L","T","G","I","A","V","E","Q","D","K","N","T","Q","E","V","F","A","Q","V","K","Q","I","Y","K","T","P","P","I","K","D","F","G","G","F","N","F","S","Q","I","L","P","D","P","S","K","P","S","K","R","S","F","I","E","D","L","L","F","N","K","V","T","L","A","D","A","G","F","I","K","Q","Y","G","D","C","L","G","D","I","A","A","R","D","L","I","C","A","Q","K","F","N","G","L","T","V","L","P","P","L","L","T","D","E","M","I","A","Q","Y","T","S","A","L","L","A","G","T","I","T","S","G","W","T","F","G","A","G","A","A","L","Q","I","P","F","A","M","Q","M","A","Y","R","F","N","G","I","G","V","T","Q","N","V","L","Y","E","N","Q","K","L","I","A","N","Q","F","N","S","A","I","G","K","I","Q","D","S","L","S","S","T","A","S","A","L","G","K","L","Q","D","V","V","N","Q","N","A","Q","A","L","N","T","L","V","K","Q","L","S","S","N","F","G","A","I","S","S","V","L","N","D","I","L","S","R","L","D","K","V","E","A","E","V","Q","I","D","R","L","I","T","G","R","L","Q","S","L","Q","T","Y","V","T","Q","Q","L","I","R","A","A","E","I","R","A","S","A","N","L","A","A","T","K","M","S","E","C","V","L","G","Q","S","K","R","V","D","F","C","G","K","G","Y","H","L","M","S","F","P","Q","S","A","P","H","G","V","V","F","L","H","V","T","Y","V","P","A","Q","E","K","N","F","T","T","A","P","A","I","C","H","D","G","K","A","H","F","P","R","E","G","V","F","V","S","N","G","T","H","W","F","V","T","Q","R","N","F","Y","E","P","Q","I","I","T","T","D","N","T","F","V","S","G","N","C","D","V","V","I","G","I","V","N","N","T","V","Y","D","P","L","Q","P","E","L","D","S","F","K","E","E","L","D","K","Y","F","K","N","H","T","S","P","D","V","D","L","G","D","I","S","G","I","N","A","S","V","V","N","I","Q","K","E","I","D","R","L","N","E","V","A","K","N","L","N","E","S","L","I","D","L","Q","E","L","G","K","Y","E","Q","Y","I","K","W","P","W","Y","I","W","L","G","F","I","A","G","L","I","A","I","V","M","V","T","I","M","L","C","C","M","T","S","C","C","S","C","L","K","G","C","C","S","C","G","S","C","C","K","F","D","E","D","D","S","E","P","V","L","K","G","V","K","L","H","Y","T","---"
"New.hCoV.19.Japan.PG.12982.2020","M","F","V","F","L","V","L","L","P","L","V","S","S","Q","C","V","N","L","T","T","R","T","Q","L","P","P","A","Y","T","N","S","F","T","R","G","V","Y","Y","P","D","K","V","F","R","S","S","V","L","H","S","T","Q","D","L","F","L","P","F","F","S","N","V","T","W","F","H","A","I","H","V","S","G","T","N","G","T","K","R","F","D","N","P","V","L","P","F","N","D","G","V","Y","F","A","S","T","E","K","S","N","I","I","R","G","W","I","F","G","T","T","L","D","S","K","T","Q","S","L","L","I","V","N","N","A","T","N","V","V","I","K","V","C","E","F","Q","F","C","N","D","P","F","L","G","V","Y","Y","H","K","N","N","K","S","W","T","E","S","E","F","R","V","Y","S","S","A","N","N","C","T","F","E","Y","V","S","Q","P","F","L","M","D","L","E","G","K","Q","G","N","F","K","N","L","R","E","F","V","F","K","N","I","D","G","Y","F","K","I","Y","S","K","H","T","P","I","N","L","V","R","D","L","P","Q","G","F","S","A","L","E","P","L","V","D","L","P","I","G","I","N","I","T","R","F","Q","T","L","L","A","L","H","R","S","Y","L","T","P","G","D","S","S","S","G","W","T","A","G","A","A","A","Y","Y","V","G","Y","L","Q","P","R","T","F","L","L","K","Y","N","E","N","G","T","I","T","D","A","V","D","C","A","L","D","P","L","S","E","T","K","C","T","L","K","S","F","T","V","E","K","G","I","Y","Q","T","S","N","F","R","V","Q","P","T","E","S","I","V","R","F","P","N","I","T","N","L","C","P","F","G","E","V","F","N","A","T","R","F","A","S","V","Y","A","W","N","R","K","R","I","S","N","C","V","A","D","Y","S","V","L","Y","N","S","A","S","F","S","T","F","K","C","Y","G","V","S","P","T","K","L","N","D","L","C","F","T","N","V","Y","A","D","S","F","V","I","R","G","D","E","V","R","Q","I","A","P","G","Q","T","G","K","I","A","D","Y","N","Y","K","L","P","D","D","F","T","G","C","V","I","A","W","N","S","N","N","L","D","S","K","V","G","G","N","Y","N","Y","L","Y","R","L","F","R","K","S","N","L","K","P","F","E","R","D","I","S","T","E","I","Y","Q","A","G","S","T","P","C","N","G","V","E","G","F","N","C","Y","F","P","L","Q","S","Y","G","F","Q","P","T","N","G","V","G","Y","Q","P","Y","R","V","V","V","L","S","F","E","L","L","H","A","P","A","T","V","C","G","P","K","K","S","T","N","L","V","K","N","K","C","V","N","F","N","F","N","G","L","T","G","T","G","V","L","T","E","S","N","K","K","F","L","P","F","Q","Q","F","G","R","D","I","A","D","T","T","D","A","V","R","D","P","Q","T","L","E","I","L","D","I","T","P","C","S","F","G","G","V","S","V","I","T","P","G","T","N","T","S","N","Q","V","A","V","L","Y","Q","G","V","N","C","T","E","V","P","V","A","I","H","A","D","Q","L","T","P","T","W","R","V","Y","S","T","G","S","N","V","F","Q","T","R","A","G","C","L","I","G","A","E","H","V","N","N","S","Y","E","C","D","I","P","I","G","A","G","I","C","A","S","Y","Q","T","Q","T","N","S","P","R","R","A","R","S","V","A","S","Q","S","I","I","A","Y","T","M","S","L","G","A","E","N","S","V","A","Y","S","N","N","S","I","A","I","P","T","N","F","T","I","S","V","T","T","E","I","L","P","V","S","M","T","K","T","S","V","D","C","T","M","Y","I","C","G","D","S","T","E","C","S","N","L","L","L","Q","Y","G","S","F","C","T","Q","L","N","R","A","L","T","G","I","A","V","E","Q","D","K","N","T","Q","E","V","F","A","Q","V","K","Q","I","Y","K","T","P","P","I","K","D","F","G","G","F","N","F","S","Q","I","L","P","D","P","S","K","P","S","K","R","S","F","I","E","D","L","L","F","N","K","V","T","L","A","D","A","G","F","I","K","Q","Y","G","D","C","L","G","D","I","A","A","R","D","L","I","C","A","Q","K","F","N","G","L","T","V","L","P","P","L","L","T","D","E","M","I","A","Q","Y","T","S","A","L","L","A","G","T","I","T","S","G","W","T","F","G","A","G","A","A","L","Q","I","P","F","A","M","Q","M","A","Y","R","F","N","G","I","G","V","T","Q","N","V","L","Y","E","N","Q","K","L","I","A","N","Q","F","N","S","A","I","G","K","I","Q","D","S","L","S","S","T","A","S","A","L","G","K","L","Q","D","V","V","N","Q","N","A","Q","A","L","N","T","L","V","K","Q","L","S","S","N","F","G","A","I","S","S","V","L","N","D","I","L","S","R","L","D","K","V","E","A","E","V","Q","I","D","R","L","I","T","G","R","L","Q","S","L","Q","T","Y","V","T","Q","Q","L","I","R","A","A","E","I","R","A","S","A","N","L","A","A","T","K","M","S","E","C","V","L","G","Q","S","K","R","V","D","F","C","G","K","G","Y","H","L","M","S","F","P","Q","S","A","P","H","G","V","V","F","L","H","V","T","Y","V","P","A","Q","E","K","N","F","T","T","A","P","A","I","C","H","D","G","K","A","H","F","P","R","E","G","V","F","V","S","N","G","T","H","W","F","V","T","Q","R","N","F","Y","E","P","Q","I","I","T","T","D","N","T","F","V","S","G","N","C","D","V","V","I","G","I","V","N","N","T","V","Y","D","P","L","Q","P","E","L","D","S","F","K","E","E","L","D","K","Y","F","K","N","H","T","S","P","D","V","D","L","G","D","I","S","G","I","N","A","S","V","V","N","I","Q","K","E","I","D","R","L","N","E","V","A","K","N","L","N","E","S","L","I","D","L","Q","E","L","G","K","Y","E","Q","Y","I","K","W","P","W","Y","I","W","L","G","F","I","A","G","L","I","A","I","V","M","V","T","I","M","L","C","C","M","T","S","C","C","S","C","L","K","G","C","C","S","C","G","S","C","C","K","F","D","E","D","D","S","E","P","V","L","K","G","V","K","L","H","Y","T","---"
"New.hCoV.19.Japan.PG.13447.2020","M","F","V","F","L","V","L","L","P","L","V","S","S","Q","C","V","N","L","T","T","R","T","Q","L","P","P","A","Y","T","N","S","F","T","R","G","V","Y","Y","P","D","K","V","F","R","S","S","V","L","H","S","T","Q","D","L","F","L","P","F","F","S","N","V","T","W","F","H","A","I","H","V","S","G","T","N","G","T","K","R","F","D","N","P","V","L","P","F","N","D","G","V","Y","F","A","S","T","E","K","S","N","I","I","R","G","W","I","F","G","T","T","L","D","S","K","T","Q","S","L","L","I","V","N","N","A","T","N","V","V","I","K","V","C","E","F","Q","F","C","N","D","P","F","L","G","V","Y","Y","H","K","N","N","K","S","W","M","E","S","E","F","R","V","Y","S","S","A","N","N","C","T","F","E","Y","V","S","Q","P","F","L","M","D","L","E","G","K","Q","G","N","F","K","N","L","R","E","F","V","F","K","N","I","D","G","Y","F","K","I","Y","S","K","H","T","P","I","N","L","V","R","D","L","P","Q","G","F","S","A","L","E","P","L","V","D","L","P","I","G","I","N","I","T","R","F","Q","T","L","L","A","L","H","R","S","Y","L","T","P","G","D","S","S","S","G","W","T","A","G","A","A","A","Y","Y","V","G","Y","L","Q","P","R","T","F","L","L","K","Y","N","E","N","G","T","I","T","D","A","V","D","C","A","L","D","P","L","S","E","T","K","C","T","L","K","S","F","T","V","E","K","G","I","Y","Q","T","S","N","F","R","V","Q","P","T","E","S","I","V","R","F","P","N","I","T","N","L","C","P","F","G","E","V","F","N","A","T","R","F","A","S","V","Y","A","W","N","R","K","R","I","S","N","C","V","A","D","Y","S","V","L","Y","N","S","A","S","F","S","T","F","K","C","Y","G","V","S","P","T","K","L","N","D","L","C","F","T","N","V","Y","A","D","S","F","V","I","R","G","D","E","V","R","Q","I","A","P","G","Q","T","G","K","I","A","D","Y","N","Y","K","L","P","D","D","F","T","G","C","V","I","A","W","N","S","N","N","L","D","S","K","V","G","G","N","Y","N","Y","L","Y","R","L","F","R","K","S","N","L","K","P","F","E","R","D","I","S","T","E","I","Y","Q","A","G","S","T","P","C","N","G","V","E","G","F","N","C","Y","F","P","L","Q","S","Y","G","F","Q","P","T","N","G","V","G","Y","Q","P","Y","R","V","V","V","L","S","F","E","L","L","H","A","P","A","T","V","C","G","P","K","K","S","T","N","L","V","K","N","K","C","V","N","F","N","F","N","G","L","T","G","T","G","V","L","T","E","S","N","K","K","F","L","P","F","Q","Q","F","G","R","D","I","A","D","T","T","D","A","V","R","D","P","Q","T","L","E","I","L","D","I","T","P","C","S","F","G","G","V","S","V","I","T","P","G","T","N","T","S","N","Q","V","A","V","L","Y","Q","G","V","N","C","T","E","V","P","V","A","I","H","A","D","Q","L","T","P","T","W","R","V","Y","S","T","G","S","N","V","F","Q","T","R","A","G","C","L","I","G","A","E","H","V","N","N","S","Y","E","C","D","I","P","I","G","A","G","I","C","A","S","Y","Q","T","Q","T","N","S","P","R","R","A","R","S","V","A","S","Q","S","I","I","A","Y","T","M","S","L","G","A","E","N","S","V","A","Y","S","N","N","S","I","A","I","P","T","N","F","T","I","S","V","T","T","E","I","L","P","V","S","M","T","K","T","S","V","D","C","T","M","Y","I","C","G","D","S","T","E","C","S","N","L","L","L","Q","Y","G","S","F","C","T","Q","L","N","R","A","L","T","G","I","A","V","E","Q","D","K","N","T","Q","E","V","F","A","Q","V","K","Q","I","Y","K","T","P","P","I","K","D","F","G","G","F","N","F","S","Q","I","L","P","D","P","S","K","P","S","K","R","S","F","I","E","D","L","L","F","N","K","V","T","L","A","D","A","G","F","I","K","Q","Y","G","D","C","L","G","D","I","A","A","R","D","L","I","C","A","Q","K","F","N","G","L","T","V","L","P","P","L","L","T","D","E","M","I","A","Q","Y","T","S","A","L","L","A","G","T","I","T","S","G","W","T","F","G","A","G","A","A","L","Q","I","P","F","A","M","Q","M","A","Y","R","F","N","G","I","G","V","T","Q","N","V","L","Y","E","N","Q","K","L","I","A","N","Q","F","N","S","A","I","G","K","I","Q","D","S","L","S","S","T","A","S","A","L","G","K","L","Q","D","V","V","N","Q","N","A","Q","A","L","N","T","L","V","K","Q","L","S","S","N","F","G","A","I","S","S","V","L","N","D","I","L","S","R","L","D","K","V","E","A","E","V","Q","I","D","R","L","I","T","G","R","L","Q","S","L","Q","T","Y","V","T","Q","Q","L","I","R","A","A","E","I","R","A","S","A","N","L","A","A","T","K","M","S","E","C","V","L","G","Q","S","K","R","V","D","F","C","G","K","G","Y","H","L","M","S","F","P","Q","S","A","P","H","G","V","V","F","L","H","V","T","Y","V","P","A","Q","E","K","N","F","T","T","A","P","A","I","C","H","D","G","K","A","H","F","P","R","E","G","V","F","V","S","N","G","T","H","W","F","V","T","Q","R","N","F","Y","E","P","Q","I","I","T","T","D","N","T","F","V","S","G","N","C","D","V","V","I","G","I","V","N","N","T","V","Y","D","P","L","Q","P","E","L","D","S","F","K","E","E","L","D","K","Y","F","K","N","H","T","S","P","D","V","D","L","G","D","I","S","G","I","N","A","S","V","V","N","I","Q","K","E","I","D","R","L","N","E","V","A","K","N","L","N","E","S","L","I","D","L","Q","E","L","G","K","Y","E","Q","Y","I","K","W","P","W","Y","I","W","L","G","F","I","A","G","L","I","A","I","V","M","V","T","I","M","L","C","C","M","T","S","C","C","S","C","L","K","G","C","C","S","C","G","S","C","C","K","F","D","E","D","D","S","E","P","V","L","K","G","V","K","L","H","Y","T","---"
"New.hCoV.19.Japan.PG.12627.2020","M","F","V","F","L","V","L","L","P","L","V","S","S","Q","C","V","N","L","T","T","R","T","Q","L","P","P","A","Y","T","N","S","F","T","R","G","V","Y","Y","P","D","K","V","F","R","S","S","V","L","H","S","T","Q","D","L","F","L","P","F","F","S","N","V","T","W","F","H","A","I","H","V","S","G","T","N","G","T","K","R","F","D","N","P","V","L","P","F","N","D","G","V","Y","F","A","S","T","E","K","S","N","I","I","R","G","W","I","F","G","T","T","L","D","S","K","T","Q","S","L","L","I","V","N","N","A","T","N","V","V","I","K","V","C","E","F","Q","F","C","N","D","P","F","L","G","V","Y","Y","H","K","N","N","K","S","W","M","E","S","E","F","R","V","Y","S","S","A","N","N","C","T","F","E","Y","V","S","Q","P","F","L","M","D","L","E","G","K","Q","G","N","F","K","N","L","R","E","F","V","F","K","N","I","D","G","Y","F","K","I","Y","S","K","H","T","P","I","N","L","V","R","D","L","P","Q","G","F","S","A","L","E","P","L","V","D","L","P","I","G","I","N","I","T","R","F","Q","T","L","L","A","L","H","R","S","Y","L","T","P","G","D","S","S","S","G","W","T","A","G","A","A","A","Y","Y","V","G","Y","L","Q","P","R","T","F","L","L","K","Y","N","E","N","G","T","I","T","D","A","V","D","C","A","L","D","P","L","S","E","T","K","C","T","L","K","S","F","T","V","E","K","G","I","Y","Q","T","S","N","F","R","V","Q","P","T","E","S","I","V","R","F","P","N","I","T","N","L","C","P","F","G","E","V","F","N","A","T","R","F","A","S","V","Y","A","W","N","R","K","R","I","S","N","C","V","A","D","Y","S","V","L","Y","N","S","A","S","F","S","T","F","K","C","Y","G","V","S","P","T","K","L","N","D","L","C","F","T","N","V","Y","A","D","S","F","V","I","R","G","D","E","V","R","Q","I","A","P","G","Q","T","G","K","I","A","D","Y","N","Y","K","L","P","D","D","F","T","G","C","V","I","A","W","N","S","N","N","L","D","S","K","V","G","G","N","Y","N","Y","L","Y","R","L","F","R","K","S","N","L","K","P","F","E","R","D","I","S","T","E","I","Y","Q","A","G","S","T","P","C","N","G","V","E","G","F","N","C","Y","F","P","L","Q","S","Y","G","F","Q","P","T","N","G","V","G","Y","Q","P","Y","R","V","V","V","L","S","F","E","L","L","H","A","P","A","T","V","C","G","P","K","K","S","T","N","L","V","K","N","K","C","V","N","F","N","F","N","G","L","T","G","T","G","V","L","T","E","S","N","K","K","F","L","P","F","Q","Q","F","G","R","D","I","A","D","T","T","D","A","V","R","D","P","Q","T","L","E","I","L","D","I","T","P","C","S","F","G","G","V","S","V","I","T","P","G","T","N","T","S","N","Q","V","A","V","L","Y","Q","G","V","N","C","T","E","V","P","V","A","I","H","A","D","Q","L","T","P","T","W","R","V","Y","S","T","G","S","N","V","F","Q","T","R","A","G","C","L","I","G","A","E","H","V","N","N","S","Y","E","C","D","I","P","I","G","A","G","I","C","A","S","Y","Q","T","Q","T","N","S","P","R","R","A","R","S","V","A","S","Q","S","I","I","A","Y","T","M","S","L","G","A","E","N","S","V","A","Y","S","N","N","S","I","A","I","P","T","N","F","T","I","S","V","T","T","E","I","L","P","V","S","M","T","K","T","S","V","D","C","T","M","Y","I","C","G","D","S","T","E","C","S","N","L","L","L","Q","Y","G","S","F","C","T","Q","L","N","R","A","L","T","G","I","A","V","E","Q","D","K","N","T","Q","E","V","F","A","Q","V","K","Q","I","Y","K","T","P","P","I","K","D","F","G","G","F","N","F","S","Q","I","L","P","D","P","S","K","P","S","K","R","S","F","I","E","D","L","L","F","N","K","V","T","L","A","D","A","G","F","I","K","Q","Y","G","D","C","L","G","D","I","A","A","R","D","L","I","C","A","Q","K","F","N","G","L","T","V","L","P","P","L","L","T","D","E","M","I","A","Q","Y","T","S","A","L","L","A","G","T","I","T","S","G","W","T","F","G","A","G","A","A","L","Q","I","P","F","A","M","Q","M","A","Y","R","F","N","G","I","G","V","T","Q","N","V","L","Y","E","N","Q","K","L","I","A","N","Q","F","N","S","A","I","G","K","I","Q","D","S","L","S","S","T","A","S","A","L","G","K","L","Q","D","V","V","N","Q","N","A","Q","A","L","N","T","L","V","K","Q","L","S","S","N","F","G","A","I","S","S","V","L","N","D","I","L","S","R","L","D","K","V","E","A","E","V","Q","I","D","R","L","I","T","G","R","L","Q","S","L","Q","T","Y","V","T","Q","Q","L","I","R","A","A","E","I","R","A","S","A","N","L","A","A","T","K","M","S","E","C","V","L","G","Q","S","K","R","V","D","F","C","G","K","G","Y","H","L","M","S","F","P","Q","S","A","P","H","G","V","V","F","L","H","V","T","Y","V","P","A","Q","E","K","N","F","T","T","A","P","A","I","C","H","D","G","K","A","H","F","P","R","E","G","V","F","V","S","N","G","T","H","W","F","V","T","Q","R","N","F","Y","E","P","Q","I","I","T","T","D","N","T","F","V","S","G","N","C","D","V","V","I","G","I","V","N","N","T","V","Y","D","P","L","Q","P","E","L","D","S","F","K","E","E","L","D","K","Y","F","K","N","H","T","S","P","D","V","D","L","G","D","I","S","G","I","N","A","S","V","V","N","I","Q","K","E","I","D","R","L","N","E","V","A","K","N","L","N","E","S","L","I","D","L","Q","E","L","G","K","Y","E","Q","Y","I","K","W","P","W","Y","I","W","L","G","F","I","A","G","L","I","A","I","V","M","V","T","I","M","L","C","C","M","T","S","C","C","S","C","L","K","G","C","C","S","C","G","S","C","C","K","F","D","E","D","D","S","E","P","V","L","K","G","V","K","L","H","Y","T","---"
"New.hCoV.19.Japan.PG.14891.2020","M","F","V","F","L","V","L","L","P","L","V","S","S","Q","C","V","N","L","T","T","R","T","Q","L","P","P","A","Y","T","N","S","F","T","R","G","V","Y","Y","P","D","K","V","F","R","S","S","V","L","H","S","T","Q","D","L","F","L","P","F","F","S","N","V","T","W","F","H","A","I","H","V","S","G","T","N","G","T","K","R","F","D","N","P","V","L","P","F","N","D","G","V","Y","F","A","S","T","E","K","S","N","I","I","R","G","W","I","F","G","T","T","L","D","S","K","T","Q","S","L","L","I","V","N","N","A","T","N","V","V","I","K","V","C","E","F","Q","F","C","N","D","P","F","L","G","V","Y","Y","H","K","N","N","K","S","W","M","E","S","E","F","R","V","Y","S","S","A","N","N","C","T","F","E","Y","V","S","Q","P","F","L","M","D","L","E","G","K","Q","G","N","F","K","N","L","R","E","F","V","F","K","N","I","D","G","Y","F","K","I","Y","S","K","H","T","P","I","N","L","V","R","D","L","P","Q","G","F","S","A","L","E","P","L","V","D","L","P","I","G","I","N","I","T","R","F","Q","T","L","L","A","L","H","R","S","Y","L","T","P","G","D","S","S","S","G","W","T","A","G","A","A","A","Y","Y","V","G","Y","L","Q","P","R","T","F","L","L","K","Y","N","E","N","G","T","I","T","D","A","V","D","C","A","L","D","P","L","S","E","T","K","C","T","L","K","S","F","T","V","E","K","G","I","Y","Q","T","S","N","F","R","V","Q","P","T","E","S","I","V","R","F","P","N","I","T","N","L","C","P","F","G","E","V","F","N","A","T","R","F","A","S","V","Y","A","W","N","R","K","R","I","S","N","C","V","A","D","Y","S","V","L","Y","N","S","A","S","F","S","T","F","K","C","Y","G","V","S","P","T","K","L","N","D","L","C","F","T","N","V","Y","A","D","S","F","V","I","R","G","D","E","V","R","Q","I","A","P","G","Q","T","G","K","I","A","D","Y","N","Y","K","L","P","D","D","F","T","G","C","V","I","A","W","N","S","N","N","L","D","S","K","V","G","G","N","Y","N","Y","L","Y","R","L","F","R","K","S","N","L","K","P","F","E","R","D","I","S","T","E","I","Y","Q","A","G","S","T","P","C","N","G","V","E","G","F","N","C","Y","F","P","L","Q","S","Y","G","F","Q","P","T","N","G","V","G","Y","Q","P","Y","R","V","V","V","L","S","F","E","L","L","H","A","P","A","T","V","C","G","P","K","K","S","T","N","L","V","K","N","K","C","V","N","F","N","F","N","G","L","T","G","T","G","V","L","T","E","S","N","K","K","F","L","P","F","Q","Q","F","G","R","D","I","A","D","T","T","D","A","V","R","D","P","Q","T","L","E","I","L","D","I","T","P","C","S","F","G","G","V","S","V","I","T","P","G","T","N","T","S","N","Q","V","A","V","L","Y","Q","G","V","N","C","T","E","V","P","V","A","I","H","A","D","Q","L","T","P","T","W","R","V","Y","S","T","G","S","N","V","F","Q","T","R","A","G","C","L","I","G","A","E","H","V","N","N","S","Y","E","C","D","I","P","I","G","A","G","I","C","A","S","Y","Q","T","Q","T","N","S","P","R","R","A","R","S","V","A","S","Q","S","I","I","A","Y","T","M","S","L","G","A","E","N","S","V","A","Y","S","N","N","S","I","A","I","P","T","N","F","T","I","S","V","T","T","E","I","L","P","V","S","M","T","K","T","S","V","D","C","T","M","Y","I","C","G","D","S","T","E","C","S","N","L","L","L","Q","Y","G","S","F","C","T","Q","L","N","R","A","L","T","G","I","A","V","E","Q","D","K","N","T","Q","E","V","F","A","Q","V","K","Q","I","Y","K","T","P","P","I","K","D","F","G","G","F","N","F","S","Q","I","L","P","D","P","S","K","P","S","K","R","S","F","I","E","D","L","L","F","N","K","V","T","L","A","D","A","G","F","I","K","Q","Y","G","D","C","L","G","D","I","A","A","R","D","L","I","C","A","Q","K","F","N","G","L","T","V","L","P","P","L","L","T","D","E","M","I","A","Q","Y","T","S","A","L","L","A","G","T","I","T","S","G","W","T","F","G","A","G","A","A","L","Q","I","P","F","A","M","Q","M","A","Y","R","F","N","G","I","G","V","T","Q","N","V","L","Y","E","N","Q","K","L","I","A","N","Q","F","N","S","A","I","G","K","I","Q","D","S","L","S","S","T","A","S","A","L","G","K","L","Q","D","V","V","N","Q","N","A","Q","A","L","N","T","L","V","K","Q","L","S","S","N","F","G","A","I","S","S","V","L","N","D","I","L","S","R","L","D","K","V","E","A","E","V","Q","I","D","R","L","I","T","G","R","L","Q","S","L","Q","T","Y","V","T","Q","Q","L","I","R","A","A","E","I","R","A","S","A","N","L","A","A","T","K","M","S","E","C","V","L","G","Q","S","K","R","V","D","F","C","G","K","G","Y","H","L","M","S","F","P","Q","S","A","P","H","G","V","V","F","L","H","V","T","Y","V","P","A","Q","E","K","N","F","T","T","A","P","A","I","C","H","D","G","K","A","H","F","P","R","E","G","V","F","V","S","N","G","T","H","W","F","V","T","Q","R","N","F","Y","E","P","Q","I","I","T","T","D","N","T","F","V","S","G","N","C","D","V","V","I","G","I","V","N","N","T","V","Y","D","P","L","Q","P","E","L","D","S","F","K","E","E","L","D","K","Y","F","K","N","H","T","S","P","D","V","D","L","G","D","I","S","G","I","N","A","S","V","V","N","I","Q","K","E","I","D","R","L","N","E","V","A","K","N","L","N","E","S","L","I","D","L","Q","E","L","G","K","Y","E","Q","Y","I","K","W","P","W","Y","I","W","L","G","F","I","A","G","L","I","A","I","V","M","V","T","I","M","L","C","C","M","T","S","C","C","S","C","L","K","G","C","C","S","C","G","S","C","C","K","F","D","E","D","D","S","E","P","V","L","K","G","V","K","L","H","Y","T","---"
"New.hCoV.19.Japan.PG.12778.2020","M","F","V","F","L","V","L","L","P","L","V","S","S","Q","C","V","N","L","T","T","R","T","Q","L","P","P","A","Y","T","N","S","F","T","R","G","V","Y","Y","P","D","K","V","F","R","S","S","V","L","H","S","T","Q","D","L","F","L","P","F","F","S","N","V","T","W","F","H","A","I","H","V","S","G","T","N","G","T","K","R","F","D","N","P","V","L","P","F","N","D","G","V","Y","F","A","S","T","E","K","S","N","I","I","R","G","W","I","F","G","T","T","L","D","S","K","T","Q","S","L","L","I","V","N","N","A","T","N","V","V","I","K","V","C","E","F","Q","F","C","N","D","P","F","L","G","V","Y","Y","H","K","N","N","K","S","W","M","E","S","E","F","R","V","Y","S","S","A","N","N","C","T","F","E","Y","V","S","Q","P","F","L","M","D","L","E","G","K","Q","G","N","F","K","N","L","R","E","F","V","F","K","N","I","D","G","Y","F","K","I","Y","S","K","H","T","P","I","N","L","V","R","D","L","P","Q","G","F","S","A","L","E","P","L","V","D","L","P","I","G","I","N","I","T","R","F","Q","T","L","L","A","L","H","R","S","Y","L","T","P","G","D","S","S","S","G","W","T","A","G","A","A","A","Y","Y","V","G","Y","L","Q","P","R","T","F","L","L","K","Y","N","E","N","G","T","I","T","D","A","V","D","C","A","L","D","P","L","S","E","T","K","C","T","L","K","S","F","T","V","E","K","G","I","Y","Q","T","S","N","F","R","V","Q","P","T","E","S","I","V","R","F","P","N","I","T","N","L","C","P","F","G","E","V","F","N","A","T","R","F","A","S","V","Y","A","W","N","R","K","R","I","S","N","C","V","A","D","Y","S","V","L","Y","N","S","A","S","F","S","T","F","K","C","Y","G","V","S","P","T","K","L","N","D","L","C","F","T","N","V","Y","A","D","S","F","V","I","R","G","D","E","V","R","Q","I","A","P","G","Q","T","G","K","I","A","D","Y","N","Y","K","L","P","D","D","F","T","G","C","V","I","A","W","N","S","N","N","L","D","S","K","V","G","G","N","Y","N","Y","L","Y","R","L","F","R","K","S","N","L","K","P","F","E","R","D","I","S","T","E","I","Y","Q","A","G","S","T","P","C","N","G","V","E","G","F","N","C","Y","F","P","L","Q","S","Y","G","F","Q","P","T","N","G","V","G","Y","Q","P","Y","R","V","V","V","L","S","F","E","L","L","H","A","P","A","T","V","C","G","P","K","K","S","T","N","L","V","K","N","K","C","V","N","F","N","F","N","G","L","T","G","T","G","V","L","T","E","S","N","K","K","F","L","P","F","Q","Q","F","G","R","D","I","A","D","T","T","D","A","V","R","D","P","Q","T","L","E","I","L","D","I","T","P","C","S","F","G","G","V","S","V","I","T","P","G","T","N","T","S","N","Q","V","A","V","L","Y","Q","G","V","N","C","T","E","V","P","V","A","I","H","A","D","Q","L","T","P","T","W","R","V","Y","S","T","G","S","N","V","F","Q","T","R","A","G","C","L","I","G","A","E","H","V","N","N","S","Y","E","C","D","I","P","I","G","A","G","I","C","A","S","Y","Q","T","Q","T","N","S","P","R","R","A","R","S","V","A","S","Q","S","I","I","A","Y","T","M","S","L","G","A","E","N","S","V","A","Y","S","N","N","S","I","A","I","P","T","N","F","T","I","S","V","T","T","E","I","L","P","V","S","M","T","K","T","S","V","D","C","T","M","Y","I","C","G","D","S","T","E","C","S","N","L","L","L","Q","Y","G","S","F","C","T","Q","L","N","R","A","L","T","G","I","A","V","E","Q","D","K","N","T","Q","E","V","F","A","Q","V","K","Q","I","Y","K","T","P","P","I","K","D","F","G","G","F","N","F","S","Q","I","L","P","D","P","S","K","P","S","K","R","S","F","I","E","D","L","L","F","N","K","V","T","L","A","D","A","G","F","I","K","Q","Y","G","D","C","L","G","D","I","A","A","R","D","L","I","C","A","Q","K","F","N","G","L","T","V","L","P","P","L","L","T","D","E","M","I","A","Q","Y","T","S","A","L","L","A","G","T","I","T","S","G","W","T","F","G","A","G","A","A","L","Q","I","P","F","A","M","Q","M","A","Y","R","F","N","G","I","G","V","T","Q","N","V","L","Y","E","N","Q","K","L","I","A","N","Q","F","N","S","A","I","G","K","I","Q","D","S","L","S","S","T","A","S","A","L","G","K","L","Q","D","V","V","N","Q","N","A","Q","A","L","N","T","L","V","K","Q","L","S","S","N","F","G","A","I","S","S","V","L","N","D","I","L","S","R","L","D","K","V","E","A","E","V","Q","I","D","R","L","I","T","G","R","L","Q","S","L","Q","T","Y","V","T","Q","Q","L","I","R","A","A","E","I","R","A","S","A","N","L","A","A","T","K","M","S","E","C","V","L","G","Q","S","K","R","V","D","F","C","G","K","G","Y","H","L","M","S","F","P","Q","S","A","P","H","G","V","V","F","L","H","V","T","Y","V","P","A","Q","E","K","N","F","T","T","A","P","A","I","C","H","D","G","K","A","H","F","P","R","E","G","V","F","V","S","N","G","T","H","W","F","V","T","Q","R","N","F","Y","E","P","Q","I","I","T","T","D","N","T","F","V","S","G","N","C","D","V","V","I","G","I","V","N","N","T","V","Y","D","P","L","Q","P","E","L","D","S","F","K","E","E","L","D","K","Y","F","K","N","H","T","S","P","D","V","D","L","G","D","I","S","G","I","N","A","S","V","V","N","I","Q","K","E","I","D","R","L","N","E","V","A","K","N","L","N","E","S","L","I","D","L","Q","E","L","G","K","Y","E","Q","Y","I","K","W","P","W","Y","I","W","L","G","F","I","A","G","L","I","A","I","V","M","V","T","I","M","L","C","C","M","T","S","C","C","S","C","L","K","G","C","C","S","C","G","S","C","C","K","F","D","E","D","D","S","E","P","V","L","K","G","V","K","L","H","Y","T","---"
"New.hCoV.19.Japan.PG.14936.2020","M","F","V","F","L","V","L","L","P","L","V","S","S","Q","C","V","N","L","T","T","R","T","Q","L","P","P","A","Y","T","N","S","F","T","R","G","V","Y","Y","P","D","K","V","F","R","S","S","V","L","H","S","T","Q","D","L","F","L","P","F","F","S","N","V","T","W","F","H","A","I","H","V","S","G","T","N","G","T","K","R","F","D","N","P","V","L","P","F","N","D","G","V","Y","F","A","S","T","E","K","S","N","I","I","R","G","W","I","F","G","T","T","L","D","S","K","T","Q","S","L","L","I","V","N","N","A","T","N","V","V","I","K","V","C","E","F","Q","F","C","N","D","P","F","L","G","V","Y","Y","H","K","N","N","K","S","W","M","E","S","E","F","R","V","Y","S","S","A","N","N","C","T","F","E","Y","V","S","Q","P","F","L","M","D","L","E","G","K","Q","G","N","F","K","N","L","R","E","F","V","F","K","N","I","D","G","Y","F","K","I","Y","S","K","H","T","P","I","N","L","V","R","D","L","P","Q","G","F","S","A","L","E","P","L","V","D","L","P","I","G","I","N","I","T","R","F","Q","T","L","L","A","L","H","R","S","Y","L","T","P","G","D","S","S","S","G","W","T","A","G","A","A","A","Y","Y","V","G","Y","L","Q","P","R","T","F","L","L","K","Y","N","E","N","G","T","I","T","D","A","V","D","C","A","L","D","P","L","S","E","T","K","C","T","L","K","S","F","T","V","E","K","G","I","Y","Q","T","S","N","F","R","V","Q","P","T","E","S","I","V","R","F","P","N","I","T","N","L","C","P","F","G","E","V","F","N","A","T","R","F","A","S","V","Y","A","W","N","R","K","R","I","S","N","C","V","A","D","Y","S","V","L","Y","N","S","A","S","F","S","T","F","K","C","Y","G","V","S","P","T","K","L","N","D","L","C","F","T","N","V","Y","A","D","S","F","V","I","R","G","D","E","V","R","Q","I","A","P","G","Q","T","G","K","I","A","D","Y","N","Y","K","L","P","D","D","F","T","G","C","V","I","A","W","N","S","N","N","L","D","S","K","V","G","G","N","Y","N","Y","L","Y","R","L","F","R","K","S","N","L","K","P","F","E","R","D","I","S","T","E","I","Y","Q","A","G","S","T","P","C","N","G","V","E","G","F","N","C","Y","F","P","L","Q","S","Y","G","F","Q","P","T","N","G","V","G","Y","Q","P","Y","R","V","V","V","L","S","F","E","L","L","H","A","P","A","T","V","C","G","P","K","K","S","T","N","L","V","K","N","K","C","V","N","F","N","F","N","G","L","T","G","T","G","V","L","T","E","S","N","K","K","F","L","P","F","Q","Q","F","G","R","D","I","A","D","T","T","D","A","V","R","D","P","Q","T","L","E","I","L","D","I","T","P","C","S","F","G","G","V","S","V","I","T","P","G","T","N","T","S","N","Q","V","A","V","L","Y","Q","G","V","N","C","T","E","V","P","V","A","I","H","A","D","Q","L","T","P","T","W","R","V","Y","S","T","G","S","N","V","F","Q","T","R","A","G","C","L","I","G","A","E","H","V","N","N","S","Y","E","C","D","I","P","I","G","A","G","I","C","A","S","Y","Q","T","Q","T","N","S","P","R","R","A","R","S","V","A","S","Q","S","I","I","A","Y","T","M","S","L","G","A","E","N","S","V","A","Y","S","N","N","S","I","A","I","P","T","N","F","T","I","S","V","T","T","E","I","L","P","V","S","M","T","K","T","S","V","D","C","T","M","Y","I","C","G","D","S","T","E","C","S","N","L","L","L","Q","Y","G","S","F","C","T","Q","L","N","R","A","L","T","G","I","A","V","E","Q","D","K","N","T","Q","E","V","F","A","Q","V","K","Q","I","Y","K","T","P","P","I","K","D","F","G","G","F","N","F","S","Q","I","L","P","D","P","S","K","P","S","K","R","S","F","I","E","D","L","L","F","N","K","V","T","L","A","D","A","G","F","I","K","Q","Y","G","D","C","L","G","D","I","A","A","R","D","L","I","C","A","Q","K","F","N","G","L","T","V","L","P","P","L","L","T","D","E","M","I","A","Q","Y","T","S","A","L","L","A","G","T","I","T","S","G","W","T","F","G","A","G","A","A","L","Q","I","P","F","A","M","Q","M","A","Y","R","F","N","G","I","G","V","T","Q","N","V","L","Y","E","N","Q","K","L","I","A","N","Q","F","N","S","A","I","G","K","I","Q","D","S","L","S","S","T","A","S","A","L","G","K","L","Q","D","V","V","N","Q","N","A","Q","A","L","N","T","L","V","K","Q","L","S","S","N","F","G","A","I","S","S","V","L","N","D","I","L","S","R","L","D","K","V","E","A","E","V","Q","I","D","R","L","I","T","G","R","L","Q","S","L","Q","T","Y","V","T","Q","Q","L","I","R","A","A","E","I","R","A","S","A","N","L","A","A","T","K","M","S","E","C","V","L","G","Q","S","K","R","V","D","F","C","G","K","G","Y","H","L","M","S","F","P","Q","S","A","P","H","G","V","V","F","L","H","V","T","Y","V","P","A","Q","E","K","N","F","T","T","A","P","A","I","C","H","D","G","K","A","H","F","P","R","E","G","V","F","V","S","N","G","T","H","W","F","V","T","Q","R","N","F","Y","E","P","Q","I","I","T","T","D","N","T","F","V","S","G","N","C","D","V","V","I","G","I","V","N","N","T","V","Y","D","P","L","Q","P","E","L","D","S","F","K","E","E","L","D","K","Y","F","K","N","H","T","S","P","D","V","D","L","G","D","I","S","G","I","N","A","S","V","V","N","I","Q","K","E","I","D","R","L","N","E","V","A","K","N","L","N","E","S","L","I","D","L","Q","E","L","G","K","Y","E","Q","Y","I","K","W","P","W","Y","I","W","L","G","F","I","A","G","L","I","A","I","V","M","V","T","I","M","L","C","C","M","T","S","C","C","S","C","L","K","G","C","C","S","C","G","S","C","C","K","F","D","E","D","D","S","E","P","V","L","K","G","V","K","L","H","Y","T","---"
"New.hCoV.19.Japan.PG.12433.2020","M","F","V","F","L","V","L","L","P","L","V","S","S","Q","C","V","N","L","T","T","R","T","Q","L","P","P","A","Y","T","N","S","F","T","R","G","V","Y","Y","P","D","K","V","F","R","S","S","V","L","H","S","T","Q","D","L","F","L","P","F","F","S","N","V","T","W","F","H","A","I","H","V","S","G","T","N","G","T","K","R","F","D","N","P","V","L","P","F","N","D","G","V","Y","F","A","S","T","E","K","S","N","I","I","R","G","W","I","F","G","T","T","L","D","S","K","T","Q","S","L","L","I","V","N","N","A","T","N","V","V","I","K","V","C","E","F","Q","F","C","N","D","P","F","L","G","V","Y","Y","H","K","N","N","K","S","W","M","E","S","E","F","R","V","Y","S","S","A","N","N","C","T","F","E","Y","V","S","Q","P","F","L","M","D","L","E","G","K","Q","G","N","F","K","N","L","R","E","F","V","F","K","N","I","D","G","Y","F","K","I","Y","S","K","H","T","P","I","N","L","V","R","D","L","P","Q","G","F","S","A","L","E","P","L","V","D","L","P","I","G","I","N","I","T","R","F","Q","T","L","L","A","L","H","R","S","Y","L","T","P","G","D","S","S","S","G","W","T","A","G","A","A","A","Y","Y","V","G","Y","L","Q","P","R","T","F","L","L","K","Y","N","E","N","G","T","I","T","D","A","V","D","C","A","L","D","P","L","S","E","T","K","C","T","L","K","S","F","T","V","E","K","G","I","Y","Q","T","S","N","F","R","V","Q","P","T","E","S","I","V","R","F","P","N","I","T","N","L","C","P","F","G","E","V","F","N","A","T","R","F","A","S","V","Y","A","W","N","R","K","R","I","S","N","C","V","A","D","Y","S","V","L","Y","N","S","A","S","F","S","T","F","K","C","Y","G","V","S","P","T","K","L","N","D","L","C","F","T","N","V","Y","A","D","S","F","V","I","R","G","D","E","V","R","Q","I","A","P","G","Q","T","G","K","I","A","D","Y","N","Y","K","L","P","D","D","F","T","G","C","V","I","A","W","N","S","N","N","L","D","S","K","V","G","G","N","Y","N","Y","L","Y","R","L","F","R","K","S","N","L","K","P","F","E","R","D","I","S","T","E","I","Y","Q","A","G","S","T","P","C","N","G","V","E","G","F","N","C","Y","F","P","L","Q","S","Y","G","F","Q","P","T","N","G","V","G","Y","Q","P","Y","R","V","V","V","L","S","F","E","L","L","H","A","P","A","T","V","C","G","P","K","K","S","T","N","L","V","K","N","K","C","V","N","F","N","F","N","G","L","T","G","T","G","V","L","T","E","S","N","K","K","F","L","P","F","Q","Q","F","G","R","D","I","A","D","T","T","D","A","V","R","D","P","Q","T","L","E","I","L","D","I","T","P","C","S","F","G","G","V","S","V","I","T","P","G","T","N","T","S","N","Q","V","A","V","L","Y","Q","G","V","N","C","T","E","V","P","V","A","I","H","A","D","Q","L","T","P","T","W","R","V","Y","S","T","G","S","N","V","F","Q","T","R","A","G","C","L","I","G","A","E","H","V","N","N","S","Y","E","C","D","I","P","I","G","A","G","I","C","A","S","Y","Q","T","Q","T","N","S","P","R","R","A","R","S","V","A","S","Q","S","I","I","A","Y","T","M","S","L","G","A","E","N","S","V","A","Y","S","N","N","S","I","A","I","P","T","N","F","T","I","S","V","T","T","E","I","L","P","V","S","M","T","K","T","S","V","D","C","T","M","Y","I","C","G","D","S","T","E","C","S","N","L","L","L","Q","Y","G","S","F","C","T","Q","L","N","R","A","L","T","G","I","A","V","E","Q","D","K","N","T","Q","E","V","F","A","Q","V","K","Q","I","Y","K","T","P","P","I","K","D","F","G","G","F","N","F","S","Q","I","L","P","D","P","S","K","P","S","K","R","S","F","I","E","D","L","L","F","N","K","V","T","L","A","D","A","G","F","I","K","Q","Y","G","D","C","L","G","D","I","A","A","R","D","L","I","C","A","Q","K","F","N","G","L","T","V","L","P","P","L","L","T","D","E","M","I","A","Q","Y","T","S","A","L","L","A","G","T","I","T","S","G","W","T","F","G","A","G","A","A","L","Q","I","P","F","A","M","Q","M","A","Y","R","F","N","G","I","G","V","T","Q","N","V","L","Y","E","N","Q","K","L","I","A","N","Q","F","N","S","A","I","S","K","I","Q","D","S","L","S","S","T","A","S","A","L","G","K","L","Q","D","V","V","N","Q","N","A","Q","A","L","N","T","L","V","K","Q","L","S","S","N","F","G","A","I","S","S","V","L","N","D","I","L","S","R","L","D","K","V","E","A","E","V","Q","I","D","R","L","I","T","G","R","L","Q","S","L","Q","T","Y","V","T","Q","Q","L","I","R","A","A","E","I","R","A","S","A","N","L","A","A","T","K","M","S","E","C","V","L","G","Q","S","K","R","V","D","F","C","G","K","G","Y","H","L","M","S","F","P","Q","S","A","P","H","G","V","V","F","L","H","V","T","Y","V","P","A","Q","E","K","N","F","T","T","A","P","A","I","C","H","D","G","K","A","H","F","P","R","E","G","V","F","V","S","N","G","T","H","W","F","V","T","Q","R","N","F","Y","E","P","Q","I","I","T","T","D","N","T","F","V","S","G","N","C","D","V","V","I","G","I","V","N","N","T","V","Y","D","P","L","Q","P","E","L","D","S","F","K","E","E","L","D","K","Y","F","K","N","H","T","S","P","D","V","D","L","G","D","I","S","G","I","N","A","S","V","V","N","I","Q","K","E","I","D","R","L","N","E","V","A","K","N","L","N","E","S","L","I","D","L","Q","E","L","G","K","Y","E","Q","Y","I","K","W","P","W","Y","I","W","L","G","F","I","A","G","L","I","A","I","V","M","V","T","I","M","L","C","C","M","T","S","C","C","S","C","L","K","G","C","C","S","C","G","S","C","C","K","F","D","E","D","D","S","E","P","V","L","K","G","V","K","L","H","Y","T","---"
"New.hCoV.19.Japan.PG.13116.2020","M","F","V","F","L","V","L","L","P","L","V","S","S","Q","C","V","N","L","T","T","R","T","Q","L","P","P","A","Y","T","N","S","F","T","R","G","V","Y","Y","P","D","K","V","F","R","S","S","V","L","H","S","T","Q","D","L","F","L","P","F","F","S","N","V","T","W","F","H","A","I","H","V","S","G","T","N","G","T","K","R","F","D","N","P","V","L","P","F","N","D","G","V","Y","F","A","S","T","E","K","S","N","I","I","R","G","W","I","F","G","T","T","L","D","S","K","T","Q","S","L","L","I","V","N","N","A","T","N","V","V","I","K","V","C","E","F","Q","F","C","N","D","P","F","L","G","V","Y","Y","H","K","N","N","K","S","W","M","E","S","E","F","R","V","Y","S","S","A","N","N","C","T","F","E","Y","V","S","Q","P","F","L","M","D","L","E","G","K","Q","G","N","F","K","N","L","R","E","F","V","F","K","N","I","D","G","Y","F","K","I","Y","S","K","H","T","P","I","N","L","V","R","D","L","P","Q","G","F","S","A","L","E","P","L","V","D","L","P","I","G","I","N","I","T","R","F","Q","T","L","L","A","L","H","R","S","Y","L","T","P","G","D","S","S","S","G","W","T","A","G","A","A","A","Y","Y","V","G","Y","L","Q","P","R","T","F","L","L","K","Y","N","E","N","G","T","I","T","D","A","V","D","C","A","L","D","P","L","S","E","T","K","C","T","L","K","S","F","T","V","E","K","G","I","Y","Q","T","S","N","F","R","V","Q","P","T","E","S","I","V","R","F","P","N","I","T","N","L","C","P","F","G","E","V","F","N","A","T","R","F","A","S","V","Y","A","W","N","R","K","R","I","S","N","C","V","A","D","Y","S","V","L","Y","N","S","A","S","F","S","T","F","K","C","Y","G","V","S","P","T","K","L","N","D","L","C","F","T","N","V","Y","A","D","S","F","V","I","R","G","D","E","V","R","Q","I","A","P","G","Q","T","G","K","I","A","D","Y","N","Y","K","L","P","D","D","F","T","G","C","V","I","A","W","N","S","N","N","L","D","S","K","V","G","G","N","Y","N","Y","L","Y","R","L","F","R","K","S","N","L","K","P","F","E","R","D","I","S","T","E","I","Y","Q","A","G","S","T","P","C","N","G","V","E","G","F","N","C","Y","F","P","L","Q","S","Y","G","F","Q","P","T","N","G","V","G","Y","Q","P","Y","R","V","V","V","L","S","F","E","L","L","H","A","P","A","T","V","C","G","P","K","K","S","T","N","L","V","K","N","K","C","V","N","F","N","F","N","G","L","T","G","T","G","V","L","T","E","S","N","K","K","F","L","P","F","Q","Q","F","G","R","D","I","A","D","T","T","D","A","V","R","D","P","Q","T","L","E","I","L","D","I","T","P","C","S","F","G","G","V","S","V","I","T","P","G","T","N","T","S","N","Q","V","A","V","L","Y","Q","G","V","N","C","T","E","V","P","V","A","I","H","A","D","Q","L","T","P","T","W","R","V","Y","S","T","G","S","N","V","F","Q","T","R","A","G","C","L","I","G","A","E","H","V","N","N","S","Y","E","C","D","I","P","I","G","A","G","I","C","A","S","Y","Q","T","Q","T","N","S","P","R","R","A","R","S","V","A","S","Q","S","I","I","A","Y","T","M","S","L","G","A","E","N","S","V","A","Y","S","N","N","S","I","A","I","P","T","N","F","T","I","S","V","T","T","E","I","L","P","V","S","M","T","K","T","S","V","D","C","T","M","Y","I","C","G","D","S","T","E","C","S","N","L","L","L","Q","Y","G","S","F","C","T","Q","L","N","R","A","L","T","G","I","A","V","E","Q","D","K","N","T","Q","E","V","F","A","Q","V","K","Q","I","Y","K","T","P","P","I","K","D","F","G","G","F","N","F","S","Q","I","L","P","D","P","S","K","P","S","K","R","S","F","I","E","D","L","L","F","N","K","V","T","L","A","D","A","G","F","I","K","Q","Y","G","D","C","L","G","D","I","A","A","R","D","L","I","C","A","Q","K","F","N","G","L","T","V","L","P","P","L","L","T","D","E","M","I","A","Q","Y","T","S","A","L","L","A","G","T","I","T","S","G","W","T","F","G","A","G","A","A","L","Q","I","P","F","A","M","Q","M","A","Y","R","F","N","G","I","G","V","T","Q","N","V","L","Y","E","N","Q","K","L","I","A","N","Q","F","N","S","A","I","G","K","I","Q","D","S","L","S","S","T","A","S","A","L","G","K","L","Q","D","V","V","N","Q","N","A","Q","A","L","N","T","L","V","K","Q","L","S","S","N","F","G","A","I","S","S","V","L","N","D","I","L","S","R","L","D","K","V","E","A","E","V","Q","I","D","R","L","I","T","G","R","L","Q","S","L","Q","T","Y","V","T","Q","Q","L","I","R","A","A","E","I","R","A","S","A","N","L","A","A","T","K","M","S","E","C","V","L","G","Q","S","K","R","V","D","F","C","G","K","G","Y","H","L","M","S","F","P","Q","S","A","P","H","G","V","V","F","L","H","V","T","Y","V","P","A","Q","E","K","N","F","T","T","A","P","A","I","C","H","D","G","K","A","H","F","P","R","E","G","V","F","V","S","N","G","T","H","W","F","V","T","Q","R","N","F","Y","E","P","Q","I","I","T","T","D","N","T","F","V","S","G","N","C","D","V","V","I","G","I","V","N","N","T","V","Y","D","P","L","Q","P","E","L","D","S","F","K","E","E","L","D","K","Y","F","K","N","H","T","S","P","D","V","D","L","G","D","I","S","G","I","N","A","S","V","V","N","I","Q","K","E","I","D","R","L","N","E","V","A","K","N","L","N","E","S","L","I","D","L","Q","E","L","G","K","Y","E","Q","Y","I","K","W","P","W","Y","I","W","L","G","F","I","A","G","L","I","A","I","V","M","V","T","I","M","L","C","C","M","T","S","C","C","S","C","L","K","G","C","C","S","C","G","S","C","C","K","F","D","E","D","D","S","E","P","V","L","K","G","V","K","L","H","Y","T","---"
"New.hCoV.19.Japan.PG.13517.2020","M","F","V","F","L","V","L","L","P","L","V","S","S","Q","C","V","N","L","T","T","R","T","Q","L","P","P","A","Y","T","N","S","F","T","R","G","V","Y","Y","P","D","K","V","F","R","S","S","V","L","H","S","T","Q","D","L","F","L","P","F","F","S","N","V","T","W","F","H","A","I","H","V","S","G","T","N","G","T","K","R","F","D","N","P","V","L","P","F","N","D","G","V","Y","F","A","S","T","E","K","S","N","I","I","R","G","W","I","F","G","T","T","L","D","S","K","T","Q","S","L","L","I","V","N","N","A","T","N","V","V","I","K","V","C","E","F","Q","F","C","N","D","P","F","L","G","V","Y","Y","H","K","N","N","K","S","W","M","E","S","E","F","R","V","Y","S","S","A","N","N","C","T","F","E","Y","V","S","Q","P","F","L","M","D","L","E","G","K","Q","G","N","F","K","N","L","R","E","F","V","F","K","N","I","D","G","Y","F","K","I","Y","S","K","H","T","P","I","N","L","V","R","D","L","P","Q","G","F","S","A","L","E","P","L","V","D","L","P","I","G","I","N","I","T","R","F","Q","T","L","L","A","L","H","R","S","Y","L","T","P","G","D","S","S","S","G","W","T","A","G","A","A","A","Y","Y","V","G","Y","L","Q","P","R","T","F","L","L","K","Y","N","E","N","G","T","I","T","D","A","V","D","C","A","L","D","P","L","S","E","T","K","C","T","L","K","S","F","T","V","E","K","G","I","Y","Q","T","S","N","F","R","V","Q","P","T","E","S","I","V","R","F","P","N","I","T","N","L","C","P","F","G","E","V","F","N","A","T","R","F","A","S","V","Y","A","W","N","R","K","R","I","S","N","C","V","A","D","Y","S","V","L","Y","N","S","A","S","F","S","T","F","K","C","Y","G","V","S","P","T","K","L","N","D","L","C","F","T","N","V","Y","A","D","S","F","V","I","R","G","D","E","V","R","Q","I","A","P","G","Q","T","G","K","I","A","D","Y","N","Y","K","L","P","D","D","F","T","G","C","V","I","A","W","N","S","N","N","L","D","S","K","V","G","G","N","Y","N","Y","L","Y","R","L","F","R","K","S","N","L","K","P","F","E","R","D","I","S","T","E","I","Y","Q","A","G","S","T","P","C","N","G","V","E","G","F","N","C","Y","F","P","L","Q","S","Y","G","F","Q","P","T","N","G","V","G","Y","Q","P","Y","R","V","V","V","L","S","F","E","L","L","H","A","P","A","T","V","C","G","P","K","K","S","T","N","L","V","K","N","K","C","V","N","F","N","F","N","G","L","T","G","T","G","V","L","T","E","S","N","K","K","F","L","P","F","Q","Q","F","G","R","D","I","A","D","T","T","D","A","V","R","D","P","Q","T","L","E","I","L","D","I","T","P","C","S","F","G","G","V","S","V","I","T","P","G","T","N","T","S","N","Q","V","A","V","L","Y","Q","G","V","N","C","T","E","V","P","V","A","I","H","A","D","Q","L","T","P","T","W","R","V","Y","S","T","G","S","N","V","F","Q","T","R","A","G","C","L","I","G","A","E","H","V","N","N","S","Y","E","C","D","I","P","I","G","A","G","I","C","A","S","Y","Q","T","Q","T","N","S","P","R","R","A","R","S","V","A","S","Q","S","I","I","A","Y","T","M","S","L","G","A","E","N","S","V","A","Y","S","N","N","S","I","A","I","P","T","N","F","T","I","S","V","T","T","E","I","L","P","V","S","M","T","K","T","S","V","D","C","T","M","Y","I","C","G","D","S","T","E","C","S","N","L","L","L","Q","Y","G","S","F","C","T","Q","L","N","R","A","L","T","G","I","A","V","E","Q","D","K","N","T","Q","E","V","F","A","Q","V","K","Q","I","Y","K","T","P","P","I","K","D","F","G","G","F","N","F","S","Q","I","L","P","D","P","S","K","P","S","K","R","S","F","I","E","D","L","L","F","N","K","V","T","L","A","D","A","G","F","I","K","Q","Y","G","D","C","L","G","D","I","A","A","R","D","L","I","C","A","Q","K","F","N","G","L","T","V","L","P","P","L","L","T","D","E","M","I","A","Q","Y","T","S","A","L","L","A","G","T","I","T","S","G","W","T","F","G","A","G","A","A","L","Q","I","P","F","A","M","Q","M","A","Y","R","F","N","G","I","G","V","T","Q","N","V","L","Y","E","N","Q","K","L","I","A","N","Q","F","N","S","A","I","G","K","I","Q","D","S","L","S","S","T","A","S","A","L","G","K","L","Q","D","V","V","N","Q","N","A","Q","A","L","N","T","L","V","K","Q","L","S","S","N","F","G","A","I","S","S","V","L","N","D","I","L","S","R","L","D","K","V","E","A","E","V","Q","I","D","R","L","I","T","G","R","L","Q","S","L","Q","T","Y","V","T","Q","Q","L","I","R","A","A","E","I","R","A","S","A","N","L","A","A","T","K","M","S","E","C","V","L","G","Q","S","K","R","V","D","F","C","G","K","G","Y","H","L","M","S","F","P","Q","S","A","P","H","G","V","V","F","L","H","V","T","Y","V","P","A","Q","E","K","N","F","T","T","A","P","A","I","C","H","D","G","K","A","H","F","P","R","E","G","V","F","V","S","N","G","T","H","W","F","V","T","Q","R","N","F","Y","E","P","Q","I","I","T","T","D","N","T","F","V","S","G","N","C","D","V","V","I","G","I","V","N","N","T","V","Y","D","P","L","Q","P","E","L","D","S","F","K","E","E","L","D","K","Y","F","K","N","H","T","S","P","D","V","D","L","G","D","I","S","G","I","N","A","S","V","V","N","I","Q","K","E","I","D","R","L","N","E","V","A","K","N","L","N","E","S","L","I","D","L","Q","E","L","G","K","Y","E","Q","Y","I","K","W","P","W","Y","I","W","L","G","F","I","A","G","L","I","A","I","V","M","V","T","I","M","L","C","C","M","T","S","C","C","S","C","L","K","G","C","C","S","C","G","S","C","C","K","F","D","E","D","D","S","E","P","V","L","K","G","V","K","L","H","Y","T","---"
"New.hCoV.19.Japan.CL0859.2020","M","F","V","F","L","V","L","L","P","L","V","S","S","Q","C","V","N","L","T","T","R","T","Q","L","P","P","A","Y","T","N","S","F","T","R","G","V","Y","Y","P","D","K","V","F","R","S","S","V","L","H","S","T","Q","D","L","F","L","P","F","F","S","N","V","T","W","F","H","A","I","H","V","S","G","T","N","G","T","K","R","F","D","N","P","V","L","P","F","N","D","G","V","Y","F","A","S","T","E","K","S","N","I","I","R","G","W","I","F","G","T","T","L","D","S","K","T","Q","S","L","L","I","V","N","N","A","T","N","V","V","I","K","V","C","E","F","Q","F","C","N","D","P","F","L","G","V","Y","Y","H","K","N","N","K","S","W","M","E","S","E","F","R","V","Y","S","S","A","N","N","C","T","F","E","Y","V","S","Q","P","F","L","M","D","L","E","G","K","Q","G","N","F","K","N","L","R","E","F","V","F","K","N","I","D","G","Y","F","K","I","Y","S","K","H","T","P","I","N","L","V","R","D","L","P","Q","G","F","S","A","L","E","P","L","V","D","L","P","I","G","I","N","I","T","R","F","Q","T","L","L","A","L","H","R","S","Y","L","T","P","G","D","S","S","S","G","W","---","---","---","---","---","A","Y","Y","V","G","Y","L","Q","P","R","T","F","L","L","K","Y","N","E","N","G","T","---","V","---","---","---","---","---","---","---","---","---","---","---","---","T","---","---","---","---","K","S","F","T","V","E","K","G","I","Y","Q","T","S","N","F","R","V","Q","P","T","E","S","I","V","R","F","P","N","I","T","N","L","C","P","F","G","E","V","F","N","A","T","R","F","A","S","V","Y","A","W","N","R","K","R","I","S","N","C","V","A","D","Y","S","V","L","Y","N","S","A","S","F","S","T","F","K","C","Y","G","V","S","P","T","K","L","N","D","L","C","F","T","N","V","Y","A","D","S","F","V","I","R","G","D","E","V","R","Q","I","A","P","G","Q","T","G","K","I","A","D","Y","N","Y","K","L","P","D","D","F","T","G","C","V","I","A","W","N","S","N","N","L","D","S","K","V","G","G","N","Y","N","Y","L","Y","R","L","F","R","K","S","N","L","K","P","F","E","R","D","I","S","T","E","I","Y","Q","A","G","S","T","P","C","N","G","V","E","G","F","N","C","Y","F","P","L","Q","S","Y","G","F","Q","P","T","N","G","V","G","Y","Q","P","Y","R","V","V","V","L","S","F","E","L","L","H","A","P","A","T","V","C","G","P","K","K","S","T","N","L","V","K","N","K","C","V","N","F","N","F","N","G","L","T","G","T","G","V","L","T","E","S","N","K","K","F","L","P","F","Q","Q","F","G","R","D","I","A","D","T","T","D","A","V","R","D","P","Q","T","L","E","I","L","D","I","T","P","C","S","F","G","G","V","S","V","I","T","P","G","T","N","T","S","N","Q","V","A","V","L","Y","Q","G","V","N","C","T","E","V","P","V","A","I","H","A","D","Q","L","T","P","T","W","R","V","Y","S","T","G","S","N","V","F","Q","T","R","A","G","C","L","I","G","A","E","H","V","N","N","S","Y","E","C","D","I","P","I","G","A","G","I","C","A","S","Y","Q","T","Q","T","N","S","P","R","R","A","R","S","V","A","S","Q","S","I","I","A","Y","T","M","S","L","G","A","E","N","S","V","A","Y","S","N","N","S","I","A","I","P","T","N","F","T","I","S","V","T","T","E","I","L","P","V","S","M","T","K","T","S","V","D","C","T","M","Y","I","C","G","D","S","T","E","C","S","N","L","L","L","Q","Y","G","S","F","C","T","Q","L","N","R","A","L","T","G","I","A","V","E","Q","D","K","N","T","Q","E","V","F","A","Q","V","K","Q","I","Y","K","T","P","P","I","K","D","F","G","G","F","N","F","S","Q","I","L","P","D","P","S","K","P","S","K","R","S","F","I","E","D","L","L","F","N","K","V","T","L","A","D","A","G","F","I","K","Q","Y","G","D","C","L","G","D","I","A","A","R","D","L","I","C","A","Q","K","F","N","G","L","T","V","L","P","P","L","L","T","D","E","M","I","A","Q","Y","T","S","A","L","L","A","G","T","I","T","S","G","W","T","F","G","A","G","A","A","L","Q","I","P","F","A","M","Q","M","A","Y","R","F","N","G","I","G","V","T","Q","N","V","L","Y","E","N","Q","K","L","I","A","N","Q","F","N","S","A","I","G","K","I","Q","D","S","L","S","S","T","A","S","A","L","G","K","L","Q","D","V","V","N","Q","N","A","Q","A","L","N","T","L","V","K","Q","L","S","S","N","F","G","A","I","S","S","V","L","N","D","I","L","S","R","L","D","K","V","E","A","E","V","Q","I","D","R","L","I","T","G","R","L","Q","S","L","Q","T","Y","V","T","Q","Q","L","I","R","A","A","E","I","R","A","S","A","N","L","A","A","T","K","M","S","E","C","V","L","G","Q","S","K","R","V","D","F","C","G","K","G","Y","H","L","M","S","F","P","Q","S","A","P","H","G","V","V","F","L","H","V","T","Y","V","P","A","Q","E","K","N","F","T","T","A","P","A","I","C","H","D","G","K","A","H","F","P","R","E","G","V","F","V","S","N","G","T","H","W","F","V","T","Q","R","N","F","Y","E","P","Q","I","I","T","T","D","N","T","F","V","S","G","N","C","D","V","V","I","G","I","V","N","N","T","V","Y","D","P","L","Q","P","E","L","D","S","F","K","E","E","L","D","K","Y","F","K","N","H","T","S","P","D","V","D","L","G","D","I","S","G","I","N","A","S","V","V","N","I","Q","K","E","I","D","R","L","N","E","V","A","K","N","L","N","E","S","L","I","D","L","Q","E","L","G","K","Y","E","Q","Y","I","K","W","P","W","Y","I","W","L","G","F","I","A","G","L","I","A","I","V","M","V","T","I","M","L","C","C","M","T","S","C","C","S","C","L","K","G","C","C","S","C","G","S","C","C","K","F","D","E","D","D","S","E","P","V","L","K","G","V","K","L","H","Y","T","---"
"New.hCoV.19.Japan.PG.12341.2020","M","F","V","F","L","V","L","L","P","L","V","S","S","Q","C","V","N","L","T","T","R","T","Q","L","P","P","A","Y","T","N","S","F","T","R","G","V","Y","Y","P","D","K","V","F","R","S","S","V","L","H","S","T","Q","D","L","F","L","P","F","F","S","N","V","T","W","F","H","A","I","H","V","S","G","T","N","G","T","K","R","F","D","N","P","V","L","P","F","N","D","G","V","Y","F","A","S","T","E","K","S","N","I","I","R","G","W","I","F","G","T","T","L","D","S","K","T","Q","S","L","L","I","V","N","N","A","T","N","V","V","I","K","V","C","E","F","Q","F","C","N","D","P","F","L","G","V","Y","Y","H","K","N","N","K","S","W","M","E","S","E","F","R","V","Y","S","S","A","N","N","C","T","F","E","Y","V","S","Q","P","F","L","M","D","L","E","G","K","Q","G","N","F","K","N","L","R","E","F","V","F","K","N","I","D","G","Y","F","K","I","Y","S","K","H","T","P","I","N","L","V","R","D","L","P","Q","G","F","S","A","L","E","P","L","V","D","L","P","I","G","I","N","I","T","R","F","Q","T","L","L","A","L","H","R","S","Y","L","T","P","G","D","S","S","S","G","W","T","A","G","A","A","A","Y","Y","V","G","Y","L","Q","P","R","T","F","L","L","K","Y","N","E","N","G","T","I","T","D","A","V","D","C","A","L","D","P","L","S","E","T","K","C","T","L","K","S","F","T","V","E","K","G","I","Y","Q","T","S","N","F","R","V","Q","P","T","E","S","I","V","R","F","P","N","I","T","N","L","C","P","F","G","E","V","F","N","A","T","R","F","A","S","V","Y","A","W","N","R","K","R","I","S","N","C","V","A","D","Y","S","V","L","Y","N","S","A","S","F","S","T","F","K","C","Y","G","V","S","P","T","K","L","N","D","L","C","F","T","N","V","Y","A","D","S","F","V","I","R","G","D","E","V","R","Q","I","A","P","G","Q","T","G","K","I","A","D","Y","N","Y","K","L","P","D","D","F","T","G","C","V","I","A","W","N","S","N","N","L","D","S","K","V","G","G","N","Y","N","Y","L","Y","R","L","F","R","K","S","N","L","K","P","F","E","R","D","I","S","T","E","I","Y","Q","A","G","S","T","P","C","N","G","V","E","G","F","N","C","Y","F","P","L","Q","S","Y","G","F","Q","P","T","N","G","V","G","Y","Q","P","Y","R","V","V","V","L","S","F","E","L","L","H","A","P","A","T","V","C","G","P","K","K","S","T","N","L","V","K","N","K","C","V","N","F","N","F","N","G","L","T","G","T","G","V","L","T","E","S","N","K","K","F","L","P","F","Q","Q","F","G","R","D","I","A","D","T","T","D","A","V","R","D","P","Q","T","L","E","I","L","D","I","T","P","C","S","F","G","G","V","S","V","I","T","P","G","T","N","T","S","N","Q","V","A","V","L","Y","Q","G","V","N","C","T","E","V","P","V","A","I","H","A","D","Q","L","T","P","T","W","R","V","Y","S","T","G","S","N","V","F","Q","T","R","A","G","C","L","I","G","A","E","H","V","N","N","S","Y","E","C","D","I","P","I","G","A","G","I","C","A","S","Y","H","T","Q","T","N","S","P","R","R","A","R","S","V","A","S","Q","S","I","I","A","Y","T","M","S","L","G","A","E","N","S","V","A","Y","S","N","N","S","I","A","I","P","T","N","F","T","I","S","V","T","T","E","I","L","P","V","S","M","T","K","T","S","V","D","C","T","M","Y","I","C","G","D","S","T","E","C","S","N","L","L","L","Q","Y","G","S","F","C","T","Q","L","N","R","A","L","T","G","I","A","V","E","Q","D","K","N","T","Q","E","V","F","A","Q","V","K","Q","I","Y","K","T","P","P","I","K","D","F","G","G","F","N","F","S","Q","I","L","P","D","P","S","K","P","S","K","R","S","F","I","E","D","L","L","F","N","K","V","T","L","A","D","A","G","F","I","K","Q","Y","G","D","C","L","G","D","I","A","A","R","D","L","I","C","A","Q","K","F","N","G","L","T","V","L","P","P","L","L","T","D","E","M","I","A","Q","Y","T","S","A","L","L","A","G","T","I","T","S","G","W","T","F","G","A","G","A","A","L","Q","I","P","F","A","M","Q","M","A","Y","R","F","N","G","I","G","V","T","Q","N","V","L","Y","E","N","Q","K","L","I","A","N","Q","F","N","S","A","I","G","K","I","Q","D","S","L","S","S","T","A","S","A","L","G","K","L","Q","D","V","V","N","Q","N","A","Q","A","L","N","T","L","V","K","Q","L","S","S","N","F","G","A","I","S","S","V","L","N","D","I","L","S","R","L","D","K","V","E","A","E","V","Q","I","D","R","L","I","T","G","R","L","Q","S","L","Q","T","Y","V","T","Q","Q","L","I","R","A","A","E","I","R","A","S","A","N","L","A","A","T","K","M","S","E","C","V","L","G","Q","S","K","R","V","D","F","C","G","K","G","Y","H","L","M","S","F","P","Q","S","A","P","H","G","V","V","F","L","H","V","T","Y","V","P","A","Q","E","K","N","F","T","T","A","P","A","I","C","H","D","G","K","A","H","F","P","R","E","G","V","F","V","S","N","G","T","H","W","F","V","T","Q","R","N","F","Y","E","P","Q","I","I","T","T","D","N","T","F","V","S","G","N","C","D","V","V","I","G","I","V","N","N","T","V","Y","D","P","L","Q","P","E","L","D","S","F","K","E","E","L","D","K","Y","F","K","N","H","T","S","P","D","V","D","L","G","D","I","S","G","I","N","A","S","V","V","N","I","Q","K","E","I","D","R","L","N","E","V","A","K","N","L","N","E","S","L","I","D","L","Q","E","L","G","K","Y","E","Q","Y","I","K","W","P","W","Y","I","W","L","G","F","I","A","G","L","I","A","I","V","M","V","T","I","M","L","C","C","M","T","S","C","C","S","C","L","K","G","C","C","S","C","G","S","C","C","K","F","D","E","D","D","S","E","P","V","L","K","G","V","K","L","H","Y","T","---"
"New.hCoV.19.Japan.PG.11411.2020","M","F","V","F","L","V","L","L","P","L","V","S","S","Q","C","V","N","L","T","T","R","T","Q","L","P","P","A","Y","T","N","S","F","T","R","G","V","Y","Y","P","D","K","V","F","R","S","S","V","L","H","S","T","Q","D","L","F","L","P","F","F","S","N","V","T","W","F","H","A","I","H","V","S","G","T","N","G","T","K","R","F","D","N","P","V","L","P","F","N","D","G","V","Y","F","A","S","T","E","K","S","N","I","I","R","G","W","I","F","G","T","T","L","D","S","K","T","Q","S","L","L","I","V","N","N","A","T","N","V","V","I","K","V","C","E","F","Q","F","C","N","D","P","F","L","G","V","Y","Y","H","K","N","N","K","S","W","M","E","S","E","F","R","V","Y","S","S","A","N","N","C","T","F","E","Y","V","S","Q","P","F","L","M","D","L","E","G","K","Q","G","N","F","K","N","L","R","E","F","V","F","K","N","I","D","G","Y","F","K","I","Y","S","K","H","T","---","---","N","L","V","R","D","L","P","Q","G","F","S","A","L","E","P","L","V","D","L","P","I","G","I","N","I","T","R","F","Q","T","L","L","A","L","H","R","S","Y","L","T","P","G","D","S","S","S","G","W","T","A","G","A","A","A","Y","Y","V","G","Y","L","Q","P","R","T","F","L","L","K","Y","N","E","N","G","T","I","T","D","A","V","D","C","A","L","D","P","L","S","E","T","K","C","T","L","K","S","F","T","V","E","K","G","I","Y","Q","T","S","N","F","R","V","Q","P","T","E","S","I","V","R","F","P","N","I","T","N","L","C","P","F","G","E","V","F","N","A","T","R","F","A","S","V","Y","A","W","N","R","K","R","I","S","N","C","V","A","D","Y","S","V","L","Y","N","S","A","S","F","S","T","F","K","C","Y","G","V","S","P","T","K","L","N","D","L","C","F","T","N","V","Y","A","D","S","F","V","I","R","G","D","E","V","R","Q","I","A","P","G","Q","T","G","K","I","A","D","Y","N","Y","K","L","P","D","D","F","T","G","C","V","I","A","W","N","S","N","N","L","D","S","K","V","G","G","N","Y","N","Y","L","Y","R","L","F","R","K","S","N","L","K","P","F","E","R","D","I","S","T","E","I","Y","Q","A","G","S","T","P","C","N","G","V","E","G","F","N","C","Y","F","P","L","Q","S","Y","G","F","Q","P","T","N","G","V","G","Y","Q","P","Y","R","V","V","V","L","S","F","E","L","L","H","A","P","A","T","V","C","G","P","K","K","S","T","N","L","V","K","N","K","C","V","N","F","N","F","N","G","L","T","G","T","G","V","L","T","E","S","N","K","K","F","L","P","F","Q","Q","F","G","R","D","I","A","D","T","T","D","A","V","R","D","P","Q","T","L","E","I","L","D","I","T","P","C","S","F","G","G","V","S","V","I","T","P","G","T","N","T","S","N","Q","V","A","V","L","Y","Q","G","V","N","C","T","E","V","P","V","A","I","H","A","D","Q","L","T","P","T","W","R","V","Y","S","T","G","S","N","V","F","Q","T","R","A","G","C","L","I","G","A","E","H","V","N","N","S","Y","E","C","D","I","P","I","G","A","G","I","C","A","S","Y","Q","T","Q","T","N","S","P","R","R","A","R","S","V","A","S","Q","S","I","I","A","Y","T","M","S","L","G","A","E","N","S","V","A","Y","S","N","N","S","I","A","I","P","T","N","F","T","I","S","V","T","T","E","I","L","P","V","S","M","T","K","T","S","V","D","C","T","M","Y","I","C","G","D","S","T","E","C","S","N","L","L","---","---","---","---","---","---","---","---","---","---","---","---","---","---","---","---","---","---","---","---","---","---","---","---","---","---","---","---","---","---","---","---","---","---","---","---","---","---","---","---","---","---","---","---","---","---","---","---","---","---","---","---","---","---","---","---","---","---","---","---","---","---","---","---","---","---","---","---","---","---","---","---","---","---","---","---","---","---","---","---","---","---","---","---","---","---","---","L","G","D","I","A","A","R","D","L","I","C","A","Q","K","F","N","G","L","T","V","L","P","P","L","L","T","D","E","M","I","A","Q","Y","T","S","A","L","L","A","G","T","I","T","S","G","W","T","F","G","A","G","A","A","L","Q","I","P","F","A","M","Q","M","A","Y","R","F","N","G","I","G","V","T","Q","N","V","L","Y","E","N","Q","K","L","I","A","N","Q","F","N","S","A","I","G","K","I","Q","D","S","L","S","S","T","A","S","A","L","G","K","L","Q","D","V","V","N","Q","N","A","Q","A","L","N","T","L","V","K","Q","L","S","S","N","F","G","A","I","S","S","V","L","N","D","I","L","S","R","L","D","K","V","E","A","E","V","Q","I","D","R","L","I","T","G","R","L","Q","S","L","Q","T","Y","V","T","Q","Q","L","I","R","A","A","E","I","R","A","S","A","N","L","A","A","T","K","M","S","E","C","V","L","G","Q","S","K","R","V","D","F","C","G","K","G","Y","H","L","M","S","F","P","Q","S","A","P","H","G","V","V","F","L","H","V","T","Y","V","P","A","Q","E","K","N","F","T","T","A","P","A","I","C","H","D","G","K","A","H","F","P","R","E","G","V","F","V","S","N","G","T","H","W","F","V","T","Q","R","N","F","Y","E","P","Q","I","I","T","T","D","N","T","F","V","S","G","N","C","D","V","V","I","G","I","V","N","N","T","V","Y","D","P","L","Q","P","E","L","D","S","F","K","E","E","L","D","K","Y","F","K","N","H","T","S","P","D","V","D","L","G","D","I","S","G","I","N","A","S","V","V","N","I","Q","K","E","I","D","R","L","N","E","V","A","K","N","L","N","E","S","L","I","D","L","Q","E","L","G","K","Y","E","Q","Y","I","K","W","P","W","Y","I","W","L","G","F","I","A","G","L","I","A","I","V","M","V","T","I","M","L","C","C","M","T","S","C","C","S","C","L","K","G","C","C","S","C","G","S","C","C","K","F","D","E","D","D","S","E","P","V","L","K","G","V","K","L","H","Y","T","---"
"New.hCoV.19.Japan.PG.17853.2020","M","F","V","F","L","V","L","L","P","L","V","S","S","Q","C","V","N","L","T","T","R","T","Q","L","P","P","A","Y","T","N","S","F","T","R","G","V","Y","Y","P","D","K","V","F","R","S","S","V","L","H","S","T","Q","D","L","F","L","P","F","F","S","N","V","T","W","F","H","A","I","H","V","S","G","T","N","G","T","K","R","F","D","N","P","V","L","P","F","N","D","G","V","Y","F","A","S","T","E","K","S","N","I","I","R","G","W","I","F","G","T","T","L","D","S","K","T","Q","S","L","L","I","V","N","N","A","T","N","V","V","I","K","V","C","E","F","Q","F","C","N","D","P","F","L","G","V","Y","Y","H","K","N","N","K","S","W","T","E","S","E","F","R","V","Y","S","S","A","N","N","C","T","F","E","Y","V","S","Q","P","F","L","M","D","L","E","G","K","Q","G","N","F","K","N","L","R","E","F","V","F","K","N","I","D","G","Y","F","K","I","Y","S","K","H","T","P","I","N","L","V","R","D","L","P","Q","G","F","S","A","L","E","P","L","V","D","L","P","I","G","I","N","I","T","R","F","Q","T","L","L","A","L","H","R","S","Y","L","T","P","G","D","S","S","S","G","W","T","A","G","A","A","A","Y","Y","V","G","Y","L","Q","P","R","T","F","L","L","K","Y","N","E","N","G","T","I","T","D","A","V","D","C","A","L","D","P","L","S","E","T","K","C","T","L","K","S","F","T","V","E","K","G","I","Y","Q","T","S","N","F","R","V","Q","P","T","E","S","I","V","R","F","P","N","I","T","N","L","C","P","F","G","E","V","F","N","A","T","R","F","A","S","V","Y","A","W","N","R","K","R","I","S","N","C","V","A","D","Y","S","V","L","Y","N","S","A","S","F","S","T","F","K","C","Y","G","V","S","P","T","K","L","N","D","L","C","F","T","N","V","Y","A","D","S","F","V","I","R","G","D","E","V","R","Q","I","A","P","G","Q","T","G","K","I","A","D","Y","N","Y","K","L","P","D","D","F","T","G","C","V","I","A","W","N","S","N","N","L","D","S","K","V","G","G","N","Y","N","Y","L","Y","R","L","F","R","K","S","N","L","K","P","F","E","R","D","I","S","T","E","I","Y","Q","A","G","S","T","P","C","N","G","V","E","G","F","N","C","Y","F","P","L","Q","S","Y","G","F","Q","P","T","N","G","V","G","Y","Q","P","Y","R","V","V","V","L","S","F","E","L","L","H","A","P","A","T","V","C","G","P","K","K","S","T","N","L","V","K","N","K","C","V","N","F","N","F","N","G","L","T","G","T","G","V","L","T","E","S","N","K","K","F","L","P","F","Q","Q","F","G","R","D","I","A","D","T","T","D","A","V","R","D","P","Q","T","L","E","I","L","D","I","T","P","C","S","F","G","G","V","S","V","I","T","P","G","T","N","T","S","N","Q","V","A","V","L","Y","Q","G","V","N","C","T","E","V","P","V","A","I","H","A","D","Q","L","T","P","T","W","R","V","Y","S","T","G","S","N","V","F","Q","T","R","A","G","C","L","I","G","A","E","H","V","N","N","S","Y","E","C","D","I","P","I","G","A","G","I","C","A","S","Y","Q","T","Q","T","N","S","P","R","R","A","R","S","V","A","S","Q","S","I","I","A","Y","T","M","S","L","G","A","E","N","S","V","A","Y","S","N","N","S","I","A","I","P","T","N","F","T","I","S","V","T","T","E","I","L","P","V","S","M","T","K","T","S","V","D","C","T","M","Y","I","C","G","D","S","T","E","C","S","N","L","L","L","Q","Y","G","S","F","C","T","Q","L","N","R","A","L","T","G","I","A","V","E","Q","D","K","N","T","Q","E","V","F","A","Q","V","K","Q","I","Y","K","T","P","P","I","K","D","F","G","G","F","N","F","S","Q","I","L","P","D","P","S","K","P","S","K","R","S","F","I","E","D","L","L","F","N","K","V","T","L","A","D","A","G","F","I","K","Q","Y","G","D","C","L","G","D","I","A","A","R","D","L","I","C","A","Q","K","F","N","G","L","T","V","L","P","P","L","L","T","D","E","M","I","A","Q","Y","T","S","A","L","L","A","G","T","I","T","S","G","W","T","F","G","A","G","A","A","L","Q","I","P","F","A","M","Q","M","A","Y","R","F","N","G","I","G","V","T","Q","N","V","L","Y","E","N","Q","K","L","I","A","N","Q","F","N","S","A","I","G","K","I","Q","D","S","L","S","S","T","A","S","A","L","G","K","L","Q","D","V","V","N","Q","N","A","Q","A","L","N","T","L","V","K","Q","L","S","S","N","F","G","A","I","S","S","V","L","N","D","I","L","S","R","L","D","K","V","E","A","E","V","Q","I","D","R","L","I","T","G","R","L","Q","S","L","Q","T","Y","V","T","Q","Q","L","I","R","A","A","E","I","R","A","S","A","N","L","A","A","T","K","M","S","E","C","V","L","G","Q","S","K","R","V","D","F","C","G","K","G","Y","H","L","M","S","F","P","Q","S","A","P","H","G","V","V","F","L","H","V","T","Y","V","P","A","Q","E","K","N","F","T","T","A","P","A","I","C","H","D","G","K","A","H","F","P","R","E","G","V","F","V","S","N","G","T","H","W","F","V","T","Q","R","N","F","Y","E","P","Q","I","I","T","T","D","N","T","F","V","S","G","N","C","D","V","V","I","G","I","V","N","N","T","V","Y","D","P","L","Q","P","E","L","D","S","F","K","E","E","L","D","K","Y","F","K","N","H","T","S","P","D","V","D","L","G","D","I","S","G","I","N","A","S","V","V","N","I","Q","K","E","I","D","R","L","N","E","V","A","K","N","L","N","E","S","L","I","D","L","Q","E","L","G","K","Y","E","Q","Y","I","K","W","P","W","Y","I","W","L","G","F","I","A","G","L","I","A","I","V","M","V","T","I","M","L","C","C","M","T","S","C","C","S","C","L","K","G","C","C","S","C","G","S","C","C","K","F","D","E","D","D","S","E","P","V","L","K","G","V","K","L","H","Y","T","---"
"New.hCoV.19.Japan.PG.167284.2020","M","F","V","F","L","V","L","L","P","L","V","F","S","Q","C","V","N","L","T","T","R","T","Q","L","P","P","A","Y","T","N","S","F","T","R","G","V","Y","Y","P","D","K","V","F","R","S","S","V","L","H","S","T","Q","D","L","F","L","P","F","F","S","N","V","T","W","F","H","A","I","H","V","S","G","T","N","G","T","K","R","F","D","N","P","V","L","P","F","N","D","G","V","Y","F","A","S","T","E","K","S","N","I","I","R","G","W","I","F","G","T","T","L","D","S","K","T","Q","S","L","L","I","V","N","N","A","T","N","V","V","I","K","V","C","E","F","Q","F","C","N","D","P","F","L","G","V","Y","Y","H","K","N","N","K","S","W","M","E","S","E","F","R","V","Y","S","S","A","N","N","C","T","F","E","Y","V","S","Q","P","F","L","M","D","L","E","G","K","Q","G","N","F","K","N","L","R","E","F","V","F","K","N","I","D","G","Y","F","K","I","Y","S","K","H","T","P","I","N","L","V","R","D","L","P","Q","G","F","S","A","L","E","P","L","V","D","L","P","I","G","I","N","I","T","R","F","Q","T","L","L","A","L","H","R","S","Y","L","T","P","G","D","S","S","S","G","W","T","A","G","A","A","A","Y","Y","V","G","Y","L","Q","P","R","T","F","L","L","K","Y","N","E","N","G","T","I","T","D","A","V","D","C","A","L","D","P","L","S","E","T","K","C","T","L","K","S","F","T","V","E","K","G","I","Y","Q","T","S","N","F","R","V","Q","P","T","E","S","I","V","R","F","P","N","I","T","N","L","C","P","F","G","E","V","F","N","A","T","R","F","A","S","V","Y","A","W","N","R","K","R","I","S","N","C","V","A","D","Y","S","V","L","Y","N","S","A","S","F","S","T","F","K","C","Y","G","V","S","P","T","K","L","N","D","L","C","F","T","N","V","Y","A","D","S","F","V","I","R","G","D","E","V","R","Q","I","A","P","G","Q","T","G","K","I","A","D","Y","N","Y","K","L","P","D","D","F","T","G","C","V","I","A","W","N","S","N","N","L","D","S","K","V","G","G","N","Y","N","Y","L","Y","R","L","F","R","K","S","N","L","K","P","F","E","R","D","I","S","T","E","I","Y","Q","A","G","S","T","P","C","N","G","V","E","G","F","N","C","Y","F","P","L","Q","S","Y","G","F","Q","P","T","N","G","V","G","Y","Q","P","Y","R","V","V","V","L","S","F","E","L","L","H","A","P","A","T","V","C","G","P","K","K","S","T","N","L","V","K","N","K","C","V","N","F","N","F","N","G","L","T","G","T","G","V","L","T","E","S","N","K","K","F","L","P","F","Q","Q","F","G","R","D","I","A","D","T","T","D","A","V","R","D","P","Q","T","L","E","I","L","D","I","T","P","C","S","F","G","G","V","S","V","I","T","P","G","T","N","T","S","N","Q","V","A","V","L","Y","Q","G","V","N","C","T","E","V","P","V","A","I","H","A","D","Q","L","T","P","T","W","R","V","Y","S","T","G","S","N","V","F","Q","T","R","A","G","C","L","I","G","A","E","H","V","N","N","S","Y","E","C","D","I","P","I","G","A","G","I","C","A","S","Y","H","T","Q","T","N","S","P","R","R","A","R","S","V","A","S","Q","S","I","I","A","Y","T","M","S","L","G","A","E","N","S","V","A","Y","S","N","N","S","I","A","I","P","T","N","F","T","I","S","V","T","T","E","I","L","P","V","S","M","T","K","T","S","V","D","C","T","M","Y","I","C","G","D","S","T","E","C","S","N","L","L","L","Q","Y","G","S","F","C","T","Q","L","N","R","A","L","T","G","I","A","V","E","Q","D","K","N","T","Q","E","V","F","A","Q","V","K","Q","I","Y","K","T","P","P","I","K","D","F","G","G","F","N","F","S","Q","I","L","P","D","P","S","K","P","S","K","R","S","F","I","E","D","L","L","F","N","K","V","T","L","A","D","A","G","F","I","K","Q","Y","G","D","C","L","G","D","I","A","A","R","D","L","I","C","A","Q","K","F","N","G","L","T","V","L","P","P","L","L","T","D","E","M","I","A","Q","Y","T","S","A","L","L","A","G","T","I","T","S","G","W","T","F","G","A","G","A","A","L","Q","I","P","F","A","M","Q","M","A","Y","R","F","N","G","I","G","V","T","Q","N","V","L","Y","E","N","Q","K","L","I","A","N","Q","F","N","S","A","I","G","K","I","Q","D","S","L","S","S","T","A","S","A","L","G","K","L","Q","D","V","V","N","Q","N","A","Q","A","L","N","T","L","V","K","Q","L","S","S","N","F","G","A","I","S","S","V","L","N","D","I","L","S","R","L","D","K","V","E","A","E","V","Q","I","D","R","L","I","T","G","R","L","Q","S","L","Q","T","Y","V","T","Q","Q","L","I","R","A","A","E","I","R","A","S","A","N","L","A","A","T","K","M","S","E","C","V","L","G","Q","S","K","R","V","D","F","C","G","K","G","Y","H","L","M","S","F","P","Q","S","A","P","H","G","V","V","F","L","H","V","T","Y","V","P","A","Q","E","K","N","F","T","T","A","P","A","I","C","H","D","G","K","A","H","F","P","R","E","G","V","F","V","S","N","G","T","H","W","F","V","T","Q","R","N","F","Y","E","P","Q","I","I","T","T","D","N","T","F","V","S","G","N","C","D","V","V","I","G","I","V","N","N","T","V","Y","D","P","L","Q","P","E","L","D","S","F","K","E","E","L","D","K","Y","F","K","N","H","T","S","P","D","V","D","L","G","D","I","S","G","I","N","A","S","V","V","N","I","Q","K","E","I","D","R","L","N","E","V","A","K","N","L","N","E","S","L","I","D","L","Q","E","L","G","K","Y","E","Q","Y","I","K","W","P","W","Y","I","W","L","G","F","I","A","G","L","I","A","I","V","M","V","T","I","M","L","C","C","M","T","S","C","C","S","C","L","K","G","C","C","S","C","G","S","C","C","K","F","D","E","D","D","S","E","P","V","L","K","G","V","K","L","H","Y","T","---"
"New.hCoV.19.Japan.PG.23374.2020","M","F","V","F","L","V","L","L","P","L","V","S","S","Q","C","V","N","L","T","T","R","T","Q","L","P","P","A","Y","T","N","S","F","T","R","G","V","Y","Y","P","D","K","V","F","R","S","S","V","L","H","S","T","Q","D","L","F","L","P","F","F","S","N","V","T","W","F","H","A","I","H","V","S","G","T","N","G","T","K","R","F","D","N","P","V","L","P","F","N","D","G","V","Y","F","A","S","T","E","K","S","N","I","I","R","G","W","I","F","G","T","T","L","D","S","K","T","Q","S","L","L","I","V","N","N","A","T","N","V","V","I","K","V","C","E","F","Q","F","C","N","D","P","F","L","G","V","Y","Y","H","K","N","N","K","S","W","M","E","S","E","F","R","V","Y","S","S","A","N","N","C","T","F","E","Y","V","S","Q","P","F","L","M","D","L","E","G","K","Q","G","N","F","K","N","L","R","E","F","V","F","K","N","I","D","G","Y","F","K","I","Y","S","K","H","T","P","I","N","L","V","R","D","L","P","Q","G","F","S","A","L","E","P","L","V","D","L","P","I","G","I","N","I","T","R","F","Q","T","L","L","A","L","H","R","S","Y","L","T","P","G","D","S","S","S","G","W","T","A","G","A","A","A","Y","Y","V","G","Y","L","Q","P","R","T","F","L","L","K","Y","N","E","N","G","T","I","T","D","A","V","D","C","A","L","D","P","L","S","E","T","K","C","T","L","K","S","F","T","V","E","K","G","I","Y","Q","T","S","N","F","R","V","Q","P","T","E","S","I","V","R","F","P","N","I","T","N","L","C","P","F","G","E","V","F","N","A","T","R","F","A","S","V","Y","A","W","N","R","K","R","I","S","N","C","V","A","D","Y","S","V","L","Y","N","S","A","S","F","S","T","F","K","C","Y","G","V","S","P","T","K","L","N","D","L","C","F","T","N","V","Y","A","D","S","F","V","I","R","G","D","E","V","R","Q","I","A","P","G","Q","T","G","K","I","A","D","Y","N","Y","K","L","P","D","D","F","T","G","C","V","I","A","W","N","S","N","N","L","D","S","K","V","G","G","N","Y","N","Y","L","Y","R","L","F","R","K","S","N","L","K","P","F","E","R","D","I","S","T","E","I","Y","Q","A","G","S","T","P","C","N","G","V","E","G","F","N","C","Y","F","P","L","Q","S","Y","G","F","Q","P","T","N","G","V","G","Y","Q","P","Y","R","V","V","V","L","S","F","E","L","L","H","A","P","A","T","V","C","G","P","K","K","S","T","N","L","V","K","N","K","C","V","N","F","N","F","N","G","L","T","G","T","G","V","L","T","E","S","N","K","K","F","L","P","F","Q","Q","F","G","R","D","I","A","D","T","T","D","A","V","R","D","P","Q","T","L","E","I","L","D","I","T","P","C","S","F","G","G","V","S","V","I","T","P","G","T","N","T","S","N","Q","V","A","V","L","Y","Q","G","V","N","C","T","E","V","P","V","A","I","H","A","D","Q","L","T","P","T","W","R","V","Y","S","T","G","S","N","V","F","Q","T","R","A","G","C","L","I","G","A","E","H","V","N","N","S","Y","E","C","D","I","P","I","G","A","G","I","C","A","S","Y","Q","T","Q","T","N","S","P","R","R","A","R","S","V","A","S","Q","S","I","I","A","Y","T","M","S","L","G","A","E","N","S","V","A","Y","S","N","N","S","I","A","I","P","T","N","F","T","I","S","V","T","T","E","I","L","P","V","S","M","T","K","T","S","V","D","C","T","M","Y","I","C","G","D","S","T","E","C","S","N","L","L","L","Q","Y","G","S","F","C","T","Q","L","N","R","A","L","T","G","I","A","V","E","Q","D","K","N","T","Q","E","V","F","A","Q","V","K","Q","I","Y","K","T","P","P","I","K","D","F","G","G","F","N","F","S","Q","I","L","P","D","P","S","K","P","S","K","R","S","F","I","E","D","L","L","F","N","K","V","T","L","A","D","A","G","F","I","K","Q","Y","G","D","C","L","G","D","I","A","A","R","D","L","I","C","A","Q","K","F","N","G","L","T","V","L","P","P","L","L","T","D","E","M","I","A","Q","Y","T","S","A","L","L","A","G","T","I","T","S","G","W","T","F","G","A","G","A","A","L","Q","I","P","F","A","M","Q","M","A","Y","R","F","N","G","I","G","V","T","Q","N","V","L","Y","E","N","Q","K","L","I","A","N","Q","F","N","S","A","I","G","K","I","Q","D","S","L","S","S","T","A","S","A","L","G","K","L","Q","D","V","V","N","Q","N","A","Q","A","L","N","T","L","V","K","Q","L","S","S","N","F","G","A","I","S","S","V","L","N","D","I","L","S","R","L","D","K","V","E","A","E","V","Q","I","D","R","L","I","T","G","R","L","Q","S","L","Q","T","Y","V","T","Q","Q","L","I","R","A","A","E","I","R","A","S","A","N","L","A","A","T","K","M","S","E","C","V","L","G","Q","S","K","R","V","D","F","C","G","K","G","Y","H","L","M","S","F","P","Q","S","A","P","H","G","V","V","F","L","H","V","T","Y","V","P","A","Q","E","K","N","F","T","T","A","P","A","I","C","H","D","G","K","A","H","F","P","R","E","G","V","F","V","S","N","G","T","H","W","F","V","T","Q","R","N","F","Y","E","P","Q","I","I","T","T","D","N","T","F","V","S","G","N","C","D","V","V","I","G","I","V","N","N","T","V","Y","D","P","L","Q","P","E","L","D","S","F","K","E","E","L","D","K","Y","F","K","N","H","T","S","P","D","V","D","L","G","D","I","S","G","I","N","A","S","V","V","N","I","Q","K","E","I","D","R","L","N","E","V","A","K","N","L","N","E","S","L","I","D","L","Q","E","L","G","K","Y","E","Q","Y","I","K","W","P","W","Y","I","W","L","G","F","I","A","G","L","I","A","I","V","M","V","T","I","M","L","C","C","M","T","S","C","C","S","C","L","K","G","C","C","S","C","G","S","C","C","K","F","D","E","D","D","S","E","P","V","L","K","G","V","K","L","H","Y","T","---"
"New.hCoV.19.Japan.Donner186.2020","M","F","V","F","L","V","L","L","P","L","V","S","S","Q","C","V","N","L","T","T","R","T","Q","L","P","P","A","Y","T","N","S","F","T","R","G","V","Y","Y","P","D","K","V","F","R","S","S","V","L","H","S","T","Q","D","L","F","L","P","F","F","S","N","V","T","W","F","H","A","I","H","V","S","G","T","N","G","T","K","R","F","D","N","P","V","L","P","F","N","D","G","V","Y","F","A","S","T","E","K","S","N","I","I","R","G","W","I","F","G","T","T","L","D","S","K","T","Q","S","L","L","I","V","N","N","A","T","N","V","V","I","K","V","C","E","F","Q","F","C","N","D","P","F","L","G","V","Y","Y","H","K","N","N","K","S","W","M","E","S","E","F","R","V","Y","S","S","A","N","N","C","T","F","E","Y","V","S","Q","P","F","L","M","D","L","E","G","K","Q","G","N","F","K","N","L","R","E","F","V","F","K","N","I","D","G","Y","F","K","I","Y","S","K","H","T","P","I","N","L","V","R","D","L","P","Q","G","F","S","A","L","E","P","L","V","D","L","P","I","G","I","N","I","T","R","F","Q","T","L","L","A","L","H","R","S","Y","L","T","P","G","D","S","S","S","G","W","T","A","G","A","A","A","Y","Y","V","G","Y","L","Q","P","R","T","F","L","L","K","Y","N","E","N","G","T","I","T","D","A","V","D","C","A","L","D","P","L","S","E","T","K","C","T","L","K","S","F","T","V","E","K","G","I","Y","Q","T","S","N","F","R","V","Q","P","T","E","S","I","V","R","F","P","N","I","T","N","L","C","P","F","G","E","V","F","N","A","T","R","F","A","S","V","Y","A","W","N","R","K","R","I","S","N","C","V","A","D","Y","S","V","L","Y","N","S","A","S","F","S","T","F","K","C","Y","G","V","S","P","T","K","L","N","D","L","C","F","T","N","V","Y","A","D","S","F","V","I","R","G","D","E","V","R","Q","I","A","P","G","Q","T","G","K","I","A","D","Y","N","Y","K","L","P","D","D","F","T","G","C","V","I","A","W","N","S","N","N","L","D","S","K","V","G","G","N","Y","N","Y","L","Y","R","L","F","R","K","S","N","L","K","P","F","E","R","D","I","S","T","E","I","Y","Q","A","G","S","T","P","C","N","G","V","E","G","F","N","C","Y","F","P","L","Q","S","Y","G","F","Q","P","T","N","G","V","G","Y","Q","P","Y","R","V","V","V","L","S","F","E","L","L","H","A","P","A","T","V","C","G","P","K","K","S","T","N","L","V","K","N","K","C","V","N","F","N","F","N","G","L","T","G","T","G","V","L","T","E","S","N","K","K","F","L","P","F","Q","Q","F","G","R","D","I","A","D","T","T","D","A","V","R","D","P","Q","T","L","E","I","L","D","I","T","P","C","S","F","G","G","V","S","V","I","T","P","G","T","N","T","S","N","Q","V","A","V","L","Y","Q","G","V","N","C","T","E","V","P","V","A","I","H","A","D","Q","L","T","P","T","W","R","V","Y","S","T","G","S","N","V","F","Q","T","R","A","G","C","L","I","G","A","E","H","V","N","N","S","Y","E","C","D","I","P","I","G","A","G","I","C","A","S","Y","Q","T","Q","T","N","S","P","R","R","A","R","S","V","A","S","Q","S","I","I","A","Y","T","M","S","L","G","A","E","N","S","V","A","Y","S","N","N","S","I","A","I","P","T","N","F","T","I","S","V","T","T","E","I","L","P","V","S","M","T","K","T","S","V","D","C","T","M","Y","I","C","G","D","S","T","E","C","S","N","L","L","L","Q","Y","G","S","F","C","T","Q","L","N","R","A","L","T","G","I","A","V","E","Q","D","K","N","T","Q","E","V","F","A","Q","V","K","Q","I","Y","K","T","P","P","I","K","D","F","G","G","F","N","F","S","Q","I","L","P","D","P","S","K","P","S","K","R","S","F","I","E","D","L","L","F","N","K","V","T","L","A","D","A","G","F","I","K","Q","Y","G","D","C","L","G","D","I","A","A","R","D","L","I","C","A","Q","K","F","N","G","L","T","V","L","P","P","L","L","T","D","E","M","I","A","Q","Y","T","S","A","L","L","A","G","T","I","T","S","G","W","T","F","G","A","G","A","A","L","Q","I","P","F","A","M","Q","M","A","Y","R","F","N","G","I","G","V","T","Q","N","V","L","Y","E","N","Q","K","L","I","A","N","Q","F","N","S","A","I","G","K","I","Q","D","S","L","S","S","T","A","S","A","L","G","K","L","Q","D","V","V","N","Q","N","A","Q","A","L","N","T","L","V","K","Q","L","S","S","N","F","G","A","I","S","S","V","L","N","D","I","L","S","R","L","D","K","V","E","A","E","V","Q","I","D","R","L","I","T","G","R","L","Q","S","L","Q","T","Y","V","T","Q","Q","L","I","R","A","A","E","I","R","A","S","A","N","L","A","A","T","K","M","S","E","C","V","L","G","Q","S","K","R","V","D","F","C","G","K","G","Y","H","L","M","S","F","P","Q","S","A","P","H","G","V","V","F","L","H","V","T","Y","V","P","A","Q","E","K","N","F","T","T","A","P","A","I","C","H","D","G","K","A","H","F","P","R","E","G","V","F","V","S","N","G","T","H","W","F","V","T","Q","R","N","F","Y","E","P","Q","I","I","T","T","D","N","T","F","V","S","G","N","C","D","V","V","I","G","I","V","N","N","T","V","Y","D","P","L","Q","P","E","L","D","S","F","K","E","E","L","D","K","Y","F","K","N","H","T","S","P","D","V","D","L","G","D","I","S","G","I","N","A","S","V","V","N","I","Q","K","E","I","D","R","L","N","E","V","A","K","N","L","N","E","S","L","I","D","L","Q","E","L","G","K","Y","E","Q","Y","I","K","W","P","W","Y","I","W","L","G","F","I","A","G","L","I","A","I","V","M","V","T","I","M","L","C","C","M","T","S","C","C","S","C","L","K","G","C","C","S","C","G","S","C","C","K","F","D","E","D","D","S","E","P","V","L","K","G","V","K","L","H","Y","T","---"
"New.hCoV.19.Japan.PG.13105.2020","M","F","V","F","L","V","L","L","P","L","V","S","S","Q","C","V","N","L","T","T","R","T","Q","L","P","P","A","Y","T","N","S","F","T","R","G","V","Y","Y","P","D","K","V","F","R","S","S","V","L","H","S","T","Q","D","L","F","L","P","F","F","S","N","V","T","W","F","H","A","I","H","V","S","G","T","N","G","T","K","R","F","D","N","P","V","L","P","F","N","D","G","V","Y","F","A","S","T","E","K","S","N","I","I","R","G","W","I","F","G","T","T","L","D","S","K","T","Q","S","L","L","I","V","N","N","A","T","N","V","V","I","K","V","C","E","F","Q","F","C","N","D","P","F","L","G","V","Y","Y","H","K","N","N","K","S","W","M","E","S","E","F","R","V","Y","S","S","A","N","N","C","T","F","E","Y","V","S","Q","P","F","L","M","D","L","E","G","K","Q","G","N","F","K","N","L","R","E","F","V","F","K","N","I","D","G","Y","F","K","I","Y","S","K","H","T","P","I","N","L","V","R","D","L","P","Q","G","F","S","A","L","E","P","L","V","D","L","P","I","G","I","N","I","T","R","F","Q","T","L","L","A","L","H","R","S","Y","L","T","P","G","D","S","S","S","G","W","T","A","G","A","A","A","Y","Y","V","G","Y","L","Q","P","R","T","F","L","L","K","Y","N","E","N","G","T","I","T","D","A","V","D","C","A","L","D","P","L","S","E","T","K","C","T","L","K","S","F","T","V","E","K","G","I","Y","Q","T","S","N","F","R","V","Q","P","T","E","S","I","V","R","F","P","N","I","T","N","L","C","P","F","G","E","V","F","N","A","T","R","F","A","S","V","Y","A","W","N","R","K","R","I","S","N","C","V","A","D","Y","S","V","L","Y","N","S","A","S","F","S","T","F","K","C","Y","G","V","S","P","T","K","L","N","D","L","C","F","T","N","V","Y","A","D","S","F","V","I","R","G","D","E","V","R","Q","I","A","P","G","Q","T","G","K","I","A","D","Y","N","Y","K","L","P","D","D","F","T","G","C","V","I","A","W","N","S","N","N","L","D","S","K","V","G","G","N","Y","N","Y","L","Y","R","L","F","R","K","S","N","L","K","P","F","E","R","D","I","S","T","E","I","Y","Q","A","G","S","T","P","C","N","G","V","E","G","F","N","C","Y","F","P","L","Q","S","Y","G","F","Q","P","T","N","G","V","G","Y","Q","P","Y","R","V","V","V","L","S","F","E","L","L","H","A","P","A","T","V","C","G","P","K","K","S","T","N","L","V","K","N","K","C","V","N","F","N","F","N","G","L","T","G","T","G","V","L","T","E","S","N","K","K","F","L","P","F","Q","Q","F","G","R","D","I","A","D","T","T","D","A","V","R","D","P","Q","T","L","E","I","L","D","I","T","P","C","S","F","G","G","V","S","V","I","T","P","G","T","N","T","S","N","Q","V","A","V","L","Y","Q","G","V","N","C","T","E","V","P","V","A","I","H","A","D","Q","L","T","P","T","W","R","V","Y","S","T","G","S","N","V","F","Q","T","R","A","G","C","L","I","G","A","E","H","V","N","N","S","Y","E","C","D","I","P","I","G","A","G","I","C","A","S","Y","Q","T","Q","T","N","S","P","R","R","A","R","S","V","A","S","Q","S","I","I","A","Y","T","M","S","L","G","A","E","N","S","V","A","Y","S","N","N","S","I","A","I","P","T","N","F","T","I","S","V","T","T","E","I","L","P","V","S","M","T","K","T","S","V","D","C","T","M","Y","I","C","G","D","S","T","E","C","S","N","L","L","L","Q","Y","G","S","F","C","T","Q","L","N","R","A","L","T","G","I","A","V","E","Q","D","K","N","T","Q","E","V","F","A","Q","V","K","Q","I","Y","K","T","P","P","I","K","D","F","G","G","F","N","F","S","Q","I","L","P","D","P","S","K","P","S","K","R","S","F","I","E","D","L","L","F","N","K","V","T","L","A","D","A","G","F","I","K","Q","Y","G","D","C","L","G","D","I","A","A","R","D","L","I","C","A","Q","K","F","N","G","L","T","V","L","P","P","L","L","T","D","E","M","I","A","Q","Y","T","S","A","L","L","A","G","T","I","T","S","G","W","T","F","G","A","G","A","A","L","Q","I","P","F","A","M","Q","M","A","Y","R","F","N","G","I","G","V","T","Q","N","V","L","Y","E","N","Q","K","L","I","A","N","Q","F","N","S","A","I","G","K","I","Q","D","S","L","S","S","T","A","S","A","L","G","K","L","Q","D","V","V","N","Q","N","A","Q","A","L","N","T","L","V","K","Q","L","S","S","N","F","G","A","I","S","S","V","L","N","D","I","L","S","R","L","D","K","V","E","A","E","V","Q","I","D","R","L","I","T","G","R","L","Q","S","L","Q","T","Y","V","T","Q","Q","L","I","R","A","A","E","I","R","A","S","A","N","L","A","A","T","K","M","S","E","C","V","L","G","Q","S","K","R","V","D","F","C","G","K","G","Y","H","L","M","S","F","P","Q","S","A","P","H","G","V","V","F","L","H","V","T","Y","V","P","A","Q","E","K","N","F","T","T","A","P","A","I","C","H","D","G","K","A","H","F","P","R","E","G","V","F","V","S","N","G","T","H","W","F","V","T","Q","R","N","F","Y","E","P","Q","I","I","T","T","D","N","T","F","V","S","G","N","C","D","V","V","I","G","I","V","N","N","T","V","Y","D","P","L","Q","P","E","L","D","S","F","K","E","E","L","D","K","Y","F","K","N","H","T","S","P","D","V","D","L","G","D","I","S","G","I","N","A","S","V","V","N","I","Q","K","E","I","D","R","L","N","E","V","A","K","N","L","N","E","S","L","I","D","L","Q","E","L","G","K","Y","E","Q","Y","I","K","W","P","W","Y","I","W","L","G","F","I","A","G","L","I","A","I","V","M","V","T","I","M","L","C","C","M","T","S","C","C","S","C","L","K","G","C","C","S","C","G","S","C","C","K","F","D","E","D","D","S","E","P","V","L","K","G","V","K","L","H","Y","T","---"
"New.hCoV.19.Japan.PG.13821.2020","M","F","V","F","L","V","L","L","P","L","V","S","S","Q","C","V","N","L","T","T","R","T","Q","L","P","P","A","Y","T","N","S","F","T","R","G","V","Y","Y","P","D","K","V","F","R","S","S","V","L","H","S","T","Q","D","L","F","L","P","F","F","S","N","V","T","W","F","H","A","I","H","V","S","G","T","N","G","T","K","R","F","D","N","P","V","L","P","F","N","D","G","V","Y","F","A","S","T","E","K","S","N","I","I","R","G","W","I","F","G","T","T","L","D","S","K","T","Q","S","L","L","I","V","N","N","A","T","N","V","V","I","K","V","C","E","F","Q","F","C","N","D","P","F","L","G","V","Y","Y","H","K","N","N","K","S","W","M","E","S","E","F","R","V","Y","S","S","A","N","N","C","T","F","E","Y","V","S","Q","P","F","L","M","D","L","E","G","K","Q","G","N","F","K","N","L","R","E","F","V","F","K","N","I","D","G","Y","F","K","I","Y","S","K","H","T","P","I","N","L","V","R","D","L","P","Q","G","F","S","A","L","E","P","L","V","D","L","P","I","G","I","N","I","T","R","F","Q","T","L","L","A","L","H","R","S","Y","L","T","P","G","D","S","S","S","G","W","T","A","G","A","A","A","Y","Y","V","G","Y","L","Q","P","R","T","F","L","L","K","Y","N","E","N","G","T","I","T","D","A","V","D","C","A","L","D","P","L","S","E","T","K","C","T","L","K","S","F","T","V","E","K","G","I","Y","Q","T","S","N","F","R","V","Q","P","T","E","S","I","V","R","F","P","N","I","T","N","L","C","P","F","G","E","V","F","N","A","T","R","F","A","S","V","Y","A","W","N","R","K","R","I","S","N","C","V","A","D","Y","S","V","L","Y","N","S","A","S","F","S","T","F","K","C","Y","G","V","S","P","T","K","L","N","D","L","C","F","T","N","V","Y","A","D","S","F","V","I","R","G","D","E","V","R","Q","I","A","P","G","Q","T","G","K","I","A","D","Y","N","Y","K","L","P","D","D","F","T","G","C","V","I","A","W","N","S","N","N","L","D","S","K","V","G","G","N","Y","N","Y","L","Y","R","L","F","R","K","S","N","L","K","P","F","E","R","D","I","S","T","E","I","Y","Q","A","G","S","T","P","C","N","G","V","E","G","F","N","C","Y","F","P","L","Q","S","Y","G","F","Q","P","T","N","G","V","G","Y","Q","P","Y","R","V","V","V","L","S","F","E","L","L","H","A","P","A","T","V","C","G","P","K","K","S","T","N","L","V","K","N","K","C","V","N","F","N","F","N","G","L","T","G","T","G","V","L","T","E","S","N","K","K","F","L","P","F","Q","Q","F","G","R","D","I","A","D","T","T","D","A","V","R","D","P","Q","T","L","E","I","L","D","I","T","P","C","S","F","G","G","V","S","V","I","T","P","G","T","N","T","S","N","Q","V","A","V","L","Y","Q","G","V","N","C","T","E","V","P","V","A","I","H","A","D","Q","L","T","P","T","W","R","V","Y","S","T","G","S","N","V","F","Q","T","R","A","G","C","L","I","G","A","E","H","V","N","N","S","Y","E","C","D","I","P","I","G","A","G","I","C","A","S","Y","Q","T","Q","T","N","S","P","R","R","A","R","S","V","A","S","Q","S","I","I","A","Y","T","M","S","L","G","A","E","N","S","V","A","Y","S","N","N","S","I","A","I","P","T","N","F","T","I","S","V","T","T","E","I","L","P","V","S","M","T","K","T","S","V","D","C","T","M","Y","I","C","G","D","S","T","E","C","S","N","L","L","L","Q","Y","G","S","F","C","T","Q","L","N","R","A","L","T","G","I","A","V","E","Q","D","K","N","T","Q","E","V","F","A","Q","V","K","Q","I","Y","K","T","P","P","I","K","D","F","G","G","F","N","F","S","Q","I","L","P","D","P","S","K","P","S","K","R","S","F","I","E","D","L","L","F","N","K","V","T","L","A","D","A","G","F","I","K","Q","Y","G","D","C","L","G","D","I","A","A","R","D","L","I","C","A","Q","K","F","N","G","L","T","V","L","P","P","L","L","T","D","E","M","I","A","Q","Y","T","S","A","L","L","A","G","T","I","T","S","G","W","T","F","G","A","G","A","A","L","Q","I","P","F","A","M","Q","M","A","Y","R","F","N","G","I","G","V","T","Q","N","V","L","Y","E","N","Q","K","L","I","A","N","Q","F","N","S","A","I","G","K","I","Q","D","S","L","S","S","T","A","S","A","L","G","K","L","Q","D","V","V","N","Q","N","A","Q","A","L","N","T","L","V","K","Q","L","S","S","N","F","G","A","I","S","S","V","L","N","D","I","L","S","R","L","D","K","V","E","A","E","V","Q","I","D","R","L","I","T","G","R","L","Q","S","L","Q","T","Y","V","T","Q","Q","L","I","R","A","A","E","I","R","A","S","A","N","L","A","A","T","K","M","S","E","C","V","L","G","Q","S","K","R","V","D","F","C","G","K","G","Y","H","L","M","S","F","P","Q","S","A","P","H","G","V","V","F","L","H","V","T","Y","V","P","A","Q","E","K","N","F","T","T","A","P","A","I","C","H","D","G","K","A","H","F","P","R","E","G","V","F","V","S","N","G","T","H","W","F","V","T","Q","R","N","F","Y","E","P","Q","I","I","T","T","D","N","T","F","V","S","G","N","C","D","V","V","I","G","I","V","N","N","T","V","Y","D","P","L","Q","P","E","L","D","S","F","K","E","E","L","D","K","Y","F","K","N","H","T","S","P","D","V","D","L","G","D","I","S","G","I","N","A","S","V","V","N","I","Q","K","E","I","D","R","L","N","E","V","A","K","N","L","N","E","S","L","I","D","L","Q","E","L","G","K","Y","E","Q","Y","I","K","W","P","W","Y","I","W","L","G","F","I","A","G","L","I","A","I","V","M","V","T","I","M","L","C","C","M","T","S","C","C","S","C","L","K","G","C","C","S","C","G","S","C","C","K","F","D","E","D","D","S","E","P","V","L","K","G","V","K","L","H","Y","T","---"
"New.hCoV.19.Japan.PG.12339.2020","M","F","V","F","L","V","L","L","P","L","V","S","S","Q","C","V","N","L","T","T","R","T","Q","L","P","P","A","Y","T","N","S","F","T","R","G","V","Y","Y","P","D","K","V","F","R","S","S","V","L","H","S","T","Q","D","L","F","L","P","F","F","S","N","V","T","W","F","H","A","I","H","V","S","G","T","N","G","T","K","R","F","D","N","P","V","L","P","F","N","D","G","V","Y","F","A","S","T","E","K","S","N","I","I","R","G","W","I","F","G","T","T","L","D","S","K","T","Q","S","L","L","I","V","N","N","A","T","N","V","V","I","K","V","C","E","F","Q","F","C","N","D","P","F","L","G","V","Y","Y","H","K","N","N","K","S","W","M","E","S","E","F","R","V","Y","S","S","A","N","N","C","T","F","E","Y","V","S","Q","P","F","L","M","D","L","E","G","K","Q","G","N","F","K","N","L","R","E","F","V","F","K","N","I","D","G","Y","F","K","I","Y","S","K","H","T","P","I","N","L","V","R","D","L","P","Q","G","F","S","A","L","E","P","L","V","D","L","P","I","G","I","N","I","T","R","F","Q","T","L","L","A","L","H","R","S","Y","L","T","P","G","D","S","S","S","G","W","T","A","G","A","A","A","Y","Y","V","G","Y","L","Q","P","R","T","F","L","L","K","Y","N","E","N","G","T","I","T","D","A","V","D","C","A","L","D","P","L","S","E","T","K","C","T","L","K","S","F","T","V","E","K","G","I","Y","Q","T","S","N","F","R","V","Q","P","T","E","S","I","V","R","F","P","N","I","T","N","L","C","P","F","G","E","V","F","N","A","T","R","F","A","S","V","Y","A","W","N","R","K","R","I","S","N","C","V","A","D","Y","S","V","L","Y","N","S","A","S","F","S","T","F","K","C","Y","G","V","S","P","T","K","L","N","D","L","C","F","T","N","V","Y","A","D","S","F","V","I","R","G","D","E","V","R","Q","I","A","P","G","Q","T","G","K","I","A","D","Y","N","Y","K","L","P","D","D","F","T","G","C","V","I","A","W","N","S","N","N","L","D","S","K","V","G","G","N","Y","N","Y","L","Y","R","L","F","R","K","S","N","L","K","P","F","E","R","D","I","S","T","E","I","Y","Q","A","G","S","T","P","C","N","G","V","E","G","F","N","C","Y","F","P","L","Q","S","Y","G","F","Q","P","T","N","G","V","G","Y","Q","P","Y","R","V","V","V","L","S","F","E","L","L","H","A","P","A","T","V","C","G","P","K","K","S","T","N","L","V","K","N","K","C","V","N","F","N","F","N","G","L","T","G","T","G","V","L","T","E","S","N","K","K","F","L","P","F","Q","Q","F","G","R","D","I","A","D","T","T","D","A","V","R","D","P","Q","T","L","E","I","L","D","I","T","P","C","S","F","G","G","V","S","V","I","T","P","G","T","N","T","S","N","Q","V","A","V","L","Y","Q","G","V","N","C","T","E","V","P","V","A","I","H","A","D","Q","L","T","P","T","W","R","V","Y","S","T","G","S","N","V","F","Q","T","R","A","G","C","L","I","G","A","E","H","V","N","N","S","Y","E","C","D","I","P","I","G","A","G","I","C","A","S","Y","H","T","Q","T","N","S","P","R","R","A","R","S","V","A","S","Q","S","I","I","A","Y","T","M","S","L","G","A","E","N","S","V","A","Y","S","N","N","S","I","A","I","P","T","N","F","T","I","S","V","T","T","E","I","L","P","V","S","M","T","K","T","S","V","D","C","T","M","Y","I","C","G","D","S","T","E","C","S","N","L","L","L","Q","Y","G","S","F","C","T","Q","L","N","R","A","L","T","G","I","A","V","E","Q","D","K","N","T","Q","E","V","F","A","Q","V","K","Q","I","Y","K","T","P","P","I","K","D","F","G","G","F","N","F","S","Q","I","L","P","D","P","S","K","P","S","K","R","S","F","I","E","D","L","L","F","N","K","V","T","L","A","D","A","G","F","I","K","Q","Y","G","D","C","L","G","D","I","A","A","R","D","L","I","C","A","Q","K","F","N","G","L","T","V","L","P","P","L","L","T","D","E","M","I","A","Q","Y","T","S","A","L","L","A","G","T","I","T","S","G","W","T","F","G","A","G","A","A","L","Q","I","P","F","A","M","Q","M","A","Y","R","F","N","G","I","G","V","T","Q","N","V","L","Y","E","N","Q","K","L","I","A","N","Q","F","N","S","A","I","G","K","I","Q","D","S","L","S","S","T","A","S","A","L","G","K","L","Q","D","V","V","N","Q","N","A","Q","A","L","N","T","L","V","K","Q","L","S","S","N","F","G","A","I","S","S","V","L","N","D","I","L","S","R","L","D","K","V","E","A","E","V","Q","I","D","R","L","I","T","G","R","L","Q","S","L","Q","T","Y","V","T","Q","Q","L","I","R","A","A","E","I","R","A","S","A","N","L","A","A","T","K","M","S","E","C","V","L","G","Q","S","K","R","V","D","F","C","G","K","G","Y","H","L","M","S","F","P","Q","S","A","P","H","G","V","V","F","L","H","V","T","Y","V","P","A","Q","E","K","N","F","T","T","A","P","A","I","C","H","D","G","K","A","H","F","P","R","E","G","V","F","V","S","N","G","T","H","W","F","V","T","Q","R","N","F","Y","E","P","Q","I","I","T","T","D","N","T","F","V","S","G","N","C","D","V","V","I","G","I","V","N","N","T","V","Y","D","P","L","Q","P","E","L","D","S","F","K","E","E","L","D","K","Y","F","K","N","H","T","S","P","D","V","D","L","G","D","I","S","G","I","N","A","S","V","V","N","I","Q","K","E","I","D","R","L","N","E","V","A","K","N","L","N","E","S","L","I","D","L","Q","E","L","G","K","Y","E","Q","Y","I","K","W","P","W","Y","I","W","L","G","F","I","A","G","L","I","A","I","V","M","V","T","I","M","L","C","C","M","T","S","C","C","S","C","L","K","G","C","C","S","C","G","S","C","C","K","F","D","E","D","D","S","E","P","V","L","K","G","V","K","L","H","Y","T","---"
"New.hCoV.19.Japan.FK0186.2020","M","F","V","F","L","V","L","L","P","L","V","S","S","Q","C","V","N","L","T","T","R","T","Q","L","P","P","A","Y","T","N","S","F","T","R","G","V","Y","Y","P","D","K","V","F","R","S","S","V","L","H","S","T","Q","D","L","F","L","P","F","F","S","N","V","T","W","F","H","A","I","H","V","S","G","T","N","G","T","K","R","F","D","N","P","V","L","P","F","N","D","G","V","Y","F","A","S","T","E","K","S","N","I","I","R","G","W","I","F","G","T","T","L","D","S","K","T","Q","S","L","L","I","V","N","N","A","T","N","V","V","I","K","V","C","E","F","Q","F","C","N","D","P","F","L","G","V","Y","Y","H","K","N","N","K","S","W","M","E","S","E","F","R","V","Y","S","S","A","N","N","C","T","F","E","Y","V","S","Q","P","F","L","M","D","L","E","G","K","Q","G","N","F","K","N","L","R","E","F","V","F","K","N","I","D","G","Y","F","K","I","Y","S","K","H","T","P","I","N","L","V","R","D","L","P","Q","G","F","S","A","L","E","P","L","V","D","L","P","I","G","I","N","I","T","R","F","Q","T","L","L","A","L","H","R","S","Y","L","T","P","G","D","S","S","S","G","W","T","A","G","A","A","A","Y","Y","V","G","Y","L","Q","P","R","T","F","L","L","K","Y","N","E","N","G","T","I","T","D","A","V","D","C","A","L","D","P","L","S","E","T","K","C","T","L","K","S","F","T","V","E","K","G","I","Y","Q","T","S","N","F","R","V","Q","P","T","E","S","I","V","R","F","P","N","I","T","N","L","C","P","F","G","E","V","F","N","A","T","R","F","A","S","V","Y","A","W","N","R","K","R","I","S","N","C","V","A","D","Y","S","V","L","Y","N","S","A","S","F","S","T","F","K","C","Y","G","V","S","P","T","K","L","N","D","L","C","F","T","N","V","Y","A","D","S","F","V","I","R","G","D","E","V","R","Q","I","A","P","G","Q","T","G","K","I","A","D","Y","N","Y","K","L","P","D","D","F","T","G","C","V","I","A","W","N","S","N","N","L","D","S","K","V","G","G","N","Y","N","Y","L","Y","R","L","F","R","K","S","N","L","K","P","F","E","R","D","I","S","T","E","I","Y","Q","A","G","S","T","P","C","N","G","V","E","G","F","N","C","Y","F","P","L","Q","S","Y","G","F","Q","P","T","N","G","V","G","Y","Q","P","Y","R","V","V","V","L","S","F","E","L","L","H","A","P","A","T","V","C","G","P","K","K","S","T","N","L","V","K","N","K","C","V","N","F","N","F","N","G","L","T","G","T","G","V","L","T","E","S","N","K","K","F","L","P","F","Q","Q","F","G","R","D","I","A","D","T","T","D","A","V","R","D","P","Q","T","L","E","I","L","D","I","T","P","C","S","F","G","G","V","S","V","I","T","P","G","T","N","T","S","N","Q","V","A","V","L","Y","Q","G","V","N","C","T","E","V","P","V","A","I","H","A","D","Q","L","T","P","T","W","R","V","Y","S","T","G","S","N","V","F","Q","T","R","A","G","C","L","I","G","A","E","H","V","N","N","S","Y","E","C","D","I","P","I","G","A","G","I","C","A","S","Y","Q","T","Q","T","N","S","P","R","R","A","R","S","V","A","S","Q","S","I","I","A","Y","T","M","S","L","G","A","E","N","S","V","A","Y","S","N","N","S","I","A","I","P","T","N","F","T","I","S","V","T","T","E","I","L","P","V","S","M","T","K","T","S","V","D","C","T","M","Y","I","C","G","D","S","T","E","C","S","N","L","L","L","Q","Y","G","S","F","C","T","Q","L","N","R","A","L","T","G","I","A","V","E","Q","D","K","N","T","Q","E","V","F","A","Q","V","K","Q","I","Y","K","T","P","P","I","K","D","F","G","G","F","N","F","S","Q","I","L","P","D","P","S","K","P","S","K","R","S","F","I","E","D","L","L","F","N","K","V","T","L","A","D","A","G","F","I","K","Q","Y","G","D","C","L","G","D","I","A","A","R","D","L","I","C","A","Q","K","F","N","G","L","T","V","L","P","P","L","L","T","D","E","M","I","A","Q","Y","T","S","A","L","L","A","G","T","I","T","S","G","W","T","F","G","A","G","A","A","L","Q","I","P","F","A","M","Q","M","A","Y","R","F","N","G","I","G","V","T","Q","N","V","L","Y","E","N","Q","K","L","I","A","N","Q","F","N","S","A","I","G","K","I","Q","D","S","L","S","S","T","A","S","A","L","G","K","L","Q","D","V","V","N","Q","N","A","Q","A","L","N","T","L","V","K","Q","L","S","S","N","F","G","A","I","S","S","V","L","N","D","I","L","S","R","L","D","K","V","E","A","E","V","Q","I","D","R","L","I","T","G","R","L","Q","S","L","Q","T","Y","V","T","Q","Q","L","I","R","A","A","E","I","R","A","S","A","N","L","A","A","T","K","M","S","E","C","V","L","G","Q","S","K","R","V","D","F","C","G","K","G","Y","H","L","M","S","F","P","Q","S","A","P","H","G","V","V","F","L","H","V","T","Y","V","P","A","Q","E","K","N","F","T","T","A","P","A","I","C","H","D","G","K","A","H","F","P","R","E","G","V","F","V","S","N","G","T","H","W","F","V","T","Q","R","N","F","Y","E","P","Q","I","I","T","T","D","N","T","F","V","S","G","N","C","D","V","V","I","G","I","V","N","N","T","V","Y","D","P","L","Q","P","E","L","D","S","F","K","E","E","L","D","K","Y","F","K","N","H","T","S","P","D","V","D","L","G","D","I","S","G","I","N","A","S","V","V","N","I","Q","K","E","I","D","R","L","N","E","V","A","K","N","L","N","E","S","L","I","D","L","Q","E","L","G","K","Y","E","Q","Y","I","K","W","P","W","Y","I","W","L","G","F","I","A","G","L","I","A","I","V","M","V","T","I","M","L","C","C","M","T","S","C","C","S","C","L","K","G","C","C","S","C","G","S","C","C","K","F","D","E","D","D","S","E","P","V","L","K","G","V","K","L","H","Y","T","---"
"New.hCoV.19.Japan.PG.22343.2020","M","F","V","F","L","V","L","L","P","L","V","S","S","Q","C","V","N","L","T","T","R","T","Q","L","P","P","A","Y","T","N","S","F","T","R","G","V","Y","Y","P","D","K","V","F","R","S","S","V","L","H","S","T","Q","D","L","F","L","P","F","F","S","N","V","T","W","F","H","A","I","H","V","S","G","T","N","G","T","K","R","F","D","N","P","V","L","P","F","N","D","G","V","Y","F","A","S","T","E","K","S","N","I","I","R","G","W","I","F","G","T","T","L","D","S","K","T","Q","S","L","L","I","V","N","N","A","T","N","V","V","I","K","V","C","E","F","Q","F","C","N","D","P","F","L","G","V","Y","Y","H","K","N","N","K","S","W","M","E","S","E","F","R","V","Y","S","S","A","N","N","C","T","F","E","Y","V","S","Q","P","F","L","M","D","L","E","G","K","Q","G","N","F","K","N","L","R","E","F","V","F","K","N","I","D","G","Y","F","K","I","Y","S","K","H","T","P","I","N","L","V","R","D","L","P","Q","G","F","S","A","L","E","P","L","V","D","L","P","I","G","I","N","I","T","R","F","Q","T","L","L","A","L","H","R","S","Y","L","T","P","G","D","S","S","S","G","W","T","A","G","A","A","A","Y","Y","V","G","Y","L","Q","P","R","T","F","L","L","K","Y","N","E","N","G","T","I","T","D","A","V","D","C","A","L","D","P","L","S","E","T","K","C","T","L","K","S","F","T","V","E","K","G","I","Y","Q","T","S","N","F","R","V","Q","P","T","E","S","I","V","R","F","P","N","I","T","N","L","C","P","F","G","E","V","F","N","A","T","R","F","A","S","V","Y","A","W","N","R","K","R","I","S","N","C","V","A","D","Y","S","V","L","Y","N","S","A","S","F","S","T","F","K","C","Y","G","V","S","P","T","K","L","N","D","L","C","F","T","N","V","Y","A","D","S","F","V","I","R","G","D","E","V","R","Q","I","A","P","G","Q","T","G","K","I","A","D","Y","N","Y","K","L","P","D","D","F","T","G","C","V","I","A","W","N","S","N","N","L","D","S","K","V","G","G","N","Y","N","Y","L","Y","R","L","F","R","K","S","N","L","K","P","F","E","R","D","I","S","T","E","I","Y","Q","A","G","S","T","P","C","N","G","V","E","G","F","N","C","Y","F","P","L","Q","S","Y","G","F","Q","P","T","N","G","V","G","Y","Q","P","Y","R","V","V","V","L","S","F","E","L","L","H","A","P","A","T","V","C","G","P","K","K","S","T","N","L","V","K","N","K","C","V","N","F","N","F","N","G","L","T","G","T","G","V","L","T","E","S","N","K","K","F","L","P","F","Q","Q","F","G","R","D","I","A","D","T","T","D","A","V","R","D","P","Q","T","L","E","I","L","D","I","T","P","C","S","F","G","G","V","S","V","I","T","P","G","T","N","T","S","N","Q","V","A","V","L","Y","Q","G","V","N","C","T","E","V","P","V","A","I","H","A","D","Q","L","T","P","T","W","R","V","Y","S","T","G","S","N","V","F","Q","T","R","A","G","C","L","I","G","A","E","H","V","N","N","S","Y","E","C","D","I","P","I","G","A","G","I","C","A","S","Y","Q","T","Q","T","N","S","P","R","R","A","R","S","V","A","S","Q","S","I","I","A","Y","T","M","S","L","G","A","E","N","S","V","A","Y","S","N","N","S","I","A","I","P","T","N","F","T","I","S","V","T","T","E","I","L","P","V","S","M","T","K","T","S","V","D","C","T","M","Y","I","C","G","D","S","T","E","C","S","N","L","L","L","Q","Y","G","S","F","C","T","Q","L","N","R","A","L","T","G","I","A","V","E","Q","D","K","N","T","Q","E","V","F","A","Q","V","K","Q","I","Y","K","T","P","P","I","K","D","F","G","G","F","N","F","S","Q","I","L","P","D","P","S","K","P","S","K","R","S","F","I","E","D","L","L","F","N","K","V","T","L","A","D","A","G","F","I","K","Q","Y","G","D","C","L","G","D","I","A","A","R","D","L","I","C","A","Q","K","F","N","G","L","T","V","L","P","P","L","L","T","D","E","M","I","A","Q","Y","T","S","A","L","L","A","G","T","I","T","S","G","W","T","F","G","A","G","A","A","L","Q","I","P","F","A","M","Q","M","A","Y","R","F","N","G","I","G","V","T","Q","N","V","L","Y","E","N","Q","K","L","I","A","N","Q","F","N","S","A","I","G","K","I","Q","D","S","L","S","S","T","A","S","A","L","G","K","L","Q","D","V","V","N","Q","N","A","Q","A","L","N","T","L","V","K","Q","L","S","S","N","F","G","A","I","S","S","V","L","N","D","I","L","S","R","L","D","K","V","E","A","E","V","Q","I","D","R","L","I","T","G","R","L","Q","S","L","Q","T","Y","V","T","Q","Q","L","I","R","A","A","E","I","R","A","S","A","N","L","A","A","T","K","M","S","E","C","V","L","G","Q","S","K","R","V","D","F","C","G","K","G","Y","H","L","M","S","F","P","Q","S","A","P","H","G","V","V","F","L","H","V","T","Y","V","P","A","Q","E","K","N","F","T","T","A","P","A","I","C","H","D","G","K","A","H","F","P","R","E","G","V","F","V","S","N","G","T","H","W","F","V","T","Q","R","N","F","Y","E","P","Q","I","I","T","T","D","N","T","F","V","S","G","N","C","D","V","V","I","G","I","V","N","N","T","V","Y","D","P","L","Q","P","E","L","D","S","F","K","E","E","L","D","K","Y","F","K","N","H","T","S","P","D","V","D","L","G","D","I","S","G","I","N","A","S","V","V","N","I","Q","K","E","I","D","R","L","N","E","V","A","K","N","L","N","E","S","L","I","D","L","Q","E","L","G","K","Y","E","Q","Y","I","K","W","P","W","Y","I","W","L","G","F","I","A","G","L","I","A","I","V","M","V","T","I","M","L","C","C","M","T","S","C","C","S","C","L","K","G","C","C","S","C","G","S","C","C","K","F","D","E","D","D","S","E","P","V","L","K","G","V","K","L","H","Y","T","---"
"New.hCoV.19.Japan.PG.11855.2020","M","F","V","F","L","V","L","L","P","L","V","S","S","Q","C","V","N","L","T","T","R","T","Q","L","P","P","A","Y","T","N","S","F","T","R","G","V","Y","Y","P","D","K","V","F","R","S","S","V","L","H","S","T","Q","D","L","F","L","P","F","F","S","N","V","T","W","F","H","A","I","H","V","S","G","T","N","G","T","K","R","F","D","N","P","V","L","P","F","N","D","G","V","Y","F","A","S","T","E","K","S","N","I","I","R","G","W","I","F","G","T","T","L","D","S","K","T","Q","S","L","L","I","V","N","N","A","T","N","V","V","I","K","V","C","E","F","Q","F","C","N","D","P","F","L","G","V","Y","Y","H","K","N","N","K","S","W","T","E","S","E","F","R","V","Y","S","S","A","N","N","C","T","F","E","Y","V","S","Q","P","F","L","M","D","L","E","G","K","Q","G","N","F","K","N","L","R","E","F","V","F","K","N","I","D","G","Y","F","K","I","Y","S","K","H","T","P","I","N","L","V","R","D","L","P","Q","G","F","S","A","L","E","P","L","V","D","L","P","I","G","I","N","I","T","R","F","Q","T","L","L","A","L","H","R","S","Y","L","T","P","G","D","S","S","S","G","W","T","A","G","A","A","A","Y","Y","V","G","Y","L","Q","P","R","T","F","L","L","K","Y","N","E","N","G","T","I","T","D","A","V","D","C","A","L","D","P","L","S","E","T","K","C","T","L","K","S","F","T","V","E","K","G","I","Y","Q","T","S","N","F","R","V","Q","P","T","E","S","I","V","R","F","P","N","I","T","N","L","C","P","F","G","E","V","F","N","A","T","R","F","A","S","V","Y","A","W","N","R","K","R","I","S","N","C","V","A","D","Y","S","V","L","Y","N","S","A","S","F","S","T","F","K","C","Y","G","V","S","P","T","K","L","N","D","L","C","F","T","N","V","Y","A","D","S","F","V","I","R","G","D","E","V","R","Q","I","A","P","G","Q","T","G","K","I","A","D","Y","N","Y","K","L","P","D","D","F","T","G","C","V","I","A","W","N","S","N","N","L","D","S","K","V","G","G","N","Y","N","Y","L","Y","R","L","F","R","K","S","N","L","K","P","F","E","R","D","I","S","T","E","I","Y","Q","A","G","S","T","P","C","N","G","V","E","G","F","N","C","Y","F","P","L","Q","S","Y","G","F","Q","P","T","N","G","V","G","Y","Q","P","Y","R","V","V","V","L","S","F","E","L","L","H","A","P","A","T","V","C","G","P","K","K","S","T","N","L","V","K","N","K","C","V","N","F","N","F","N","G","L","T","G","T","G","V","L","T","E","S","N","K","K","F","L","P","F","Q","Q","F","G","R","D","I","A","D","T","T","D","A","V","R","D","P","Q","T","L","E","I","L","D","I","T","P","C","S","F","G","G","V","S","V","I","T","P","G","T","N","T","S","N","Q","V","A","V","L","Y","Q","G","V","N","C","T","E","V","P","V","A","I","H","A","D","Q","L","T","P","T","W","R","V","Y","S","T","G","S","N","V","F","Q","T","R","A","G","C","L","I","G","A","E","H","V","N","N","S","Y","E","C","D","I","P","I","G","A","G","I","C","A","S","Y","Q","T","Q","T","N","S","P","R","R","A","R","S","V","A","S","Q","S","I","I","A","Y","T","M","S","L","G","A","E","N","S","V","A","Y","S","N","N","S","I","A","I","P","T","N","F","T","I","S","V","T","T","E","I","L","P","V","S","M","T","K","T","S","V","D","C","T","M","Y","I","C","G","D","S","T","E","C","S","N","L","L","L","Q","Y","G","S","F","C","T","Q","L","N","R","A","L","T","G","I","A","V","E","Q","D","K","N","T","Q","E","V","F","A","Q","V","K","Q","I","Y","K","T","P","P","I","K","D","F","G","G","F","N","F","S","Q","I","L","P","D","P","S","K","P","S","K","R","S","F","I","E","D","L","L","F","N","K","V","T","L","A","D","A","G","F","I","K","Q","Y","G","D","C","L","G","D","I","A","A","R","D","L","I","C","A","Q","K","F","N","G","L","T","V","L","P","P","L","L","T","D","E","M","I","A","Q","Y","T","S","A","L","L","A","G","T","I","T","S","G","W","T","F","G","A","G","A","A","L","Q","I","P","F","A","M","Q","M","A","Y","R","F","N","G","I","G","V","T","Q","N","V","L","Y","E","N","Q","K","L","I","A","N","Q","F","N","S","A","I","G","K","I","Q","D","S","L","S","S","T","A","S","A","L","G","K","L","Q","D","V","V","N","Q","N","A","Q","A","L","N","T","L","V","K","Q","L","S","S","N","F","G","A","I","S","S","V","L","N","D","I","L","S","R","L","D","K","V","E","A","E","V","Q","I","D","R","L","I","T","G","R","L","Q","S","L","Q","T","Y","V","T","Q","Q","L","I","R","A","A","E","I","R","A","S","A","N","L","A","A","T","K","M","S","E","C","V","L","G","Q","S","K","R","V","D","F","C","G","K","G","Y","H","L","M","S","F","P","Q","S","A","P","H","G","V","V","F","L","H","V","T","Y","V","P","A","Q","E","K","N","F","T","T","A","P","A","I","C","H","D","G","K","A","H","F","P","R","E","G","V","F","V","S","N","G","T","H","W","F","V","T","Q","R","N","F","Y","E","P","Q","I","I","T","T","D","N","T","F","V","S","G","N","C","D","V","V","I","G","I","V","N","N","T","V","Y","D","P","L","Q","P","E","L","D","S","F","K","E","E","L","D","K","Y","F","K","N","H","T","S","P","D","V","D","L","G","D","I","S","G","I","N","A","S","V","V","N","I","Q","K","E","I","D","R","L","N","E","V","A","K","N","L","N","E","S","L","I","D","L","Q","E","L","G","K","Y","E","Q","Y","I","K","W","P","W","Y","I","W","L","G","F","I","A","G","L","I","A","I","V","M","V","T","I","M","L","C","C","M","T","S","C","C","S","C","L","K","G","C","C","S","C","G","S","C","C","K","F","D","E","D","D","S","E","P","V","L","K","G","V","K","L","H","Y","T","---"
"New.hCoV.19.Japan.YCH0008.2020","M","F","V","F","L","V","L","L","P","L","V","S","S","Q","C","V","N","L","T","T","R","T","Q","L","P","P","A","Y","T","N","S","F","T","R","G","V","Y","Y","P","D","K","V","F","R","S","S","V","L","H","S","T","Q","D","F","F","L","P","F","F","S","N","V","T","W","F","H","A","I","H","V","S","G","T","N","G","T","K","R","F","D","N","P","V","L","P","F","N","D","G","V","Y","F","A","S","T","E","K","S","N","I","I","R","G","W","I","F","G","T","T","L","D","S","K","T","Q","S","L","L","I","V","N","N","A","T","N","V","V","I","K","V","C","E","F","Q","F","C","N","D","P","F","L","G","V","Y","Y","H","K","N","N","K","S","W","M","E","S","E","F","R","V","Y","S","S","A","N","N","C","T","F","E","Y","V","S","Q","P","F","L","M","D","L","E","G","K","Q","G","N","F","K","N","L","R","E","F","V","F","K","N","I","D","G","Y","F","K","I","Y","S","K","H","T","P","I","N","L","V","R","D","L","P","Q","G","F","S","A","L","E","P","L","V","D","L","P","I","G","I","N","I","T","R","F","Q","T","L","L","A","L","H","R","S","Y","L","T","P","G","D","S","S","S","G","W","T","A","G","A","A","A","Y","Y","V","G","Y","L","Q","P","R","T","F","L","L","K","Y","N","E","N","G","T","I","T","D","A","V","D","C","A","L","D","P","L","S","E","T","K","C","T","L","K","S","F","T","V","E","K","G","I","Y","Q","T","S","N","F","R","V","Q","P","T","E","S","I","V","R","F","P","N","I","T","N","L","C","P","F","G","E","V","F","N","A","T","R","F","A","S","V","Y","A","W","N","R","K","R","I","S","N","C","V","A","D","Y","S","V","L","Y","N","S","A","S","F","S","T","F","K","C","Y","G","V","S","P","T","K","L","N","D","L","C","F","T","N","V","Y","A","D","S","F","V","I","R","G","D","E","V","R","Q","I","A","P","G","Q","T","G","K","I","A","D","Y","N","Y","K","L","P","D","D","F","T","G","C","V","I","A","W","N","S","N","N","L","D","S","K","V","G","G","N","Y","N","Y","L","Y","R","L","F","R","K","S","N","L","K","P","F","E","R","D","I","S","T","E","I","Y","Q","A","G","S","T","P","C","N","G","V","E","G","F","N","C","Y","F","P","L","Q","S","Y","G","F","Q","P","T","N","G","V","G","Y","Q","P","Y","R","V","V","V","L","S","F","E","L","L","H","A","P","A","T","V","C","G","P","K","K","S","T","N","L","V","K","N","K","C","V","N","F","N","F","N","G","L","T","G","T","G","V","L","T","E","S","N","K","K","F","L","P","F","Q","Q","F","G","R","D","I","A","D","T","T","D","A","V","R","D","P","Q","T","L","E","I","L","D","I","T","P","C","S","F","G","G","V","S","V","I","T","P","G","T","N","T","S","N","Q","V","A","V","L","Y","Q","G","V","N","C","T","E","V","P","V","A","I","H","A","D","Q","L","T","P","T","W","R","V","Y","S","T","G","S","N","V","F","Q","T","R","A","G","C","L","I","G","A","E","H","V","N","N","S","Y","E","C","D","I","P","I","G","A","G","I","C","A","S","Y","Q","T","Q","T","N","S","P","R","R","A","R","S","V","A","S","Q","S","I","I","A","Y","T","M","S","L","G","A","E","N","S","V","A","Y","S","N","N","S","I","A","I","P","T","N","F","T","I","S","V","T","T","E","I","L","P","V","S","M","T","K","T","S","V","D","C","T","M","Y","I","C","G","D","S","T","E","C","S","N","L","L","L","Q","Y","G","S","F","C","T","Q","L","N","R","A","L","T","G","I","A","V","E","Q","D","K","N","T","Q","E","V","F","A","Q","V","K","Q","I","Y","K","T","P","P","I","K","D","F","G","G","F","N","F","S","Q","I","L","P","D","P","S","K","P","S","K","R","S","F","I","E","D","L","L","F","N","K","V","T","L","A","D","A","G","F","I","K","Q","Y","G","D","C","L","G","D","I","A","A","R","D","L","I","C","A","Q","K","F","N","G","L","T","V","L","P","P","L","L","T","D","E","M","I","A","Q","Y","T","S","A","L","L","A","G","T","I","T","S","G","W","T","F","G","A","G","A","A","L","Q","I","P","F","A","M","Q","M","A","Y","R","F","N","G","I","G","V","T","Q","N","V","L","Y","E","N","Q","K","L","I","A","N","Q","F","N","S","A","I","G","K","I","Q","D","S","L","S","S","T","A","S","A","L","G","K","L","Q","D","V","V","N","Q","N","A","Q","A","L","N","T","L","V","K","Q","L","S","S","N","F","G","A","I","S","S","V","L","N","D","I","L","S","R","L","D","K","V","E","A","E","V","Q","I","D","R","L","I","T","G","R","L","Q","S","L","Q","T","Y","V","T","Q","Q","L","I","R","A","A","E","I","R","A","S","A","N","L","A","A","T","K","M","S","E","C","V","L","G","Q","S","K","R","V","D","F","C","G","K","G","Y","H","L","M","S","F","P","Q","S","A","P","H","G","V","V","F","L","H","V","T","Y","V","P","A","Q","E","K","N","F","T","T","A","P","A","I","C","H","D","G","K","A","H","F","P","R","E","G","V","F","V","S","N","G","T","H","W","F","V","T","Q","R","N","F","Y","E","P","Q","I","I","T","T","D","N","T","F","V","S","G","N","C","D","V","V","I","G","I","V","N","N","T","V","Y","D","P","L","Q","P","E","L","D","S","F","K","E","E","L","D","K","Y","F","K","N","H","T","S","P","D","V","D","L","G","D","I","S","G","I","N","A","S","V","V","N","I","Q","K","E","I","D","R","L","N","E","V","A","K","N","L","N","E","S","L","I","D","L","Q","E","L","G","K","Y","E","Q","Y","I","K","W","P","W","Y","I","W","L","G","F","I","A","G","L","I","A","I","V","M","V","T","I","M","L","C","C","M","T","S","C","C","S","C","L","K","G","C","C","S","C","G","S","C","C","K","F","D","E","D","D","S","E","P","V","L","K","G","V","K","L","H","Y","T","---"
"New.hCoV.19.Japan.PG.14143.2020","M","F","V","F","L","V","L","L","P","L","V","S","S","Q","C","V","N","L","T","T","R","T","Q","L","P","P","A","Y","T","N","S","F","T","R","G","V","Y","Y","P","D","K","V","F","R","S","S","V","L","H","S","T","Q","D","L","F","L","P","F","F","S","N","V","T","W","F","H","A","I","H","V","S","G","T","N","G","T","K","R","F","D","N","P","V","L","P","F","N","D","G","V","Y","F","A","S","T","E","K","S","N","I","I","R","G","W","I","F","G","T","T","L","D","S","K","T","Q","S","L","L","I","V","N","N","A","T","N","V","V","I","K","V","C","E","F","Q","F","C","N","D","P","F","L","G","V","Y","Y","H","K","N","N","K","S","W","M","E","S","E","F","R","V","Y","S","S","A","N","N","C","T","F","E","Y","V","S","Q","P","F","L","M","D","L","E","G","K","Q","G","N","F","K","N","L","R","E","F","V","F","K","N","I","D","G","Y","F","K","I","Y","S","K","H","T","P","I","N","L","V","R","D","L","P","Q","G","F","S","A","L","E","P","L","V","D","L","P","I","G","I","N","I","T","R","F","Q","T","L","L","A","L","H","R","S","Y","L","T","P","G","D","S","S","S","G","W","T","A","G","A","A","A","Y","Y","V","G","Y","L","Q","P","R","T","F","L","L","K","Y","N","E","N","G","T","I","T","D","A","V","D","C","A","L","D","P","L","S","E","T","K","C","T","L","K","S","F","T","V","E","K","G","I","Y","Q","T","S","N","F","R","V","Q","P","T","E","S","I","V","R","F","P","N","I","T","N","L","C","P","F","G","E","V","F","N","A","T","R","F","A","S","V","Y","A","W","N","R","K","R","I","S","N","C","V","A","D","Y","S","V","L","Y","N","S","A","S","F","S","T","F","K","C","Y","G","V","S","P","T","K","L","N","D","L","C","F","T","N","V","Y","A","D","S","F","V","I","R","G","D","E","V","R","Q","I","A","P","G","Q","T","G","K","I","A","D","Y","N","Y","K","L","P","D","D","F","T","G","C","V","I","A","W","N","S","N","N","L","D","S","K","V","G","G","N","Y","N","Y","L","Y","R","L","F","R","K","S","N","L","K","P","F","E","R","D","I","S","T","E","I","Y","Q","A","G","S","T","P","C","N","G","V","E","G","F","N","C","Y","F","P","L","Q","S","Y","G","F","Q","P","T","N","G","V","G","Y","Q","P","Y","R","V","V","V","L","S","F","E","L","L","H","A","P","A","T","V","C","G","P","K","K","S","T","N","L","V","K","N","K","C","V","N","F","N","F","N","G","L","T","G","T","G","V","L","T","E","S","N","K","K","F","L","P","F","Q","Q","F","G","R","D","I","A","D","T","T","D","A","V","R","D","P","Q","T","L","E","I","L","D","I","T","P","C","S","F","G","G","V","S","V","I","T","P","G","T","N","T","S","N","Q","V","A","V","L","Y","Q","G","V","N","C","T","E","V","P","V","A","I","H","A","D","Q","L","T","P","T","W","R","V","Y","S","T","G","S","N","V","F","Q","T","R","A","G","C","L","I","G","A","E","H","V","N","N","S","Y","E","C","D","I","P","I","G","A","G","I","C","A","S","Y","Q","T","Q","T","N","S","P","R","R","A","R","S","V","A","S","Q","S","I","I","A","Y","T","M","S","L","G","A","E","N","S","V","A","Y","S","N","N","S","I","A","I","P","T","N","F","T","I","S","V","T","T","E","I","L","P","V","S","M","T","K","T","S","V","D","C","T","M","Y","I","C","G","D","S","T","E","C","S","N","L","L","L","Q","Y","G","S","F","C","T","Q","L","N","R","A","L","T","G","I","A","V","E","Q","D","K","N","T","Q","E","V","F","A","Q","V","K","Q","I","Y","K","T","P","P","I","K","D","F","G","G","F","N","F","S","Q","I","L","P","D","P","S","K","P","S","K","R","S","F","I","E","D","L","L","F","N","K","V","T","L","A","D","A","G","F","I","K","Q","Y","G","D","C","L","G","D","I","A","A","R","D","L","I","C","A","Q","K","F","N","G","L","T","V","L","P","P","L","L","T","D","E","M","I","A","Q","Y","T","S","A","L","L","A","G","T","I","T","S","G","W","T","F","G","A","G","A","A","L","Q","I","P","F","A","M","Q","M","A","Y","R","F","N","G","I","G","V","T","Q","N","V","L","Y","E","N","Q","K","L","I","A","N","Q","F","N","S","A","I","G","K","I","Q","D","S","L","S","S","T","A","S","A","L","G","K","L","Q","D","V","V","N","Q","N","A","Q","A","L","N","T","L","V","K","Q","L","S","S","N","F","G","A","I","S","S","V","L","N","D","I","L","S","R","L","D","K","V","E","A","E","V","Q","I","D","R","L","I","T","G","R","L","Q","S","L","Q","T","Y","V","T","Q","Q","L","I","R","A","A","E","I","R","A","S","A","N","L","A","A","T","K","M","S","E","C","V","L","G","Q","S","K","R","V","D","F","C","G","K","G","Y","H","L","M","S","F","P","Q","S","A","P","H","G","V","V","F","L","H","V","T","Y","V","P","A","Q","E","K","N","F","T","T","A","P","A","I","C","H","D","G","K","A","H","F","P","R","E","G","V","F","V","S","N","G","T","H","W","F","V","T","Q","R","N","F","Y","E","P","Q","I","I","T","T","D","N","T","F","V","S","G","N","C","D","V","V","I","G","I","V","N","N","T","V","Y","D","P","L","Q","P","E","L","D","S","F","K","E","E","L","D","K","Y","F","K","N","H","T","S","P","D","V","D","L","G","D","I","S","G","I","N","A","S","V","V","N","I","Q","K","E","I","D","R","L","N","E","V","A","K","N","L","N","E","S","L","I","D","L","Q","E","L","G","K","Y","E","Q","Y","I","K","W","P","W","Y","I","W","L","G","F","I","A","G","L","I","A","I","V","M","V","T","I","M","L","C","C","M","T","S","C","C","S","C","L","K","G","C","C","S","C","G","S","C","C","K","F","D","E","D","D","S","E","P","V","L","K","G","V","K","L","H","Y","T","---"
"New.hCoV.19.Japan.PG.13178.2020","M","F","V","F","L","V","L","L","P","L","V","S","S","Q","C","V","N","L","T","T","R","T","Q","L","P","P","A","Y","T","N","S","F","T","R","G","V","Y","Y","P","D","K","V","F","R","S","S","V","L","H","S","T","Q","D","L","F","L","P","F","F","S","N","V","T","W","F","H","A","I","H","V","S","G","T","N","G","T","K","R","F","D","N","P","V","L","P","F","N","D","G","V","Y","F","A","S","T","E","K","S","N","I","I","R","G","W","I","F","G","T","T","L","D","S","K","T","Q","S","L","L","I","V","N","N","A","T","N","V","V","I","K","V","C","E","F","Q","F","C","N","D","P","F","L","G","V","Y","Y","H","K","N","N","K","S","W","T","E","S","E","F","R","V","Y","S","S","A","N","N","C","T","F","E","Y","V","S","Q","P","F","L","M","D","L","E","G","K","Q","G","N","F","K","N","L","R","E","F","V","F","K","N","I","D","G","Y","F","K","I","Y","S","K","H","T","P","I","N","L","V","R","D","L","P","Q","G","F","S","A","L","E","P","L","V","D","L","P","I","G","I","N","I","T","R","F","Q","T","L","L","A","L","H","R","S","Y","L","T","P","G","D","S","S","S","G","W","T","A","G","A","A","A","Y","Y","V","G","Y","L","Q","P","R","T","F","L","L","K","Y","N","E","N","G","T","I","T","D","A","V","D","C","A","L","D","P","L","S","E","T","K","C","T","L","K","S","F","T","V","E","K","G","I","Y","Q","T","S","N","F","R","V","Q","P","T","E","S","I","V","R","F","P","N","I","T","N","L","C","P","F","G","E","V","F","N","A","T","R","F","A","S","V","Y","A","W","N","R","K","R","I","S","N","C","V","A","D","Y","S","V","L","Y","N","S","A","S","F","S","T","F","K","C","Y","G","V","S","P","T","K","L","N","D","L","C","F","T","N","V","Y","A","D","S","F","V","I","R","G","D","E","V","R","Q","I","A","P","G","Q","T","G","K","I","A","D","Y","N","Y","K","L","P","D","D","F","T","G","C","V","I","A","W","N","S","N","N","L","D","S","K","V","G","G","N","Y","N","Y","L","Y","R","L","F","R","K","S","N","L","K","P","F","E","R","D","I","S","T","E","I","Y","Q","A","G","S","T","P","C","N","G","V","E","G","F","N","C","Y","F","P","L","Q","S","Y","G","F","Q","P","T","N","G","V","G","Y","Q","P","Y","R","V","V","V","L","S","F","E","L","L","H","A","P","A","T","V","C","G","P","K","K","S","T","N","L","V","K","N","K","C","V","N","F","N","F","N","G","L","T","G","T","G","V","L","T","E","S","N","K","K","F","L","P","F","Q","Q","F","G","R","D","I","A","D","T","T","D","A","V","R","D","P","Q","T","L","E","I","L","D","I","T","P","C","S","F","G","G","V","S","V","I","T","P","G","T","N","T","S","N","Q","V","A","V","L","Y","Q","G","V","N","C","T","E","V","P","V","A","I","H","A","D","Q","L","T","P","T","W","R","V","Y","S","T","G","S","N","V","F","Q","T","R","A","G","C","L","I","G","A","E","H","V","N","N","S","Y","E","C","D","I","P","I","G","A","G","I","C","A","S","Y","Q","T","Q","T","N","S","P","R","R","A","R","S","V","A","S","Q","S","I","I","A","Y","T","M","S","L","G","A","E","N","S","V","A","Y","S","N","N","S","I","A","I","P","T","N","F","T","I","S","V","T","T","E","I","L","P","V","S","M","T","K","T","S","V","D","C","T","M","Y","I","C","G","D","S","T","E","C","S","N","L","L","L","Q","Y","G","S","F","C","T","Q","L","N","R","A","L","T","G","I","A","V","E","Q","D","K","N","T","Q","E","V","F","A","Q","V","K","Q","I","Y","K","T","P","P","I","K","D","F","G","G","F","N","F","S","Q","I","L","P","D","P","S","K","P","S","K","R","S","F","I","E","D","L","L","F","N","K","V","T","L","A","D","A","G","F","I","K","Q","Y","G","D","C","L","G","D","I","A","A","R","D","L","I","C","A","Q","K","F","N","G","L","T","V","L","P","P","L","L","T","D","E","M","I","A","Q","Y","T","S","A","L","L","A","G","T","I","T","S","G","W","T","F","G","A","G","A","A","L","Q","I","P","F","A","M","Q","M","A","Y","R","F","N","G","I","G","V","T","Q","N","V","L","Y","E","N","Q","K","L","I","A","N","Q","F","N","S","A","I","G","K","I","Q","D","S","L","S","S","T","A","S","A","L","G","K","L","Q","D","V","V","N","Q","N","A","Q","A","L","N","T","L","V","K","Q","L","S","S","N","F","G","A","I","S","S","V","L","N","D","I","L","S","R","L","D","K","V","E","A","E","V","Q","I","D","R","L","I","T","G","R","L","Q","S","L","Q","T","Y","V","T","Q","Q","L","I","R","A","A","E","I","R","A","S","A","N","L","A","A","T","K","M","S","E","C","V","L","G","Q","S","K","R","V","D","F","C","G","K","G","Y","H","L","M","S","F","P","Q","S","A","P","H","G","V","V","F","L","H","V","T","Y","V","P","A","Q","E","K","N","F","T","T","A","P","A","I","C","H","D","G","K","A","H","F","P","R","E","G","V","F","V","S","N","G","T","H","W","F","V","T","Q","R","N","F","Y","E","P","Q","I","I","T","T","D","N","T","F","V","S","G","N","C","D","V","V","I","G","I","V","N","N","T","V","Y","D","P","L","Q","P","E","L","D","S","F","K","E","E","L","D","K","Y","F","K","N","H","T","S","P","D","V","D","L","G","D","I","S","G","I","N","A","S","V","V","N","I","Q","K","E","I","D","R","L","N","E","V","A","K","N","L","N","E","S","L","I","D","L","Q","E","L","G","K","Y","E","Q","Y","I","K","W","P","W","Y","I","W","L","G","F","I","A","G","L","I","A","I","V","M","V","T","I","M","L","C","C","M","T","S","C","C","S","C","L","K","G","C","C","S","C","G","S","C","C","K","F","D","E","D","D","S","E","P","V","L","K","G","V","K","L","H","Y","T","---"
"New.hCoV.19.Japan.PG.17311.2020","M","F","V","F","L","V","L","L","P","L","V","S","S","Q","C","V","N","L","T","T","R","T","Q","L","P","P","A","Y","T","N","S","F","T","R","G","V","Y","Y","P","D","K","V","F","R","S","S","V","L","H","S","T","Q","D","L","F","L","P","F","F","S","N","V","T","W","F","H","A","I","H","V","S","G","T","N","G","T","K","R","F","D","N","P","V","L","P","F","N","D","G","V","Y","F","A","S","T","E","K","S","N","I","I","R","G","W","I","F","G","T","T","L","D","S","K","T","Q","S","L","L","I","V","N","N","A","T","N","V","V","I","K","V","C","E","F","Q","F","C","N","D","P","F","L","G","V","Y","Y","H","K","N","N","K","S","W","M","E","S","E","F","R","V","Y","S","S","A","N","N","C","T","F","E","Y","V","S","Q","P","F","L","M","D","L","E","G","K","Q","G","N","F","K","N","L","R","E","F","V","F","K","N","I","D","G","Y","F","K","I","Y","S","K","H","T","P","I","N","L","V","R","D","L","P","Q","G","F","S","A","L","E","P","L","V","D","L","P","I","G","I","N","I","T","R","F","Q","T","L","L","A","L","H","R","S","Y","L","T","P","G","D","S","S","S","G","W","T","A","G","A","A","A","Y","Y","V","G","Y","L","Q","P","R","T","F","L","L","K","Y","N","E","N","G","T","I","T","D","A","V","D","C","A","L","D","P","L","S","E","T","K","C","T","L","K","S","F","T","V","E","K","G","I","Y","Q","T","S","N","F","R","V","Q","P","T","E","S","I","V","R","F","P","N","I","T","N","L","C","P","F","G","E","V","F","N","A","T","R","F","A","S","V","Y","A","W","N","R","K","R","I","S","N","C","V","A","D","Y","S","V","L","Y","N","S","A","S","F","S","T","F","K","C","Y","G","V","S","P","T","K","L","N","D","L","C","F","T","N","V","Y","A","D","S","F","V","I","R","G","D","E","V","R","Q","I","A","P","G","Q","T","G","K","I","A","D","Y","N","Y","K","L","P","D","D","F","T","G","C","V","I","A","W","N","S","N","N","L","D","S","K","V","G","G","N","Y","N","Y","L","Y","R","L","F","R","K","S","N","L","K","P","F","E","R","D","I","S","T","E","I","Y","Q","A","G","S","T","P","C","N","G","V","E","G","F","N","C","Y","F","P","L","Q","S","Y","G","F","Q","P","T","N","G","V","G","Y","Q","P","Y","R","V","V","V","L","S","F","E","L","L","H","A","P","A","T","V","C","G","P","K","K","S","T","N","L","V","K","N","K","C","V","N","F","N","F","N","G","L","T","G","T","G","V","L","T","E","S","N","K","K","F","L","P","F","Q","Q","F","G","R","D","I","A","D","T","T","D","A","V","R","D","P","Q","T","L","E","I","L","D","I","T","P","C","S","F","G","G","V","S","V","I","T","P","G","T","N","T","S","N","Q","V","A","V","L","Y","Q","G","V","N","C","T","E","V","P","V","A","I","H","A","D","Q","L","T","P","T","W","R","V","Y","S","T","G","S","N","V","F","Q","T","R","A","G","C","L","I","G","A","E","H","V","N","N","S","Y","E","C","D","I","P","I","G","A","G","I","C","A","S","Y","Q","T","Q","T","N","S","P","R","R","A","R","S","V","A","S","Q","S","I","I","A","Y","T","M","S","L","G","A","E","N","S","V","A","Y","S","N","N","S","I","A","I","P","T","N","F","T","I","S","V","T","T","E","I","L","P","V","S","M","T","K","T","S","V","D","C","T","M","Y","I","C","G","D","S","T","E","C","S","N","L","L","L","Q","Y","G","S","F","C","T","Q","L","N","R","A","L","T","G","I","A","V","E","Q","D","K","N","T","Q","E","V","F","A","Q","V","K","Q","I","Y","K","T","P","P","I","K","D","F","G","G","F","N","F","S","Q","I","L","P","D","P","S","K","P","S","K","R","S","F","I","E","D","L","L","F","N","K","V","T","L","A","D","A","G","F","I","K","Q","Y","G","D","C","L","G","D","I","A","A","R","D","L","I","C","A","Q","K","F","N","G","L","T","V","L","P","P","L","L","T","D","E","M","I","A","Q","Y","T","S","A","L","L","A","G","T","I","T","S","G","W","T","F","G","A","G","A","A","L","Q","I","P","F","A","M","Q","M","A","Y","R","F","N","G","I","G","V","T","Q","N","V","L","Y","E","N","Q","K","L","I","A","N","Q","F","N","S","A","I","G","K","I","Q","D","S","L","S","S","T","A","S","A","L","G","K","L","Q","D","V","V","N","Q","N","A","Q","A","L","N","T","L","V","K","Q","L","S","S","N","F","G","A","I","S","S","V","L","N","D","I","L","S","R","L","D","K","V","E","A","E","V","Q","I","D","R","L","I","T","G","R","L","Q","S","L","Q","T","Y","V","T","Q","Q","L","I","R","A","A","E","I","R","A","S","A","N","L","A","A","T","K","M","S","E","C","V","L","G","Q","S","K","R","V","D","F","C","G","K","G","Y","H","L","M","S","F","P","Q","S","A","P","H","G","V","V","F","L","H","V","T","Y","V","P","A","Q","E","K","N","F","T","T","A","P","A","I","C","H","D","G","K","A","H","F","P","R","E","G","V","F","V","S","N","G","T","H","W","F","V","T","Q","R","N","F","Y","E","P","Q","I","I","T","T","D","N","T","F","V","S","G","N","C","D","V","V","I","G","I","V","N","N","T","V","Y","D","P","L","Q","P","E","L","D","S","F","K","E","E","L","D","K","Y","F","K","N","H","T","S","P","D","V","D","L","G","D","I","S","G","I","N","A","S","V","V","N","I","Q","K","E","I","D","R","L","N","E","V","A","K","N","L","N","E","S","L","I","D","L","Q","E","L","G","K","Y","E","Q","Y","I","K","W","P","W","Y","I","W","L","G","F","I","A","G","L","I","A","I","V","M","V","T","I","M","L","C","C","M","T","S","C","C","S","C","L","K","G","C","C","S","C","G","S","C","C","K","F","D","E","D","D","S","E","P","V","L","K","G","V","K","L","H","Y","T","---"
"New.hCoV.19.Japan.TKY53106.2020","M","F","V","F","L","V","L","L","P","L","V","S","S","Q","C","V","N","L","T","T","R","T","Q","L","P","P","A","Y","T","N","S","F","T","R","G","V","Y","Y","P","D","K","V","F","R","S","S","V","L","H","S","T","Q","D","L","F","L","P","F","F","S","N","V","T","W","F","H","A","I","H","V","S","G","T","N","G","T","K","R","F","D","N","P","V","L","P","F","N","D","G","V","Y","F","A","S","T","E","K","S","N","I","I","R","G","W","I","F","G","T","T","L","D","S","K","T","Q","S","L","L","I","V","N","N","A","T","N","V","V","I","K","V","C","E","F","Q","F","C","N","D","P","F","L","G","V","Y","Y","H","K","N","N","K","S","W","T","E","S","E","F","R","V","Y","S","S","A","N","N","C","T","F","E","Y","V","S","Q","P","F","L","M","D","L","E","G","K","Q","G","N","F","K","N","L","R","E","F","V","F","K","N","I","D","G","Y","F","K","I","Y","S","K","H","T","P","I","N","L","V","R","D","L","P","Q","G","F","S","A","L","E","P","L","V","D","L","P","I","G","I","N","I","T","R","F","Q","T","L","L","A","L","H","R","S","Y","L","T","P","G","D","S","S","S","G","W","T","A","G","A","A","A","Y","Y","V","G","Y","L","Q","P","R","T","F","L","L","K","Y","N","E","N","G","T","I","T","D","A","V","D","C","A","L","D","P","L","S","E","T","K","C","T","L","K","S","F","T","V","E","K","G","I","Y","Q","T","S","N","F","R","V","Q","P","T","E","S","I","V","R","F","P","N","I","T","N","L","C","P","F","G","E","V","F","N","A","T","R","F","A","S","V","Y","A","W","N","R","K","R","I","S","N","C","V","A","D","Y","S","V","L","Y","N","S","A","S","F","S","T","F","K","C","Y","G","V","S","P","T","K","L","N","D","L","C","F","T","N","V","Y","A","D","S","F","V","I","R","G","D","E","V","R","Q","I","A","P","G","Q","T","G","K","I","A","D","Y","N","Y","K","L","P","D","D","F","T","G","C","V","I","A","W","N","S","N","N","L","D","S","K","V","G","G","N","Y","N","Y","L","Y","R","L","F","R","K","S","N","L","K","P","F","E","R","D","I","S","T","E","I","Y","Q","A","G","S","T","P","C","N","G","V","E","G","F","N","C","Y","F","P","L","Q","S","Y","G","F","Q","P","T","N","G","V","G","Y","Q","P","Y","R","V","V","V","L","S","F","E","L","L","H","A","P","A","T","V","C","G","P","K","K","S","T","N","L","V","K","N","K","C","V","N","F","N","F","N","G","L","T","G","T","G","V","L","T","E","S","N","K","K","F","L","P","F","Q","Q","F","G","R","D","I","A","D","T","T","D","A","V","R","D","P","Q","T","L","E","I","L","D","I","T","P","C","S","F","G","G","V","S","V","I","T","P","G","T","N","T","S","N","Q","V","A","V","L","Y","Q","G","V","N","C","T","E","V","P","V","A","I","H","A","D","Q","L","T","P","T","W","R","V","Y","S","T","G","S","N","V","F","Q","T","R","A","G","C","L","I","G","A","E","H","V","N","N","S","Y","E","C","D","I","P","I","G","A","G","I","C","A","S","Y","Q","T","Q","T","N","S","P","R","R","A","R","S","V","A","S","Q","S","I","I","A","Y","T","M","S","L","G","A","E","N","S","V","A","Y","S","N","N","S","I","A","I","P","T","N","F","T","I","S","V","T","T","E","I","L","P","V","S","M","T","K","T","S","V","D","C","T","M","Y","I","C","G","D","S","T","E","C","S","N","L","L","L","Q","Y","G","S","F","C","T","Q","L","N","R","A","L","T","G","I","A","V","E","Q","D","K","N","T","Q","E","V","F","A","Q","V","K","Q","I","Y","K","T","P","P","I","K","D","F","G","G","F","N","F","S","Q","I","L","P","D","P","S","K","P","S","K","R","S","F","I","E","D","L","L","F","N","K","V","T","L","A","D","A","G","F","I","K","Q","Y","G","D","C","L","G","D","I","A","A","R","D","L","I","C","A","Q","K","F","N","G","L","T","V","L","P","P","L","L","T","D","E","M","I","A","Q","Y","T","S","A","L","L","A","G","T","I","T","S","G","W","T","F","G","A","G","A","A","L","Q","I","P","F","A","M","Q","M","A","Y","R","F","N","G","I","G","V","T","Q","N","V","L","Y","E","N","Q","K","L","I","A","N","Q","F","N","S","A","I","G","K","I","Q","D","S","L","S","S","T","A","S","A","L","G","K","L","Q","D","V","V","N","Q","N","A","Q","A","L","N","T","L","V","K","Q","L","S","S","N","F","G","A","I","S","S","V","L","N","D","I","L","S","R","L","D","K","V","E","A","E","V","Q","I","D","R","L","I","T","G","R","L","Q","S","L","Q","T","Y","V","T","Q","Q","L","I","R","A","A","E","I","R","A","S","A","N","L","A","A","T","K","M","S","E","C","V","L","G","Q","S","K","R","V","D","F","C","G","K","G","Y","H","L","M","S","F","P","Q","S","A","P","H","G","V","V","F","L","H","V","T","Y","V","P","A","Q","E","K","N","F","T","T","A","P","A","I","C","H","D","G","K","A","H","F","P","R","E","G","V","F","V","S","N","G","T","H","W","F","V","T","Q","R","N","F","Y","E","P","Q","I","I","T","T","D","N","T","F","V","S","G","N","C","D","V","V","I","G","I","V","N","N","T","V","Y","D","P","L","Q","P","E","L","D","S","F","K","E","E","L","D","K","Y","F","K","N","H","T","S","P","D","V","D","L","G","D","I","S","G","I","N","A","S","V","V","N","I","Q","K","E","I","D","R","L","N","E","V","A","K","N","L","N","E","S","L","I","D","L","Q","E","L","G","K","Y","E","Q","Y","I","K","W","P","W","Y","I","W","L","G","F","I","A","G","L","I","A","I","V","M","V","T","I","M","L","C","C","M","T","S","C","C","S","C","L","K","G","C","C","S","C","G","S","C","C","K","F","D","E","D","D","S","E","P","V","L","K","G","V","K","L","H","Y","T","---"
"New.hCoV.19.Japan.PG.18584.2020","M","F","V","F","L","V","L","L","P","L","V","S","S","Q","C","V","N","L","T","T","R","T","Q","L","P","P","A","Y","T","N","S","F","T","R","G","V","Y","Y","P","D","K","V","F","R","S","S","V","L","H","S","T","Q","D","L","F","L","P","F","F","S","N","V","T","W","F","H","A","I","H","V","S","G","T","N","G","T","K","R","F","D","N","P","V","L","P","F","N","D","G","V","Y","F","A","S","T","E","K","S","N","I","I","R","G","W","I","F","G","T","T","L","D","S","K","T","Q","S","L","L","I","V","N","N","A","T","N","V","V","I","K","V","C","E","F","Q","F","C","N","D","P","F","L","G","V","Y","Y","H","K","N","N","K","S","W","T","E","S","E","F","R","V","Y","S","S","A","N","N","C","T","F","E","Y","V","S","Q","P","F","L","M","D","L","E","G","K","Q","G","N","F","K","N","L","R","E","F","V","F","K","N","I","D","G","Y","F","K","I","Y","S","K","H","T","P","I","N","L","V","R","D","L","P","Q","G","F","S","A","L","E","P","L","V","D","L","P","I","G","I","N","I","T","R","F","Q","T","L","L","A","L","H","R","S","Y","L","T","P","G","D","S","S","S","G","W","T","A","G","A","A","A","Y","Y","V","G","Y","L","Q","P","R","T","F","L","L","K","Y","N","E","N","G","T","I","T","D","A","V","D","C","A","L","D","P","L","S","E","T","K","C","T","L","K","S","F","T","V","E","K","G","I","Y","Q","T","S","N","F","R","V","Q","P","T","E","S","I","V","R","F","P","N","I","T","N","L","C","P","F","G","E","V","F","N","A","T","R","F","A","S","V","Y","A","W","N","R","K","R","I","S","N","C","V","A","D","Y","S","V","L","Y","N","S","A","S","F","S","T","F","K","C","Y","G","V","S","P","T","K","L","N","D","L","C","F","T","N","V","Y","A","D","S","F","V","I","R","G","D","E","V","R","Q","I","A","P","G","Q","T","G","K","I","A","D","Y","N","Y","K","L","P","D","D","F","T","G","C","V","I","A","W","N","S","N","N","L","D","S","K","V","G","G","N","Y","N","Y","L","Y","R","L","F","R","K","S","N","L","K","P","F","E","R","D","I","S","T","E","I","Y","Q","A","G","S","T","P","C","N","G","V","E","G","F","N","C","Y","F","P","L","Q","S","Y","G","F","Q","P","T","N","G","V","G","Y","Q","P","Y","R","V","V","V","L","S","F","E","L","L","H","A","P","A","T","V","C","G","P","K","K","S","T","N","L","V","K","N","K","C","V","N","F","N","F","N","G","L","T","G","T","G","V","L","T","E","S","N","K","K","F","L","P","F","Q","Q","F","G","R","D","I","A","D","T","T","D","A","V","R","D","P","Q","T","L","E","I","L","D","I","T","P","C","S","F","G","G","V","S","V","I","T","P","G","T","N","T","S","N","Q","V","A","V","L","Y","Q","G","V","N","C","T","E","V","P","V","A","I","H","A","D","Q","L","T","P","T","W","R","V","Y","S","T","G","S","N","V","F","Q","T","R","A","G","C","L","I","G","A","E","H","V","N","N","S","Y","E","C","D","I","P","I","G","A","G","I","C","A","S","Y","Q","T","Q","T","N","S","P","R","R","A","R","S","V","A","S","Q","S","I","I","A","Y","T","M","S","L","G","A","E","N","S","V","A","Y","S","N","N","S","I","A","I","P","T","N","F","T","I","S","V","T","T","E","I","L","P","V","S","M","T","K","T","S","V","D","C","T","M","Y","I","C","G","D","S","T","E","C","S","N","L","L","L","Q","Y","G","S","F","C","T","Q","L","N","R","A","L","T","G","I","A","V","E","Q","D","K","N","T","Q","E","V","F","A","Q","V","K","Q","I","Y","K","T","P","S","I","K","D","F","G","G","F","N","F","S","Q","I","L","P","D","P","S","K","P","S","K","R","S","F","I","E","D","L","L","F","N","K","V","T","L","A","D","A","G","F","I","K","Q","Y","G","D","C","L","G","D","I","A","A","R","D","L","I","C","A","Q","K","F","N","G","L","T","V","L","P","P","L","L","T","D","E","M","I","A","Q","Y","T","S","A","L","L","A","G","T","I","T","S","G","W","T","F","G","A","G","A","A","L","Q","I","P","F","A","M","Q","M","A","Y","R","F","N","G","I","G","V","T","Q","N","V","L","Y","E","N","Q","K","L","I","A","N","Q","F","N","S","A","I","G","K","I","Q","D","S","L","S","S","T","A","S","A","L","G","K","L","Q","D","V","V","N","Q","N","A","Q","A","L","N","T","L","V","K","Q","L","S","S","N","F","G","A","I","S","S","V","L","N","D","I","L","S","R","L","D","K","V","E","A","E","V","Q","I","D","R","L","I","T","G","R","L","Q","S","L","Q","T","Y","V","T","Q","Q","L","I","R","A","A","E","I","R","A","S","A","N","L","A","A","T","K","M","S","E","C","V","L","G","Q","S","K","R","V","D","F","C","G","K","G","Y","H","L","M","S","F","P","Q","S","A","P","H","G","V","V","F","L","H","V","T","Y","V","P","A","Q","E","K","N","F","T","T","A","P","A","I","C","H","D","G","K","A","H","F","P","R","E","G","V","F","V","S","N","G","T","H","W","F","V","T","Q","R","N","F","Y","E","P","Q","I","I","T","T","D","N","T","F","V","S","G","N","C","D","V","V","I","G","I","V","N","N","T","V","Y","D","P","L","Q","P","E","L","D","S","F","K","E","E","L","D","K","Y","F","K","N","H","T","S","P","D","V","D","L","G","D","I","S","G","I","N","A","S","V","V","N","I","Q","K","E","I","D","R","L","N","E","V","A","K","N","L","N","E","S","L","I","D","L","Q","E","L","G","K","Y","E","Q","Y","I","K","W","P","W","Y","I","W","L","G","F","I","A","G","L","I","A","I","V","M","V","T","I","M","L","C","C","M","T","S","C","C","S","C","L","K","G","C","C","S","C","G","S","C","C","K","F","D","E","D","D","S","E","P","V","L","K","G","V","K","L","H","Y","T","---"
"New.hCoV.19.Japan.Donner217.2020","M","F","V","F","L","V","L","L","P","L","V","S","S","Q","C","V","N","L","T","T","R","T","Q","L","P","P","A","Y","T","N","S","F","T","R","G","V","Y","Y","P","D","K","V","F","R","S","S","V","L","H","S","T","Q","D","L","F","L","P","F","F","S","N","V","T","W","F","H","A","I","H","V","S","G","T","N","G","T","K","R","F","D","N","P","V","L","P","F","N","D","G","V","Y","F","A","S","T","E","K","S","N","I","I","R","G","W","I","F","G","T","T","L","D","S","K","T","Q","S","L","L","I","V","N","N","A","T","N","V","V","I","K","V","C","E","F","Q","F","C","N","D","P","F","L","G","V","Y","Y","H","K","N","N","K","S","W","T","E","S","E","F","R","V","Y","S","S","A","N","N","C","T","F","E","Y","V","S","Q","P","F","L","M","D","L","E","G","K","Q","G","N","F","K","N","L","R","E","F","V","F","K","N","I","D","G","Y","F","K","I","Y","S","K","H","T","P","I","N","L","V","R","D","L","P","Q","G","F","S","A","L","E","P","L","V","D","L","P","I","G","I","N","I","T","R","F","Q","T","L","L","A","L","H","R","S","Y","L","T","P","G","D","S","S","S","G","W","T","A","G","A","A","A","Y","Y","V","G","Y","L","Q","P","R","T","F","L","L","K","Y","N","E","N","G","T","I","T","D","A","V","D","C","A","L","D","P","L","S","E","T","K","C","T","L","K","S","F","T","V","E","K","G","I","Y","Q","T","S","N","F","R","V","Q","P","T","E","S","I","V","R","F","P","N","I","T","N","L","C","P","F","G","E","V","F","N","A","T","R","F","A","S","V","Y","A","W","N","R","K","R","I","S","N","C","V","A","D","Y","S","V","L","Y","N","S","A","S","F","S","T","F","K","C","Y","G","V","S","P","T","K","L","N","D","L","C","F","T","N","V","Y","A","D","S","F","V","I","R","G","D","E","V","R","Q","I","A","P","G","Q","T","G","K","I","A","D","Y","N","Y","K","L","P","D","D","F","T","G","C","V","I","A","W","N","S","N","N","L","D","S","K","V","G","G","N","Y","N","Y","L","Y","R","L","F","R","K","S","N","L","K","P","F","E","R","D","I","S","T","E","I","Y","Q","A","G","S","T","P","C","N","G","V","E","G","F","N","C","Y","F","P","L","Q","S","Y","G","F","Q","P","T","N","G","V","G","Y","Q","P","Y","R","V","V","V","L","S","F","E","L","L","H","A","P","A","T","V","C","G","P","K","K","S","T","N","L","V","K","N","K","C","V","N","F","N","F","N","G","L","T","G","T","G","V","L","T","E","S","N","K","K","F","L","P","F","Q","Q","F","G","R","D","I","A","D","T","T","D","A","V","R","D","P","Q","T","L","E","I","L","D","I","T","P","C","S","F","G","G","V","S","V","I","T","P","G","T","N","T","S","N","Q","V","A","V","L","Y","Q","G","V","N","C","T","E","V","P","V","A","I","H","A","D","Q","L","T","P","T","W","R","V","Y","S","T","G","S","N","V","F","Q","T","R","A","G","C","L","I","G","A","E","H","V","N","N","S","Y","E","C","D","I","P","I","G","A","G","I","C","A","S","Y","Q","T","Q","T","N","S","P","R","R","A","R","S","V","A","S","Q","S","I","I","A","Y","T","M","S","L","G","A","E","N","S","V","A","Y","S","N","N","S","I","A","I","P","T","N","F","T","I","S","V","T","T","E","I","L","P","V","S","M","T","K","T","S","V","D","C","T","M","Y","I","C","G","D","S","T","E","C","S","N","L","L","L","Q","Y","G","S","F","C","T","Q","L","N","R","A","L","T","G","I","A","V","E","Q","D","K","N","T","Q","E","V","F","A","Q","V","K","Q","I","Y","K","T","P","P","I","K","D","F","G","G","F","N","F","S","Q","I","L","P","D","P","S","K","P","S","K","R","S","F","I","E","D","L","L","F","N","K","V","T","L","A","D","A","G","F","I","K","Q","Y","G","D","C","L","G","D","I","A","A","R","D","L","I","C","A","Q","K","F","N","G","L","T","V","L","P","P","L","L","T","D","E","M","I","A","Q","Y","T","S","A","L","L","A","G","T","I","T","S","G","W","T","F","G","A","G","A","A","L","Q","I","P","F","A","M","Q","M","A","Y","R","F","N","G","I","G","V","T","Q","N","V","L","Y","E","N","Q","K","L","I","A","N","Q","F","N","S","A","I","G","K","I","Q","D","S","L","S","S","T","A","S","A","L","G","K","L","Q","D","V","V","N","Q","N","A","Q","A","L","N","T","L","V","K","Q","L","S","S","N","F","G","A","I","S","S","V","L","N","D","I","L","S","R","L","D","K","V","E","A","E","V","Q","I","D","R","L","I","T","G","R","L","Q","S","L","Q","T","Y","V","T","Q","Q","L","I","R","A","A","E","I","R","A","S","A","N","L","A","A","T","K","M","S","E","C","V","L","G","Q","S","K","R","V","D","F","C","G","K","G","Y","H","L","M","S","F","P","Q","S","A","P","H","G","V","V","F","L","H","V","T","Y","V","P","A","Q","E","K","N","F","T","T","A","P","A","I","C","H","D","G","K","A","H","F","P","R","E","G","V","F","V","S","N","G","T","H","W","F","V","T","Q","R","N","F","Y","E","P","Q","I","I","T","T","D","N","T","F","V","S","G","N","C","D","V","V","I","G","I","V","N","N","T","V","Y","D","P","L","Q","P","E","L","D","S","F","K","E","E","L","D","K","Y","F","K","N","H","T","S","P","D","V","D","L","G","D","I","S","G","I","N","A","S","V","V","N","I","Q","K","E","I","D","R","L","N","E","V","A","K","N","L","N","E","S","L","I","D","L","Q","E","L","G","K","Y","E","Q","Y","I","K","W","P","W","Y","I","W","L","G","F","I","A","G","L","I","A","I","V","M","V","T","I","M","L","C","C","M","T","S","C","C","S","C","L","K","G","C","C","S","C","G","S","C","C","K","F","D","E","D","D","S","E","P","V","L","K","G","V","K","L","H","Y","T","---"
"New.hCoV.19.Japan.PG.12302.2020","M","F","V","F","L","V","L","L","P","L","V","S","S","Q","C","V","N","L","T","T","R","T","Q","L","P","P","A","Y","T","N","S","F","T","R","G","V","Y","Y","P","D","K","V","F","R","S","S","V","L","H","S","T","Q","D","L","F","L","P","F","F","S","N","V","T","W","F","H","A","I","H","V","S","G","T","N","G","T","K","R","F","D","N","P","V","L","P","F","N","D","G","V","Y","F","A","S","T","E","K","S","N","I","I","R","G","W","I","F","G","T","T","L","D","S","K","T","Q","S","L","L","I","V","N","N","A","T","N","V","V","I","K","V","C","E","F","Q","F","C","N","D","P","F","L","G","V","Y","Y","H","K","N","N","K","S","W","M","E","S","E","F","R","V","Y","S","S","A","N","N","C","T","F","E","Y","V","S","Q","P","F","L","M","D","L","E","G","K","Q","G","N","F","K","N","L","R","E","F","V","F","K","N","I","D","G","Y","F","K","I","Y","S","K","H","T","P","I","N","L","V","R","D","L","P","Q","G","F","S","A","L","E","P","L","V","D","L","P","I","G","I","N","I","T","R","F","Q","T","L","L","A","L","H","R","S","Y","L","T","P","G","D","S","S","S","G","W","T","A","G","A","A","A","Y","Y","V","G","Y","L","Q","P","R","T","F","L","L","K","Y","N","E","N","G","T","I","T","D","A","V","D","C","A","L","D","P","L","S","E","T","K","C","T","L","K","S","F","T","V","E","K","G","I","Y","Q","T","S","N","F","R","V","Q","P","T","E","S","I","V","R","F","P","N","I","T","N","L","C","P","F","G","E","V","F","N","A","T","R","F","A","S","V","Y","A","W","N","R","K","R","I","S","N","C","V","A","D","Y","S","V","L","Y","N","S","A","S","F","S","T","F","K","C","Y","G","V","S","P","T","K","L","N","D","L","C","F","T","N","V","Y","A","D","S","F","V","I","R","G","D","E","V","R","Q","I","A","P","G","Q","T","G","K","I","A","D","Y","N","Y","K","L","P","D","D","F","T","G","C","V","I","A","W","N","S","N","N","L","D","S","K","V","G","G","N","Y","N","Y","L","Y","R","L","F","R","K","S","N","L","K","P","F","E","R","D","I","S","T","E","I","Y","Q","A","G","S","T","P","C","N","G","V","E","G","F","N","C","Y","F","P","L","Q","S","Y","G","F","Q","P","T","N","G","V","G","Y","Q","P","Y","R","V","V","V","L","S","F","E","L","L","H","A","P","A","T","V","C","G","P","K","K","S","T","N","L","V","K","N","K","C","V","N","F","N","F","N","G","L","T","G","T","G","V","L","T","E","S","N","K","K","F","L","P","F","Q","Q","F","G","R","D","I","A","D","T","T","D","A","V","R","D","P","Q","T","L","E","I","L","D","I","T","P","C","S","F","G","G","V","S","V","I","T","P","G","T","N","T","S","N","Q","V","A","V","L","Y","Q","G","V","N","C","T","E","V","P","V","A","I","H","A","D","Q","L","T","P","T","W","R","V","Y","S","T","G","S","N","V","F","Q","T","R","A","G","C","L","I","G","A","E","H","V","N","N","S","Y","E","C","D","I","P","I","G","A","G","I","C","A","S","Y","H","T","Q","T","N","S","P","R","R","A","R","S","V","A","S","Q","S","I","I","A","Y","T","M","S","L","G","A","E","N","S","V","A","Y","S","N","N","S","I","A","I","P","T","N","F","T","I","S","V","T","T","E","I","L","P","V","S","M","T","K","T","S","V","D","C","T","M","Y","I","C","G","D","S","T","E","C","S","N","L","L","L","Q","Y","G","S","F","C","T","Q","L","N","R","A","L","T","G","I","A","V","E","Q","D","K","N","T","Q","E","V","F","A","Q","V","K","Q","I","Y","K","T","P","P","I","K","D","F","G","G","F","N","F","S","Q","I","L","P","D","P","S","K","P","S","K","R","S","F","I","E","D","L","L","F","N","K","V","T","L","A","D","A","G","F","I","K","Q","Y","G","D","C","L","G","D","I","A","A","R","D","L","I","C","A","Q","K","F","N","G","L","T","V","L","P","P","L","L","T","D","E","M","I","A","Q","Y","T","S","A","L","L","A","G","T","I","T","S","G","W","T","F","G","A","G","A","A","L","Q","I","P","F","A","M","Q","M","A","Y","R","F","N","G","I","G","V","T","Q","N","V","L","Y","E","N","Q","K","L","I","A","N","Q","F","N","S","A","I","G","K","I","Q","D","S","L","S","S","T","A","S","A","L","G","K","L","Q","D","V","V","N","Q","N","A","Q","A","L","N","T","L","V","K","Q","L","S","S","N","F","G","A","I","S","S","V","L","N","D","I","L","S","R","L","D","K","V","E","A","E","V","Q","I","D","R","L","I","T","G","R","L","Q","S","L","Q","T","Y","V","T","Q","Q","L","I","R","A","A","E","I","R","A","S","A","N","L","A","A","T","K","M","S","E","C","V","L","G","Q","S","K","R","V","D","F","C","G","K","G","Y","H","L","M","S","F","P","Q","S","A","P","H","G","V","V","F","L","H","V","T","Y","V","P","A","Q","E","K","N","F","T","T","A","P","A","I","C","H","D","G","K","A","H","F","P","R","E","G","V","F","V","S","N","G","T","H","W","F","V","T","Q","R","N","F","Y","E","P","Q","I","I","T","T","D","N","T","F","V","S","G","N","C","D","V","V","I","G","I","V","N","N","T","V","Y","D","P","L","Q","P","E","L","D","S","F","K","E","E","L","D","K","Y","F","K","N","H","T","S","P","D","V","D","L","G","D","I","S","G","I","N","A","S","V","V","N","I","Q","K","E","I","D","R","L","N","E","V","A","K","N","L","N","E","S","L","I","D","L","Q","E","L","G","K","Y","E","Q","Y","I","K","W","P","W","Y","I","W","L","G","F","I","A","G","L","I","A","I","V","M","V","T","I","M","L","C","C","M","T","S","C","C","S","C","L","K","G","C","C","S","C","G","S","C","C","K","F","D","E","D","D","S","E","P","V","L","K","G","V","K","L","H","Y","T","---"
"New.hCoV.19.Japan.PG.11342.2020","M","F","V","F","L","V","L","L","P","L","V","S","S","Q","C","V","N","L","T","T","R","T","Q","L","P","P","A","Y","T","N","S","F","T","R","G","V","Y","Y","P","D","K","V","F","R","S","S","V","L","H","S","T","Q","D","L","F","L","P","F","F","S","N","V","T","W","F","H","A","I","H","V","S","G","T","N","G","T","K","R","F","D","N","P","V","L","P","F","N","D","G","V","Y","F","A","S","T","E","K","S","N","I","I","R","G","W","I","F","G","T","T","L","D","S","K","T","Q","S","L","L","I","V","N","N","A","T","N","V","V","I","K","V","C","E","F","Q","F","C","N","D","P","F","L","G","V","Y","Y","H","K","N","N","K","S","W","M","E","S","E","F","R","V","Y","S","S","A","N","N","C","T","F","E","Y","V","S","Q","P","F","L","M","D","L","E","G","K","Q","G","N","F","K","N","L","R","E","F","V","F","K","N","I","D","G","Y","F","K","I","Y","S","K","H","T","P","I","N","L","V","R","D","L","P","Q","G","F","S","A","L","E","P","L","V","D","L","P","I","G","I","N","I","T","R","F","Q","T","L","L","A","L","H","R","S","Y","L","T","P","G","D","S","S","S","G","W","T","A","G","A","A","A","Y","Y","V","G","Y","L","Q","P","R","T","F","L","L","K","Y","N","E","N","G","T","I","T","D","A","V","D","C","A","L","D","P","L","S","E","T","K","C","T","L","K","S","F","T","V","E","K","G","I","Y","Q","T","S","N","F","R","V","Q","P","T","E","S","I","V","R","F","P","N","I","T","N","L","C","P","F","G","E","V","F","N","A","T","R","F","A","S","V","Y","A","W","N","R","K","R","I","S","N","C","V","A","D","Y","S","V","L","Y","N","S","A","S","F","S","T","F","K","C","Y","G","V","S","P","T","K","L","N","D","L","C","F","T","N","V","Y","A","D","S","F","V","I","R","G","D","E","V","R","Q","I","A","P","G","Q","T","G","K","I","A","D","Y","N","Y","K","L","P","D","D","F","T","G","C","V","I","A","W","N","S","N","N","L","D","S","K","V","G","G","N","Y","N","Y","L","Y","R","L","F","R","K","S","N","L","K","P","F","E","R","D","I","S","T","E","I","Y","Q","A","G","S","T","P","C","N","G","V","E","G","F","N","C","Y","F","P","L","Q","S","Y","G","F","Q","P","T","N","G","V","G","Y","Q","P","Y","R","V","V","V","L","S","F","E","L","L","H","A","P","A","T","V","C","G","P","K","K","S","T","N","L","V","K","N","K","C","V","N","F","N","F","N","G","L","T","G","T","G","V","L","T","E","S","N","K","K","F","L","P","F","Q","Q","F","G","R","D","I","A","D","T","T","D","A","V","R","D","P","Q","T","L","E","I","L","D","I","T","P","C","S","F","G","G","V","S","V","I","T","P","G","T","N","T","S","N","Q","V","A","V","L","Y","Q","G","V","N","C","T","E","V","P","V","A","I","H","A","D","Q","L","T","P","T","W","R","V","Y","S","T","G","S","N","V","F","Q","T","R","A","G","C","L","I","G","A","E","H","V","N","N","S","Y","E","C","D","I","P","I","G","A","G","I","C","A","S","Y","Q","T","Q","T","N","S","P","R","R","A","R","S","V","A","S","Q","S","I","I","A","Y","T","M","S","L","G","A","E","N","S","V","A","Y","S","N","N","S","I","A","I","P","T","N","F","T","I","S","V","T","T","E","I","L","P","V","S","M","T","K","T","S","V","D","C","T","M","Y","I","C","G","D","S","T","E","C","S","N","L","L","L","Q","Y","G","S","F","C","T","Q","L","N","R","A","L","T","G","I","A","V","E","Q","D","K","N","T","Q","E","V","F","A","Q","V","K","Q","I","Y","K","T","P","P","I","K","D","F","G","G","F","N","F","S","Q","I","L","P","D","P","S","K","P","S","K","R","S","F","I","E","D","L","L","F","N","K","V","T","L","A","D","A","G","F","I","K","Q","Y","G","D","C","L","G","D","I","A","A","R","D","L","I","C","A","Q","K","F","N","G","L","T","V","L","P","P","L","L","T","D","E","M","I","A","Q","Y","T","S","A","L","L","A","G","T","I","T","S","G","W","T","F","G","A","G","A","A","L","Q","I","P","F","A","M","Q","M","A","Y","R","F","N","G","I","G","V","T","Q","N","V","L","Y","E","N","Q","K","L","I","A","N","Q","F","N","S","A","I","S","K","I","Q","D","S","L","S","S","T","A","S","A","L","G","K","L","Q","D","V","V","N","Q","N","A","Q","A","L","N","T","L","V","K","Q","L","S","S","N","F","G","A","I","S","S","V","L","N","D","I","L","S","R","L","D","K","V","E","A","E","V","Q","I","D","R","L","I","T","G","R","L","Q","S","L","Q","T","Y","V","T","Q","Q","L","I","R","A","A","E","I","R","A","S","A","N","L","A","A","T","K","M","S","E","C","V","L","G","Q","S","K","R","V","D","F","C","G","K","G","Y","H","L","M","S","F","P","Q","S","A","P","H","G","V","V","F","L","H","V","T","Y","V","P","A","Q","E","K","N","F","T","T","A","P","A","I","C","H","D","G","K","A","H","F","P","R","E","G","V","F","V","S","N","G","T","H","W","F","V","T","Q","R","N","F","Y","E","P","Q","I","I","T","T","D","N","T","F","V","S","G","N","C","D","V","V","I","G","I","V","N","N","T","V","Y","D","P","L","Q","P","E","L","D","S","F","K","E","E","L","D","K","Y","F","K","N","H","T","S","P","D","V","D","L","G","D","I","S","G","I","N","A","S","V","V","N","I","Q","K","E","I","D","R","L","N","E","V","A","K","N","L","N","E","S","L","I","D","L","Q","E","L","G","K","Y","E","Q","Y","I","K","W","P","W","Y","I","W","L","G","F","I","A","G","L","I","A","I","V","M","V","T","I","M","L","C","C","M","T","S","C","C","S","C","L","K","G","C","C","S","C","G","S","C","C","K","F","D","E","D","D","S","E","P","V","L","K","G","V","K","L","H","Y","T","---"
"New.hCoV.19.Japan.PG.18599.2020","M","F","V","F","L","V","L","L","P","L","V","S","S","Q","C","V","N","L","T","T","R","T","Q","L","P","P","A","Y","T","N","S","F","T","R","G","V","Y","Y","P","D","K","V","F","R","S","S","V","L","H","S","T","Q","D","L","F","L","P","F","F","S","N","V","T","W","F","H","A","I","H","V","S","G","T","N","G","T","K","R","F","D","N","P","V","L","P","F","N","D","G","V","Y","F","A","S","T","E","K","S","N","I","I","R","G","W","I","F","G","T","T","L","D","S","K","T","Q","S","L","L","I","V","N","N","A","T","N","V","V","I","K","V","C","E","F","Q","F","C","N","D","P","F","L","G","V","Y","Y","H","K","N","N","K","S","W","M","E","S","E","F","R","V","Y","S","S","A","N","N","C","T","F","E","Y","V","S","Q","P","F","L","M","D","L","E","G","K","Q","G","N","F","K","N","L","R","E","F","V","F","K","N","I","D","G","Y","F","K","I","Y","S","K","H","T","P","I","N","L","V","R","D","L","P","Q","G","F","S","A","L","E","P","L","V","D","L","P","I","G","I","N","I","T","R","F","Q","T","L","L","A","L","H","R","S","Y","L","T","P","G","D","S","S","S","G","W","T","A","G","A","A","A","Y","Y","V","G","Y","L","Q","P","R","T","F","L","L","K","Y","N","E","N","G","T","I","T","D","A","V","D","C","A","L","D","P","L","S","E","T","K","C","T","L","K","S","F","T","V","E","K","G","I","Y","Q","T","S","N","F","R","V","Q","P","T","E","S","I","V","R","F","P","N","I","T","N","L","C","P","F","G","E","V","F","N","A","T","R","F","A","S","V","Y","A","W","N","R","K","R","I","S","N","C","V","A","D","Y","S","V","L","Y","N","S","A","S","F","S","T","F","K","C","Y","G","V","S","P","T","K","L","N","D","L","C","F","T","N","V","Y","A","D","S","F","V","I","R","G","D","E","V","R","Q","I","A","P","G","Q","T","G","K","I","A","D","Y","N","Y","K","L","P","D","D","F","T","G","C","V","I","A","W","N","S","N","N","L","D","S","K","V","G","G","N","Y","N","Y","L","Y","R","L","F","R","K","S","N","L","K","P","F","E","R","D","I","S","T","E","I","Y","Q","A","G","S","T","P","C","N","G","V","E","G","F","N","C","Y","F","P","L","Q","S","Y","G","F","Q","P","T","N","G","V","G","Y","Q","P","Y","R","V","V","V","L","S","F","E","L","L","H","A","P","A","T","V","C","G","P","K","K","S","T","N","L","V","K","N","K","C","V","N","F","N","F","N","G","L","T","G","T","G","V","L","T","E","S","N","K","K","F","L","P","F","Q","Q","F","G","R","D","I","A","D","T","T","D","A","V","R","D","P","Q","T","L","E","I","L","D","I","T","P","C","S","F","G","G","V","S","V","I","T","P","G","T","N","T","S","N","Q","V","A","V","L","Y","Q","G","V","N","C","T","E","V","P","V","A","I","H","A","D","Q","L","T","P","T","W","R","V","Y","S","T","G","S","N","V","F","Q","T","R","A","G","C","L","I","G","A","E","H","V","N","N","S","Y","E","C","D","I","P","I","G","A","G","I","C","A","S","Y","H","T","Q","T","N","S","P","R","R","A","R","S","V","A","S","Q","S","I","I","A","Y","T","M","S","L","G","A","E","N","S","V","A","Y","S","N","N","S","I","A","I","P","T","N","F","T","I","S","V","T","T","E","I","L","P","V","S","M","T","K","T","S","V","D","C","T","M","Y","I","C","G","D","S","T","E","C","S","N","L","L","L","Q","Y","G","S","F","C","T","Q","L","N","R","A","L","T","G","I","A","V","E","Q","D","K","N","T","Q","E","V","F","A","Q","V","K","Q","I","Y","K","T","P","P","I","K","D","F","G","G","F","N","F","S","Q","I","L","P","D","P","S","K","P","S","K","R","S","F","I","E","D","L","L","F","N","K","V","T","L","A","D","A","G","F","I","K","Q","Y","G","D","C","L","G","D","I","A","A","R","D","L","I","C","A","Q","K","F","N","G","L","T","V","L","P","P","L","L","T","D","E","M","I","A","Q","Y","T","S","A","L","L","A","G","T","I","T","S","G","W","T","F","G","A","G","A","A","L","Q","I","P","F","A","M","Q","M","A","Y","R","F","N","G","I","G","V","T","Q","N","V","L","Y","E","N","Q","K","L","I","A","N","Q","F","N","S","A","I","G","K","I","Q","D","S","L","S","S","T","A","S","A","L","G","K","L","Q","D","V","V","N","Q","N","A","Q","A","L","N","T","L","V","K","Q","L","S","S","N","F","G","A","I","S","S","V","L","N","D","I","L","S","R","L","D","K","V","E","A","E","V","Q","I","D","R","L","I","T","G","R","L","Q","S","L","Q","T","Y","V","T","Q","Q","L","I","R","A","A","E","I","R","A","S","A","N","L","A","A","T","K","M","S","E","C","V","L","G","Q","S","K","R","V","D","F","C","G","K","G","Y","H","L","M","S","F","P","Q","S","A","P","H","G","V","V","F","L","H","V","T","Y","V","P","A","Q","E","K","N","F","T","T","A","P","A","I","C","H","D","G","K","A","H","F","P","R","E","G","V","F","V","S","N","G","T","H","W","F","V","T","Q","R","N","F","Y","E","P","Q","I","I","T","T","D","N","T","F","V","S","G","N","C","D","V","V","I","G","I","V","N","N","T","V","Y","D","P","L","Q","P","E","L","D","S","F","K","E","E","L","D","K","Y","F","K","N","H","T","S","P","D","V","D","L","G","D","I","S","G","I","N","A","S","V","V","N","I","Q","K","E","I","D","R","L","N","E","V","A","K","N","L","N","E","S","L","I","D","L","Q","E","L","G","K","Y","E","Q","Y","I","K","W","P","W","Y","I","W","L","G","F","I","A","G","L","I","A","I","V","M","V","T","I","M","L","C","C","M","T","S","C","C","S","C","L","K","G","C","C","S","C","G","S","C","C","K","F","D","E","D","D","S","E","P","V","L","K","G","V","K","L","H","Y","T","---"
"New.hCoV.19.Japan.PG.12536.2020","M","F","V","F","L","V","L","L","P","L","V","S","S","Q","C","V","N","L","T","T","R","T","Q","L","P","P","A","Y","T","N","S","F","T","R","G","V","Y","Y","P","D","K","V","F","R","S","S","V","L","H","S","T","Q","D","L","F","L","P","F","F","S","N","V","T","W","F","H","A","I","H","V","S","G","T","N","G","T","K","R","F","D","N","P","V","L","P","F","N","D","G","V","Y","F","A","S","T","E","K","S","N","I","I","R","G","W","I","F","G","T","T","L","D","S","K","T","Q","S","L","L","I","V","N","N","A","T","N","V","V","I","K","V","C","E","F","Q","F","C","N","D","P","F","L","G","V","Y","Y","H","K","N","N","K","S","W","T","E","S","E","F","R","V","Y","S","S","A","N","N","C","T","F","E","Y","V","S","Q","P","F","L","M","D","L","E","G","K","Q","G","N","F","K","N","L","R","E","F","V","F","K","N","I","D","G","Y","F","K","I","Y","S","K","H","T","P","I","N","L","V","R","D","L","P","Q","G","F","S","A","L","E","P","L","V","D","L","P","I","G","I","N","I","T","R","F","Q","T","L","L","A","L","H","R","S","Y","L","T","P","G","D","S","S","S","G","W","T","A","G","A","A","A","Y","Y","V","G","Y","L","Q","P","R","T","F","L","L","K","Y","N","E","N","G","T","I","T","D","A","V","D","C","A","L","D","P","L","S","E","T","K","C","T","L","K","S","F","T","V","E","K","G","I","Y","Q","T","S","N","F","R","V","Q","P","T","E","S","I","V","R","F","P","N","I","T","N","L","C","P","F","G","E","V","F","N","A","T","R","F","A","S","V","Y","A","W","N","R","K","R","I","S","N","C","V","A","D","Y","S","V","L","Y","N","S","A","S","F","S","T","F","K","C","Y","G","V","S","P","T","K","L","N","D","L","C","F","T","N","V","Y","A","D","S","F","V","I","R","G","D","E","V","R","Q","I","A","P","G","Q","T","G","K","I","A","D","Y","N","Y","K","L","P","D","D","F","T","G","C","V","I","A","W","N","S","N","N","L","D","S","K","V","G","G","N","Y","N","Y","L","Y","R","L","F","R","K","S","N","L","K","P","F","E","R","D","I","S","T","E","I","Y","Q","A","G","S","T","P","C","N","G","V","E","G","F","N","C","Y","F","P","L","Q","S","Y","G","F","Q","P","T","N","G","V","G","Y","Q","P","Y","R","V","V","V","L","S","F","E","L","L","H","A","P","A","T","V","C","G","P","K","K","S","T","N","L","V","K","N","K","C","V","N","F","N","F","N","G","L","T","G","T","G","V","L","T","E","S","N","K","K","F","L","P","F","Q","Q","F","G","R","D","I","A","D","T","T","D","A","V","R","D","P","Q","T","L","E","I","L","D","I","T","P","C","S","F","G","G","V","S","V","I","T","P","G","T","N","T","S","N","Q","V","A","V","L","Y","Q","G","V","N","C","T","E","V","P","V","A","I","H","A","D","Q","L","T","P","T","W","R","V","Y","S","T","G","S","N","V","F","Q","T","R","A","G","C","L","I","G","A","E","H","V","N","N","S","Y","E","C","D","I","P","I","G","A","G","I","C","A","S","Y","Q","T","Q","T","N","S","P","R","R","A","R","S","V","A","S","Q","S","I","I","A","Y","T","M","S","L","G","A","E","N","S","V","A","Y","S","N","N","S","I","A","I","P","T","N","F","T","I","S","V","T","T","E","I","L","P","V","S","M","T","K","T","S","V","D","C","T","M","Y","I","C","G","D","S","T","E","C","S","N","L","L","L","Q","Y","G","S","F","C","T","Q","L","N","R","A","L","T","G","I","A","V","E","Q","D","K","N","T","Q","E","V","F","A","Q","V","K","Q","I","Y","K","T","P","P","I","K","D","F","G","G","F","N","F","S","Q","I","L","P","D","P","S","K","P","S","K","R","S","F","I","E","D","L","L","F","N","K","V","T","L","A","D","A","G","F","I","K","Q","Y","G","D","C","L","G","D","I","A","A","R","D","L","I","C","A","Q","K","F","N","G","L","T","V","L","P","P","L","L","T","D","E","M","I","A","Q","Y","T","S","A","L","L","A","G","T","I","T","S","G","W","T","F","G","A","G","A","A","L","Q","I","P","F","A","M","Q","M","A","Y","R","F","N","G","I","G","V","T","Q","N","V","L","Y","E","N","Q","K","L","I","A","N","Q","F","N","S","A","I","G","K","I","Q","D","S","L","S","S","T","A","S","A","L","G","K","L","Q","D","V","V","N","Q","N","A","Q","A","L","N","T","L","V","K","Q","L","S","S","N","F","G","A","I","S","S","V","L","N","D","I","L","S","R","L","D","K","V","E","A","E","V","Q","I","D","R","L","I","T","G","R","L","Q","S","L","Q","T","Y","V","T","Q","Q","L","I","R","A","A","E","I","R","A","S","A","N","L","A","A","T","K","M","S","E","C","V","L","G","Q","S","K","R","V","D","F","C","G","K","G","Y","H","L","M","S","F","P","Q","S","A","P","H","G","V","V","F","L","H","V","T","Y","V","P","A","Q","E","K","N","F","T","T","A","P","A","I","C","H","D","G","K","A","H","F","P","R","E","G","V","F","V","S","N","G","T","H","W","F","V","T","Q","R","N","F","Y","E","P","Q","I","I","T","T","D","N","T","F","V","S","G","N","C","D","V","V","I","G","I","V","N","N","T","V","Y","D","P","L","Q","P","E","L","D","S","F","K","E","E","L","D","K","Y","F","K","N","H","T","S","P","D","V","D","L","G","D","I","S","G","I","N","A","S","V","V","N","I","Q","K","E","I","D","R","L","N","E","V","A","K","N","L","N","E","S","L","I","D","L","Q","E","L","G","K","Y","E","Q","Y","I","K","W","P","W","Y","I","W","L","G","F","I","A","G","L","I","A","I","V","M","V","T","I","M","L","C","C","M","T","S","C","C","S","C","L","K","G","C","C","S","C","G","S","C","C","K","F","D","E","D","D","S","E","P","V","L","K","G","V","K","L","H","Y","T","---"
"New.hCoV.19.Japan.PG.12152.2020","M","F","V","F","L","V","L","L","P","L","V","S","S","Q","C","V","N","L","T","T","R","T","Q","L","P","P","A","Y","T","N","S","F","T","R","G","V","Y","Y","P","D","K","V","F","R","S","S","V","L","H","S","T","Q","D","L","F","L","P","F","F","S","N","V","T","W","F","H","A","I","H","V","S","G","T","N","G","T","K","R","F","D","N","P","V","L","P","F","N","D","G","V","Y","F","A","S","T","E","K","S","N","I","I","R","G","W","I","F","G","T","T","L","D","S","K","T","Q","S","L","L","I","V","N","N","A","T","N","V","V","I","K","V","C","E","F","Q","F","C","N","D","P","F","L","G","V","Y","Y","H","K","N","N","K","S","W","M","E","S","E","F","R","V","Y","S","S","A","N","N","C","T","F","E","Y","V","S","Q","P","F","L","M","D","L","E","G","K","Q","G","N","F","K","N","L","R","E","F","V","F","K","N","I","D","G","Y","F","K","I","Y","S","K","H","T","P","I","N","L","V","R","D","L","P","Q","G","F","S","A","L","E","P","L","V","D","L","P","I","G","I","N","I","T","R","F","Q","T","L","L","A","L","H","R","S","Y","L","T","P","G","D","S","S","S","G","W","T","A","G","A","A","A","Y","Y","V","G","Y","L","Q","P","R","T","F","L","L","K","Y","N","E","N","G","T","I","T","D","A","V","D","C","A","L","D","P","L","S","E","T","K","C","T","L","K","S","F","T","V","E","K","G","I","Y","Q","T","S","N","F","R","V","Q","P","T","E","S","I","V","R","F","P","N","I","T","N","L","C","P","F","G","E","V","F","N","A","T","R","F","A","S","V","Y","A","W","N","R","K","R","I","S","N","C","V","A","D","Y","S","V","L","Y","N","S","A","S","F","S","T","F","K","C","Y","G","V","S","P","T","K","L","N","D","L","C","F","T","N","V","Y","A","D","S","F","V","I","R","G","D","E","V","R","Q","I","A","P","G","Q","T","G","K","I","A","D","Y","N","Y","K","L","P","D","D","F","T","G","C","V","I","A","W","N","S","N","N","L","D","S","K","V","G","G","N","Y","N","Y","L","Y","R","L","F","R","K","S","N","L","K","P","F","E","R","D","I","S","T","E","I","Y","Q","A","G","S","T","P","C","N","G","V","E","G","F","N","C","Y","F","P","L","Q","S","Y","G","F","Q","P","T","N","G","V","G","Y","Q","P","Y","R","V","V","V","L","S","F","E","L","L","H","A","P","A","T","V","C","G","P","K","K","S","T","N","L","V","K","N","K","C","V","N","F","N","F","N","G","L","T","G","T","G","V","L","T","E","S","N","K","K","F","L","P","F","Q","Q","F","G","R","D","I","A","D","T","T","D","A","V","R","D","P","Q","T","L","E","I","L","D","I","T","P","C","S","F","G","G","V","S","V","I","T","P","G","T","N","T","S","N","Q","V","A","V","L","Y","Q","G","V","N","C","T","E","V","P","V","A","I","H","A","D","Q","L","T","P","T","W","R","V","Y","S","T","G","S","N","V","F","Q","T","R","A","G","C","L","I","G","A","E","H","V","N","N","S","Y","E","C","D","I","P","I","G","A","G","I","C","A","S","Y","H","T","Q","T","N","S","P","R","R","A","R","S","V","A","S","Q","S","I","I","A","Y","T","M","S","L","G","A","E","N","S","V","A","Y","S","N","N","S","I","A","I","P","T","N","F","T","I","S","V","T","T","E","I","L","P","V","S","M","T","K","T","S","V","D","C","T","M","Y","I","C","G","D","S","T","E","C","S","N","L","L","L","Q","Y","G","S","F","C","T","Q","L","N","R","A","L","T","G","I","A","V","E","Q","D","K","N","T","Q","E","V","F","A","Q","V","K","Q","I","Y","K","T","P","P","I","K","D","F","G","G","F","N","F","S","Q","I","L","P","D","P","S","K","P","S","K","R","S","F","I","E","D","L","L","F","N","K","V","T","L","A","D","A","G","F","I","K","Q","Y","G","D","C","L","G","D","I","A","A","R","D","L","I","C","A","Q","K","F","N","G","L","T","V","L","P","P","L","L","T","D","E","M","I","A","Q","Y","T","S","A","L","L","A","G","T","I","T","S","G","W","T","F","G","A","G","A","A","L","Q","I","P","F","A","M","Q","M","A","Y","R","F","N","G","I","G","V","T","Q","N","V","L","Y","E","N","Q","K","L","I","A","N","Q","F","N","S","A","I","G","K","I","Q","D","S","L","S","S","T","A","S","A","L","G","K","L","Q","D","V","V","N","Q","N","A","Q","A","L","N","T","L","V","K","Q","L","S","S","N","F","G","A","I","S","S","V","L","N","D","I","L","S","R","L","D","K","V","E","A","E","V","Q","I","D","R","L","I","T","G","R","L","Q","S","L","Q","T","Y","V","T","Q","Q","L","I","R","A","A","E","I","R","A","S","A","N","L","A","A","T","K","M","S","E","C","V","L","G","Q","S","K","R","V","D","F","C","G","K","G","Y","H","L","M","S","F","P","Q","S","A","P","H","G","V","V","F","L","H","V","T","Y","V","P","A","Q","E","K","N","F","T","T","A","P","A","I","C","H","D","G","K","A","H","F","P","R","E","G","V","F","V","S","N","G","T","H","W","F","V","T","Q","R","N","F","Y","E","P","Q","I","I","T","T","D","N","T","F","V","S","G","N","C","D","V","V","I","G","I","V","N","N","T","V","Y","D","P","L","Q","P","E","L","D","S","F","K","E","E","L","D","K","Y","F","K","N","H","T","S","P","D","V","D","L","G","D","I","S","G","I","N","A","S","V","V","N","I","Q","K","E","I","D","R","L","N","E","V","A","K","N","L","N","E","S","L","I","D","L","Q","E","L","G","K","Y","E","Q","Y","I","K","W","P","W","Y","I","W","L","G","F","I","A","G","L","I","A","I","V","M","V","T","I","M","L","C","C","M","T","S","C","C","S","C","L","K","G","C","C","S","C","G","S","C","C","K","F","D","E","D","D","S","E","P","V","L","K","G","V","K","L","H","Y","T","---"
"New.hCoV.19.Japan.PG.13179.2020","M","F","V","F","L","V","L","L","P","L","V","S","S","Q","C","V","N","L","T","T","R","T","Q","L","P","P","A","Y","T","N","S","F","T","R","G","V","Y","Y","P","D","K","V","F","R","S","S","V","L","H","S","T","Q","D","L","F","L","P","F","F","S","N","V","T","W","F","H","A","I","H","V","S","G","T","N","G","T","K","R","F","D","N","P","V","L","P","F","N","D","G","V","Y","F","A","S","T","E","K","S","N","I","I","R","G","W","I","F","G","T","T","L","D","S","K","T","Q","S","L","L","I","V","N","N","A","T","N","V","V","I","K","V","C","E","F","Q","F","C","N","D","P","F","L","G","V","Y","Y","H","K","N","N","K","S","W","M","E","S","E","F","R","V","Y","S","S","A","N","N","C","T","F","E","Y","V","S","Q","P","F","L","M","D","L","E","G","K","Q","G","N","F","K","N","L","R","E","F","V","F","K","N","I","D","G","Y","F","K","I","Y","S","K","H","T","P","I","N","L","V","R","D","L","P","Q","G","F","S","A","L","E","P","L","V","D","L","P","I","G","I","N","I","T","R","F","Q","T","L","L","A","L","H","R","S","Y","L","T","P","G","D","S","S","S","G","W","T","A","G","A","A","A","Y","Y","V","G","Y","L","Q","P","R","T","F","L","L","K","Y","N","E","N","G","T","I","T","D","A","V","D","C","A","L","D","P","L","S","E","T","K","C","T","L","K","S","F","T","V","E","K","G","I","Y","Q","T","S","N","F","R","V","Q","P","T","E","S","I","V","R","F","P","N","I","T","N","L","C","P","F","G","E","V","F","N","A","T","R","F","A","S","V","Y","A","W","N","R","K","R","I","S","N","C","V","A","D","Y","S","V","L","Y","N","S","A","S","F","S","T","F","K","C","Y","G","V","S","P","T","K","L","N","D","L","C","F","T","N","V","Y","A","D","S","F","V","I","R","G","D","E","V","R","Q","I","A","P","G","Q","T","G","K","I","A","D","Y","N","Y","K","L","P","D","D","F","T","G","C","V","I","A","W","N","S","N","N","L","D","S","K","V","G","G","N","Y","N","Y","L","Y","R","L","F","R","K","S","N","L","K","P","F","E","R","D","I","S","T","E","I","Y","Q","A","G","S","T","P","C","N","G","V","E","G","F","N","C","Y","F","P","L","Q","S","Y","G","F","Q","P","T","N","G","V","G","Y","Q","P","Y","R","V","V","V","L","S","F","E","L","L","H","A","P","A","T","V","C","G","P","K","K","S","T","N","L","V","K","N","K","C","V","N","F","N","F","N","G","L","T","G","T","G","V","L","T","E","S","N","K","K","F","L","P","F","Q","Q","F","G","R","D","I","A","D","T","T","D","A","V","R","D","P","Q","T","L","E","I","L","D","I","T","P","C","S","F","G","G","V","S","V","I","T","P","G","T","N","T","S","N","Q","V","A","V","L","Y","Q","G","V","N","C","T","E","V","P","V","A","I","H","A","D","Q","L","T","P","T","W","R","V","Y","S","T","G","S","N","V","F","Q","T","R","A","G","C","L","I","G","A","E","H","V","N","N","S","Y","E","C","D","I","P","I","G","A","G","I","C","A","S","Y","Q","T","Q","T","N","S","P","R","R","A","R","S","V","A","S","Q","S","I","I","A","Y","T","M","S","L","G","A","E","N","S","V","A","Y","S","N","N","S","I","A","I","P","T","N","F","T","I","S","V","T","T","E","I","L","P","V","S","M","T","K","T","S","V","D","C","T","M","Y","I","C","G","D","S","T","E","C","S","N","L","L","L","Q","Y","G","S","F","C","T","Q","L","N","R","A","L","T","G","I","A","V","E","Q","D","K","N","T","Q","E","V","F","A","Q","V","K","Q","I","Y","K","T","P","P","I","K","D","F","G","G","F","N","F","S","Q","I","L","P","D","P","S","K","P","S","K","R","S","F","I","E","D","L","L","F","N","K","V","T","L","A","D","A","G","F","I","K","Q","Y","G","D","C","L","G","D","I","A","A","R","D","L","I","C","A","Q","K","F","N","G","L","T","V","L","P","P","L","L","T","D","E","M","I","A","Q","Y","T","S","A","L","L","A","G","T","I","T","S","G","W","T","F","G","A","G","A","A","L","Q","I","P","F","A","M","Q","M","A","Y","R","F","N","G","I","G","V","T","Q","N","V","L","Y","E","N","Q","K","L","I","A","N","Q","F","N","S","A","I","G","K","I","Q","D","S","L","S","S","T","A","S","A","L","G","K","L","Q","D","V","V","N","Q","N","A","Q","A","L","N","T","L","V","K","Q","L","S","S","N","F","G","A","I","S","S","V","L","N","D","I","L","S","R","L","D","K","V","E","A","E","V","Q","I","D","R","L","I","T","G","R","L","Q","S","L","Q","T","Y","V","T","Q","Q","L","I","R","A","A","E","I","R","A","S","A","N","L","A","A","T","K","M","S","E","C","V","L","G","Q","S","K","R","V","D","F","C","G","K","G","Y","H","L","M","S","F","P","Q","S","A","P","H","G","V","V","F","L","H","V","T","Y","V","P","A","Q","E","K","N","F","T","T","A","P","A","I","C","H","D","G","K","A","H","F","P","R","E","G","V","F","V","S","N","G","T","H","W","F","V","T","Q","R","N","F","Y","E","P","Q","I","I","T","T","D","N","T","F","V","S","G","N","C","D","V","V","I","G","I","V","N","N","T","V","Y","D","P","L","Q","P","E","L","D","S","F","K","E","E","L","D","K","Y","F","K","N","H","T","S","P","D","V","D","L","G","D","I","S","G","I","N","A","S","V","V","N","I","Q","K","E","I","D","R","L","N","E","V","A","K","N","L","N","E","S","L","I","D","L","Q","E","L","G","K","Y","E","Q","Y","I","K","W","P","W","Y","I","W","L","G","F","I","A","G","L","I","A","I","V","M","V","T","I","M","L","C","C","M","T","S","C","C","S","C","L","K","G","C","C","S","C","G","S","C","C","K","F","D","E","D","D","S","E","P","V","L","K","G","V","K","L","H","Y","T","---"
"New.hCoV.19.Japan.PG.16015.2020","M","F","V","F","L","V","L","L","P","L","V","S","S","Q","C","V","N","L","T","T","R","T","Q","L","P","P","A","Y","T","N","S","F","T","R","G","V","Y","Y","P","D","K","V","F","R","S","S","V","L","H","S","T","Q","D","L","F","L","P","F","F","S","N","V","T","W","F","H","A","I","H","V","S","G","T","N","G","T","K","R","F","D","N","P","V","L","P","F","N","D","G","V","Y","F","A","S","T","E","K","S","N","I","I","R","G","W","I","F","G","T","T","L","D","S","K","T","Q","S","L","L","I","V","N","N","A","T","N","V","V","I","K","V","C","E","F","Q","F","C","N","D","P","F","L","G","V","Y","Y","H","K","N","N","K","S","W","M","E","S","E","F","R","V","Y","S","S","A","N","N","C","T","F","E","Y","V","S","Q","P","F","L","M","D","L","E","G","K","Q","G","N","F","K","N","L","R","E","F","V","F","K","N","I","D","G","Y","F","K","I","Y","S","K","H","T","P","I","N","L","V","R","D","L","P","Q","G","F","S","A","L","E","P","L","V","D","L","P","I","G","I","N","I","T","R","F","Q","T","L","L","A","L","H","R","S","Y","L","T","P","G","D","S","S","S","G","W","T","A","G","A","A","A","Y","Y","V","G","Y","L","Q","P","R","T","F","L","L","K","Y","N","E","N","G","T","I","T","D","A","V","D","C","A","L","D","P","L","S","E","T","K","C","T","L","K","S","F","T","V","E","K","G","I","Y","Q","T","S","N","F","R","V","Q","P","T","E","S","I","V","R","F","P","N","I","T","N","L","C","P","F","G","E","V","F","N","A","T","R","F","A","S","V","Y","A","W","N","R","K","R","I","S","N","C","V","A","D","Y","S","V","L","Y","N","S","A","S","F","S","T","F","K","C","Y","G","V","S","P","T","K","L","N","D","L","C","F","T","N","V","Y","A","D","S","F","V","I","R","G","D","E","V","R","Q","I","A","P","G","Q","T","G","K","I","A","D","Y","N","Y","K","L","P","D","D","F","T","G","C","V","I","A","W","N","S","N","N","L","D","S","K","V","G","G","N","Y","N","Y","L","Y","R","L","F","R","K","S","N","L","K","P","F","E","R","D","I","S","T","E","I","Y","Q","A","G","S","T","P","C","N","G","V","E","G","F","N","C","Y","F","P","L","Q","S","Y","G","F","Q","P","T","N","G","V","G","Y","Q","P","Y","R","V","V","V","L","S","F","E","L","L","H","A","P","A","T","V","C","G","P","K","K","S","T","N","L","V","K","N","K","C","V","N","F","N","F","N","G","L","T","G","T","G","V","L","T","E","S","N","K","K","F","L","P","F","Q","Q","F","G","R","D","I","A","D","T","T","D","A","V","R","D","P","Q","T","L","E","I","L","D","I","T","P","C","S","F","G","G","V","S","V","I","T","P","G","T","N","T","S","N","Q","V","A","V","L","Y","Q","G","V","N","C","T","E","V","P","V","A","I","H","A","D","Q","L","T","P","T","W","R","V","Y","S","T","G","S","N","V","F","Q","T","R","A","G","C","L","I","G","A","E","H","V","N","N","S","Y","E","C","D","I","P","I","G","A","G","I","C","A","S","Y","Q","T","Q","T","N","S","P","R","R","A","R","S","V","A","S","Q","S","I","I","A","Y","T","M","S","L","G","A","E","N","S","V","A","Y","S","N","N","S","I","A","I","P","T","N","F","T","I","S","V","T","T","E","I","L","P","V","S","M","T","K","T","S","V","D","C","T","M","Y","I","C","G","D","S","T","E","C","S","N","L","L","L","Q","Y","G","S","F","C","T","Q","L","N","R","A","L","T","G","I","A","V","E","Q","D","K","N","T","Q","E","V","F","A","Q","V","K","Q","I","Y","K","T","P","P","I","K","D","F","G","G","F","N","F","S","Q","I","L","P","D","P","S","K","P","S","K","R","S","F","I","E","D","L","L","F","N","K","V","T","L","A","D","A","G","F","I","K","Q","Y","G","D","C","L","G","D","I","A","A","R","D","L","I","C","A","Q","K","F","N","G","L","T","V","L","P","P","L","L","T","D","E","M","I","A","Q","Y","T","S","A","L","L","A","G","T","I","T","S","G","W","T","F","G","A","G","A","A","L","Q","I","P","F","A","M","Q","M","A","Y","R","F","N","G","I","G","V","T","Q","N","V","L","Y","E","N","Q","K","L","I","A","N","Q","F","N","S","A","I","G","K","I","Q","D","S","L","S","S","T","A","S","A","L","G","K","L","Q","D","V","V","N","Q","N","A","Q","A","L","N","T","L","V","K","Q","L","S","S","N","F","G","A","I","S","S","V","L","N","D","I","L","S","R","L","D","K","V","E","A","E","V","Q","I","D","R","L","I","T","G","R","L","Q","S","L","Q","T","Y","V","T","Q","Q","L","I","R","A","A","E","I","R","A","S","A","N","L","A","A","T","K","M","S","E","C","V","L","G","Q","S","K","R","V","D","F","C","G","K","G","Y","H","L","M","S","F","P","Q","S","A","P","H","G","V","V","F","L","H","V","T","Y","V","P","A","Q","E","K","N","F","T","T","A","P","A","I","C","H","D","G","K","A","H","F","P","R","E","G","V","F","V","S","N","G","T","H","W","F","V","T","Q","R","N","F","Y","E","P","Q","I","I","T","T","D","N","T","F","V","S","G","N","C","D","V","V","I","G","I","V","N","N","T","V","Y","D","P","L","Q","P","E","L","D","S","F","K","E","E","L","D","K","Y","F","K","N","H","T","S","P","D","V","D","L","G","D","I","S","G","I","N","A","S","V","V","N","I","Q","K","E","I","D","R","L","N","E","V","A","K","N","L","N","E","S","L","I","D","L","Q","E","L","G","K","Y","E","Q","Y","I","K","W","P","W","Y","I","W","L","G","F","I","A","G","L","I","A","I","V","M","V","T","I","M","L","C","C","M","T","S","C","C","S","C","L","K","G","C","C","S","C","G","S","C","C","K","F","D","E","D","D","S","E","P","V","L","K","G","V","K","L","H","Y","T","---"
"New.hCoV.19.Japan.PG.14352.2020","M","F","V","F","L","V","L","L","P","L","V","S","S","Q","C","V","N","L","T","T","R","T","Q","L","P","P","A","Y","T","N","S","F","T","R","G","V","Y","Y","P","D","K","V","F","R","S","S","V","L","H","S","T","Q","D","L","F","L","P","F","F","S","N","V","T","W","F","H","A","I","H","V","S","G","T","N","G","T","K","R","F","D","N","P","V","L","P","F","N","D","G","V","Y","F","A","S","T","E","K","S","N","I","I","R","G","W","I","F","G","T","T","L","D","S","K","T","Q","S","L","L","I","V","N","N","A","T","N","V","V","I","K","V","C","E","F","Q","F","C","N","D","P","F","L","G","V","Y","Y","H","K","N","N","K","S","W","M","E","S","E","F","R","V","Y","S","S","A","N","N","C","T","F","E","Y","V","S","Q","P","F","L","M","D","L","E","G","K","Q","G","N","F","K","N","L","R","E","F","V","F","K","N","I","D","G","Y","F","K","I","Y","S","K","H","T","P","I","N","L","V","R","D","L","P","Q","G","F","S","A","L","E","P","L","V","D","L","P","I","G","I","N","I","T","R","F","Q","T","L","L","A","L","H","R","S","Y","L","T","P","G","D","S","S","S","G","W","T","A","G","A","A","A","Y","Y","V","G","Y","L","Q","P","R","T","F","L","L","K","Y","N","E","N","G","T","I","T","D","A","V","D","C","A","L","D","P","L","S","E","T","K","C","T","L","K","S","F","T","V","E","K","G","I","Y","Q","T","S","N","F","R","V","Q","P","T","E","S","I","V","R","F","P","N","I","T","N","L","C","P","F","G","E","V","F","N","A","T","R","F","A","S","V","Y","A","W","N","R","K","R","I","S","N","C","V","A","D","Y","S","V","L","Y","N","S","A","S","F","S","T","F","K","C","Y","G","V","S","P","T","K","L","N","D","L","C","F","T","N","V","Y","A","D","S","F","V","I","R","G","D","E","V","R","Q","I","A","P","G","Q","T","G","K","I","A","D","Y","N","Y","K","L","P","D","D","F","T","G","C","V","I","A","W","N","S","N","N","L","D","S","K","V","G","G","N","Y","N","Y","L","Y","R","L","F","R","K","S","N","L","K","P","F","E","R","D","I","S","T","E","I","Y","Q","A","G","S","T","P","C","N","G","V","E","G","F","N","C","Y","F","P","L","Q","S","Y","G","F","Q","P","T","N","G","V","G","Y","Q","P","Y","R","V","V","V","L","S","F","E","L","L","H","A","P","A","T","V","C","G","P","K","K","S","T","N","L","V","K","N","K","C","V","N","F","N","F","N","G","L","T","G","T","G","V","L","T","E","S","N","K","K","F","L","P","F","Q","Q","F","G","R","D","I","A","D","T","T","D","A","V","R","D","P","Q","T","L","E","I","L","D","I","T","P","C","S","F","G","G","V","S","V","I","T","P","G","T","N","T","S","N","Q","V","A","V","L","Y","Q","G","V","N","C","T","E","V","P","V","A","I","H","A","D","Q","L","T","P","T","W","R","V","Y","S","T","G","S","N","V","F","Q","T","R","A","G","C","L","I","G","A","E","H","V","N","N","S","Y","E","C","D","I","P","I","G","A","G","I","C","A","S","Y","Q","T","Q","T","N","S","P","R","R","A","R","S","V","A","S","Q","S","I","I","A","Y","T","M","S","L","G","A","E","N","S","V","A","Y","S","N","N","S","I","A","I","P","T","N","F","T","I","S","V","T","T","E","I","L","P","V","S","M","T","K","T","S","V","D","C","T","M","Y","I","C","G","D","S","T","E","C","S","N","L","L","L","Q","Y","G","S","F","C","T","Q","L","N","R","A","L","T","G","I","A","V","E","Q","D","K","N","T","Q","E","V","F","A","Q","V","K","Q","I","Y","K","T","P","P","I","K","D","F","G","G","F","N","F","S","Q","I","L","P","D","P","S","K","P","S","K","R","S","F","I","E","D","L","L","F","N","K","V","T","L","A","D","A","G","F","I","K","Q","Y","G","D","C","L","G","D","I","A","A","R","D","L","I","C","A","Q","K","F","N","G","L","T","V","L","P","P","L","L","T","D","E","M","I","A","Q","Y","T","S","A","L","L","A","G","T","I","T","S","G","W","T","F","G","A","G","A","A","L","Q","I","P","F","A","M","Q","M","A","Y","R","F","N","G","I","G","V","T","Q","N","V","L","Y","E","N","Q","K","L","I","A","N","Q","F","N","S","A","I","G","K","I","Q","D","S","L","S","S","T","A","S","A","L","G","K","L","Q","D","V","V","N","Q","N","A","Q","A","L","N","T","L","V","K","Q","L","S","S","N","F","G","A","I","S","S","V","L","N","D","I","L","S","R","L","D","K","V","E","A","E","V","Q","I","D","R","L","I","T","G","R","L","Q","S","L","Q","T","Y","V","T","Q","Q","L","I","R","A","A","E","I","R","A","S","A","N","L","A","A","T","K","M","S","E","C","V","L","G","Q","S","K","R","V","D","F","C","G","K","G","Y","H","L","M","S","F","P","Q","S","A","P","H","G","V","V","F","L","H","V","T","Y","V","P","A","Q","E","K","N","F","T","T","A","P","A","I","C","H","D","G","K","A","H","F","P","R","E","G","V","F","V","S","N","G","T","H","W","F","V","T","Q","R","N","F","Y","E","P","Q","I","I","T","T","D","N","T","F","V","S","G","N","C","D","V","V","I","G","I","V","N","N","T","V","Y","D","P","L","Q","P","E","L","D","S","F","K","E","E","L","D","K","Y","F","K","N","H","T","S","P","D","V","D","L","G","D","I","S","G","I","N","A","S","V","V","N","I","Q","K","E","I","D","R","L","N","E","V","A","K","N","L","N","E","S","L","I","D","L","Q","E","L","G","K","Y","E","Q","Y","I","K","W","P","W","Y","I","W","L","G","F","I","A","G","L","I","A","I","V","M","V","T","I","M","L","C","C","M","T","S","C","C","S","C","L","K","G","C","C","S","C","G","S","C","C","K","F","D","E","D","D","S","E","P","V","L","K","G","V","K","L","H","Y","T","---"
"New.hCoV.19.Japan.PG.13104.2020","M","F","V","F","L","V","L","L","P","L","V","S","S","Q","C","V","N","L","T","T","R","T","Q","L","P","P","A","Y","T","N","S","F","T","R","G","V","Y","Y","P","D","K","V","F","R","S","S","V","L","H","S","T","Q","D","L","F","L","P","F","F","S","N","V","T","W","F","H","A","I","H","V","S","G","T","N","G","T","K","S","F","D","N","P","V","L","P","F","N","D","G","V","Y","F","A","S","T","E","K","S","N","I","I","R","G","W","I","F","G","T","T","L","D","S","K","T","Q","S","L","L","I","V","N","N","A","T","N","V","V","I","K","V","C","E","F","Q","F","C","N","D","P","F","L","G","V","Y","Y","H","K","N","N","K","S","W","M","E","S","E","F","R","V","Y","S","S","A","N","N","C","T","F","E","Y","V","S","Q","P","F","L","M","D","L","E","G","K","Q","G","N","F","K","N","L","R","E","F","V","F","K","N","I","D","G","Y","F","K","I","Y","S","K","H","T","P","I","N","L","V","R","D","L","P","Q","G","F","S","A","L","E","P","L","V","D","L","P","I","G","I","N","I","T","R","F","Q","T","L","L","A","L","H","R","S","Y","L","T","P","G","D","S","S","S","G","W","T","A","S","A","A","A","Y","Y","V","G","Y","L","Q","P","R","T","F","L","L","K","Y","N","E","N","G","T","I","T","D","A","V","D","C","A","L","D","P","L","S","E","T","K","C","T","L","K","S","F","T","V","E","K","G","I","Y","Q","T","S","N","F","R","V","Q","P","T","E","S","I","V","R","F","P","N","I","T","N","L","C","P","F","G","E","V","F","N","A","T","R","F","A","S","V","Y","A","W","N","R","K","R","I","S","N","C","V","A","D","Y","S","V","L","Y","N","S","A","S","F","S","T","F","K","C","Y","G","V","S","P","T","K","L","N","D","L","C","F","T","N","V","Y","A","D","S","F","V","I","R","G","D","E","V","R","Q","I","A","P","G","Q","T","G","K","I","A","D","Y","N","Y","K","L","P","D","D","F","T","G","C","V","I","A","W","N","S","N","N","L","D","S","K","V","G","G","N","Y","N","Y","L","Y","R","L","F","R","K","S","N","L","K","P","F","E","R","D","I","S","T","E","I","Y","Q","A","G","S","T","P","C","N","G","V","E","G","F","N","C","Y","F","P","L","Q","S","Y","G","F","Q","P","T","N","G","V","G","Y","Q","P","Y","R","V","V","V","L","S","F","E","L","L","H","A","P","A","T","V","C","G","P","K","K","S","T","N","L","V","K","N","K","C","V","N","F","N","F","N","G","L","T","G","T","G","V","L","T","E","S","N","K","K","F","L","P","F","Q","Q","F","G","R","D","I","A","D","T","T","D","A","V","R","D","P","Q","T","L","E","I","L","D","I","T","P","C","S","F","G","G","V","S","V","I","T","P","G","T","N","T","S","N","Q","V","A","V","L","Y","Q","G","V","N","C","T","E","V","P","V","A","I","H","A","D","Q","L","T","P","T","W","R","V","Y","S","T","G","S","N","V","F","Q","T","R","A","G","C","L","I","G","A","E","H","V","N","N","S","Y","E","C","D","I","P","I","G","A","G","I","C","A","S","Y","Q","T","Q","T","N","S","P","R","R","A","R","S","V","A","S","Q","S","I","I","A","Y","T","M","S","L","G","A","E","N","S","V","A","Y","S","N","N","S","I","A","I","P","T","N","F","T","I","S","V","T","T","E","I","L","P","V","S","M","T","K","T","S","V","D","C","T","M","Y","I","C","G","D","S","T","E","C","S","N","L","L","L","Q","Y","G","S","F","C","T","Q","L","N","R","A","L","T","G","I","A","V","E","Q","D","K","N","T","Q","E","V","F","A","Q","V","K","Q","I","Y","K","T","P","P","I","K","D","F","G","G","F","N","F","S","Q","I","L","P","D","P","S","K","P","S","K","R","S","F","I","E","D","L","L","F","N","K","V","T","L","A","D","A","G","F","I","K","Q","Y","G","D","C","L","G","D","I","A","A","R","D","L","I","C","A","Q","K","F","N","G","L","T","V","L","P","P","L","L","T","D","E","M","I","A","Q","Y","T","S","A","L","L","A","G","T","I","T","S","G","W","T","F","G","A","G","A","A","L","Q","I","P","F","A","M","Q","M","A","Y","R","F","N","G","I","G","V","T","Q","N","V","L","Y","E","N","Q","K","L","I","A","N","Q","F","N","S","A","I","G","K","I","Q","D","S","L","S","S","T","A","S","A","L","G","K","L","Q","D","V","V","N","Q","N","A","Q","A","L","N","T","L","V","K","Q","L","S","S","N","F","G","A","I","S","S","V","L","N","D","I","L","S","R","L","D","K","V","E","A","E","V","Q","I","D","R","L","I","T","G","R","L","Q","S","L","Q","T","Y","V","T","Q","Q","L","I","R","A","A","E","I","R","A","S","A","N","L","A","A","T","K","M","S","E","C","V","L","G","Q","S","K","R","V","D","F","C","G","K","G","Y","H","L","M","S","F","P","Q","S","A","P","H","G","V","V","F","L","H","V","T","Y","V","P","A","Q","E","K","N","F","T","T","A","P","A","I","C","H","D","G","K","A","H","F","P","R","E","G","V","F","V","S","N","G","T","H","W","F","V","T","Q","R","N","F","Y","E","P","Q","I","I","T","T","D","N","T","F","V","S","G","N","C","D","V","V","I","G","I","V","N","N","T","V","Y","D","P","L","Q","P","E","L","D","S","F","K","E","E","L","D","K","Y","F","K","N","H","T","S","P","D","V","D","L","G","D","I","S","G","I","N","A","S","V","V","N","I","Q","K","E","I","D","R","L","N","E","V","A","K","N","L","N","E","S","L","I","D","L","Q","E","L","G","K","Y","E","Q","Y","I","K","W","P","W","Y","I","W","L","G","F","I","A","G","L","I","A","I","V","M","V","T","I","M","L","C","C","M","T","S","C","C","S","C","L","K","G","C","C","S","C","G","S","C","C","K","F","D","E","D","D","S","E","P","V","L","K","G","V","K","L","H","Y","T","---"
"New.hCoV.19.Japan.PG.11299.2020","M","F","V","F","L","V","L","L","P","L","V","S","S","Q","C","V","N","L","T","T","R","T","Q","L","P","P","A","Y","T","N","S","F","T","R","G","V","Y","Y","P","D","K","V","F","R","S","S","V","L","H","S","T","Q","D","L","F","L","P","F","F","S","N","V","T","W","F","H","A","I","H","V","S","G","T","N","G","T","K","R","F","D","N","P","V","L","P","F","N","D","G","V","Y","F","A","S","T","E","K","S","N","I","I","R","G","W","I","F","G","T","T","L","D","S","K","T","Q","S","L","L","I","V","N","N","A","T","N","V","V","I","K","V","C","E","F","Q","F","C","N","D","P","F","L","G","V","Y","Y","H","K","N","N","K","S","W","M","E","S","E","F","R","V","Y","S","S","A","N","N","C","T","F","E","Y","V","S","Q","P","F","L","M","D","L","E","G","K","Q","G","N","F","K","N","L","R","E","F","V","F","K","N","I","D","G","Y","F","K","I","Y","S","K","H","T","P","I","N","L","V","R","D","L","P","Q","G","F","S","A","L","E","P","L","V","D","L","P","I","G","I","N","I","T","R","F","Q","T","L","L","A","L","H","R","S","Y","L","T","P","G","D","S","S","S","G","W","T","A","G","A","A","A","Y","Y","V","G","Y","L","Q","P","R","T","F","L","L","K","Y","N","E","N","G","T","I","T","D","A","V","D","C","A","L","D","P","L","S","E","T","K","C","T","L","K","S","F","T","V","E","K","G","I","Y","Q","T","S","N","F","R","V","Q","P","T","E","S","I","V","R","F","P","N","I","T","N","L","C","P","F","G","E","V","F","N","A","T","R","F","A","S","V","Y","A","W","N","R","K","R","I","S","N","C","V","A","D","Y","S","V","L","Y","N","S","A","S","F","S","T","F","K","C","Y","G","V","S","P","T","K","L","N","D","L","C","F","T","N","V","Y","A","D","S","F","V","I","R","G","D","E","V","R","Q","I","A","P","G","Q","T","G","K","I","A","D","Y","N","Y","K","L","P","D","D","F","T","G","C","V","I","A","W","N","S","N","N","L","D","S","K","V","G","G","N","Y","N","Y","L","Y","R","L","F","R","K","S","N","L","K","P","F","E","R","D","I","S","T","E","I","Y","Q","A","G","S","T","P","C","N","G","V","E","G","F","N","C","Y","F","P","L","Q","S","Y","G","F","Q","P","T","N","G","V","G","Y","Q","P","Y","R","V","V","V","L","S","F","E","L","L","H","A","P","A","T","V","C","G","P","K","K","S","T","N","L","V","K","N","K","C","V","N","F","N","F","N","G","L","T","G","T","G","V","L","T","E","S","N","K","K","F","L","P","F","Q","Q","F","G","R","D","I","A","D","T","T","D","A","V","R","D","P","Q","T","L","E","I","L","D","I","T","P","C","S","F","G","G","V","S","V","I","T","P","G","T","N","T","S","N","Q","V","A","V","L","Y","Q","G","V","N","C","T","E","V","P","V","A","I","H","A","D","Q","L","T","P","T","W","R","V","Y","S","T","G","S","N","V","F","Q","T","R","A","G","C","L","I","G","A","E","H","V","N","N","S","Y","E","C","D","I","P","I","G","A","G","I","C","A","S","Y","Q","T","Q","T","N","S","P","R","R","A","R","S","V","A","S","Q","S","I","I","A","Y","T","M","S","L","G","A","E","N","S","V","A","Y","S","N","N","S","I","A","I","P","T","N","F","T","I","S","V","T","T","E","I","L","P","V","S","M","T","K","T","S","V","D","C","T","M","Y","I","C","G","D","S","T","E","C","S","N","L","L","L","Q","Y","G","S","F","C","T","Q","L","N","R","A","L","T","G","I","A","V","E","Q","D","K","N","T","Q","E","V","F","A","Q","V","K","Q","I","Y","K","T","P","P","I","K","D","F","G","G","F","N","F","S","Q","I","L","P","D","P","S","K","P","S","K","R","S","F","I","E","D","L","L","F","N","K","V","T","L","A","D","A","G","F","I","K","Q","Y","G","D","C","L","G","D","I","A","A","R","D","L","I","C","A","Q","K","F","N","G","L","T","V","L","P","P","L","L","T","D","E","M","I","A","Q","Y","T","S","A","L","L","A","G","T","I","T","S","G","W","T","F","G","A","G","A","A","L","Q","I","P","F","A","M","Q","M","A","Y","R","F","N","G","I","G","V","T","Q","N","V","L","Y","E","N","Q","K","L","I","A","N","Q","F","N","S","A","I","G","K","I","Q","D","S","L","S","S","T","A","S","A","L","G","K","L","Q","D","V","V","N","Q","N","A","Q","A","L","N","T","L","V","K","Q","L","S","S","N","F","G","A","I","S","S","V","L","N","D","I","L","S","R","L","D","K","V","E","A","E","V","Q","I","D","R","L","I","T","G","R","L","Q","S","L","Q","T","Y","V","T","Q","Q","L","I","R","A","A","E","I","R","A","S","A","N","L","A","A","T","K","M","S","E","C","V","L","G","Q","S","K","R","V","D","F","C","G","K","G","Y","H","L","M","S","F","P","Q","S","A","P","H","G","V","V","F","L","H","V","T","Y","V","P","A","Q","E","K","N","F","T","T","A","P","A","I","C","H","D","G","K","A","H","F","P","R","E","G","V","F","V","S","N","G","T","H","W","F","V","T","Q","R","N","F","Y","E","P","Q","I","I","T","T","D","N","T","F","V","S","G","N","C","D","V","V","I","G","I","V","N","N","T","V","Y","D","P","L","Q","P","E","L","D","S","F","K","E","E","L","D","K","Y","F","K","N","H","T","S","P","D","V","D","L","G","D","I","S","G","I","N","A","S","V","V","N","I","Q","K","E","I","D","R","L","N","E","V","A","K","N","L","N","E","S","L","I","D","L","Q","E","L","G","K","Y","E","Q","Y","I","K","W","P","W","Y","I","W","L","G","F","I","A","G","L","I","A","I","V","M","V","T","I","M","L","C","C","M","T","S","C","C","S","C","L","K","G","C","C","S","C","G","S","C","C","K","F","D","E","D","D","S","E","P","V","L","K","G","V","K","L","H","Y","T","---"
"New.hCoV.19.Japan.CL1001.2020","M","F","V","F","L","V","L","L","P","L","V","S","S","Q","C","V","N","L","T","T","R","T","Q","L","P","P","A","Y","T","N","S","F","T","R","G","V","Y","Y","P","D","K","V","F","R","S","S","V","L","H","S","T","Q","D","L","F","L","P","F","F","S","N","V","T","W","F","H","A","I","H","V","S","G","T","N","G","T","K","R","F","D","N","P","V","L","P","F","N","D","G","V","Y","F","A","S","T","E","K","S","N","I","I","R","G","W","I","F","G","T","T","L","D","S","K","T","Q","S","L","L","I","V","N","N","A","T","N","V","V","I","K","V","C","E","F","Q","F","C","N","D","P","F","L","G","V","Y","Y","H","K","N","N","K","S","W","M","E","S","E","F","R","V","Y","S","S","A","N","N","C","T","F","E","Y","V","S","Q","P","F","L","M","D","L","E","G","K","Q","G","N","F","K","N","L","R","E","F","V","F","K","N","I","D","G","Y","F","K","I","Y","S","K","H","T","P","I","N","L","V","R","D","L","P","Q","G","F","S","A","L","E","P","L","V","D","L","P","I","G","I","N","I","T","R","F","Q","T","L","L","A","L","H","R","S","Y","L","T","P","G","D","S","S","S","G","W","T","A","G","A","A","A","Y","Y","V","G","Y","L","Q","P","R","T","F","L","L","K","Y","N","E","N","G","T","I","T","D","A","V","D","C","A","L","D","P","L","S","E","T","K","C","T","L","K","S","F","T","V","E","K","G","I","Y","Q","T","S","N","F","R","V","Q","P","T","E","S","I","V","R","F","P","N","I","T","N","L","C","P","F","G","E","V","F","N","A","T","R","F","A","S","V","Y","A","W","N","R","K","R","I","S","N","C","V","A","D","Y","S","V","L","Y","N","S","A","S","F","S","T","F","K","C","Y","G","V","S","P","T","K","L","N","D","L","C","F","T","N","V","Y","A","D","S","F","V","I","R","G","D","E","V","R","Q","I","A","P","G","Q","T","G","K","I","A","D","Y","N","Y","K","L","P","D","D","F","T","G","C","V","I","A","W","N","S","N","N","L","D","S","K","V","G","G","N","Y","N","Y","L","Y","R","L","F","R","K","S","N","L","K","P","F","E","R","D","I","S","T","E","I","Y","Q","A","G","S","T","P","C","N","G","V","E","G","F","N","C","Y","F","P","L","Q","S","Y","G","F","Q","P","T","N","G","V","G","Y","Q","P","Y","R","V","V","V","L","S","F","E","L","L","H","A","P","A","T","V","C","G","P","K","K","S","T","N","L","V","K","N","K","C","V","N","F","N","F","N","G","L","T","G","T","G","V","L","T","E","S","N","K","K","F","L","P","F","Q","Q","F","G","R","D","I","A","D","T","T","D","A","V","R","D","P","Q","T","L","E","I","L","D","I","T","P","C","S","F","G","G","V","S","V","I","T","P","G","T","N","T","S","N","Q","V","A","V","L","Y","Q","G","V","N","C","T","E","V","P","V","A","I","H","A","D","Q","L","T","P","T","W","R","V","Y","S","T","G","S","N","V","F","Q","T","R","A","G","C","L","I","G","A","E","H","V","N","N","S","Y","E","C","D","I","P","I","G","A","G","I","C","A","S","Y","Q","T","Q","T","N","S","P","R","R","A","R","S","V","A","S","Q","S","I","I","A","Y","T","M","S","L","G","A","E","N","S","V","A","Y","S","N","N","S","I","A","I","P","T","N","F","T","I","S","V","T","T","E","I","L","P","V","S","M","T","K","T","S","V","D","C","T","M","Y","I","C","G","D","S","T","E","C","S","N","L","L","L","Q","Y","G","S","F","C","T","Q","L","N","R","A","L","T","G","I","A","V","E","Q","D","K","N","T","Q","E","V","F","A","Q","V","K","Q","I","Y","K","T","P","P","I","K","D","F","G","G","F","N","F","S","Q","I","L","P","D","P","S","K","P","S","K","R","S","F","I","E","D","L","L","F","N","K","V","T","L","A","D","A","G","F","I","K","Q","Y","G","D","C","L","G","D","I","A","A","R","D","L","I","C","A","Q","K","F","N","G","L","T","V","L","P","P","L","L","T","D","E","M","I","A","Q","Y","T","S","A","L","L","A","G","T","I","T","S","G","W","T","F","G","A","G","A","A","L","Q","I","P","F","A","M","Q","M","A","Y","R","F","N","G","I","G","V","T","Q","N","V","L","Y","E","N","Q","K","L","I","A","N","Q","F","N","S","A","I","G","K","I","Q","D","S","L","S","S","T","A","S","A","L","G","K","L","Q","D","V","V","N","Q","N","A","Q","A","L","N","T","L","V","K","Q","L","S","S","N","F","G","A","I","S","S","V","L","N","D","I","L","S","R","L","D","K","V","E","A","E","V","Q","I","D","R","L","I","T","G","R","L","Q","S","L","Q","T","Y","V","T","Q","Q","L","I","R","A","A","E","I","R","A","S","A","N","L","A","A","T","K","M","S","E","C","V","L","G","Q","S","K","R","V","D","F","C","G","K","G","Y","H","L","M","S","F","P","Q","S","A","P","H","G","V","V","F","L","H","V","T","Y","V","P","A","Q","E","K","N","F","T","T","A","P","A","I","C","H","D","G","K","A","H","F","P","R","E","G","V","F","V","S","N","G","T","H","W","F","V","T","Q","R","N","F","Y","E","P","Q","I","I","T","T","D","N","T","F","V","S","G","N","C","D","V","V","I","G","I","V","N","N","T","V","Y","D","P","L","Q","P","E","L","D","S","F","K","E","E","L","D","K","Y","F","K","N","H","T","S","P","D","V","D","L","G","D","I","S","G","I","N","A","S","V","V","N","I","Q","K","E","I","D","R","L","N","E","V","A","K","N","L","N","E","S","L","I","D","L","Q","E","L","G","K","Y","E","Q","Y","I","K","W","P","W","Y","I","W","L","G","F","I","A","G","L","I","A","I","V","M","V","T","I","M","L","C","C","M","T","S","C","C","S","C","L","K","G","C","C","S","C","G","S","C","C","K","F","D","E","D","D","S","E","P","V","L","K","G","V","K","L","H","Y","T","---"
"New.hCoV.19.Japan.PG.15156.2020","M","F","V","F","L","V","L","L","P","L","V","S","S","Q","C","V","N","L","T","T","R","T","Q","L","P","P","A","Y","T","N","S","F","T","R","G","V","Y","Y","P","D","K","V","F","R","S","S","V","L","H","S","T","Q","D","L","F","L","P","F","F","S","N","V","T","W","F","H","A","I","H","V","S","G","T","N","G","T","K","R","F","D","N","P","V","L","P","F","N","D","G","V","Y","F","A","S","T","E","K","S","N","I","I","R","G","W","I","F","G","T","T","L","D","S","K","T","Q","S","L","L","I","V","N","N","A","T","N","V","V","I","K","V","C","E","F","Q","F","C","N","D","P","F","L","G","V","Y","Y","H","K","N","N","K","S","W","M","E","S","E","F","R","V","Y","S","S","A","N","N","C","T","F","E","Y","V","S","Q","P","F","L","M","D","L","E","G","K","Q","G","N","F","K","N","L","R","E","F","V","F","K","N","I","D","G","Y","F","K","I","Y","S","K","H","T","P","I","N","L","V","R","D","L","P","Q","G","F","S","A","L","E","P","L","V","D","L","P","I","G","I","N","I","T","R","F","Q","T","L","L","A","L","H","R","S","Y","L","T","P","G","D","S","S","S","G","W","T","A","G","A","A","A","Y","Y","V","G","Y","L","Q","P","R","T","F","L","L","K","Y","N","E","N","G","T","I","T","D","A","V","D","C","A","L","D","P","L","S","E","T","K","C","T","L","K","S","F","T","V","E","K","G","I","Y","Q","T","S","N","F","R","V","Q","P","T","E","S","I","V","R","F","P","N","I","T","N","L","C","P","F","G","E","V","F","N","A","T","R","F","A","S","V","Y","A","W","N","R","K","R","I","S","N","C","V","A","D","Y","S","V","L","Y","N","S","A","S","F","S","T","F","K","C","Y","G","V","S","P","T","K","L","N","D","L","C","F","T","N","V","Y","A","D","S","F","V","I","R","G","D","E","V","R","Q","I","A","P","G","Q","T","G","K","I","A","D","Y","N","Y","K","L","P","D","D","F","T","G","C","V","I","A","W","N","S","N","N","L","D","S","K","V","G","G","N","Y","N","Y","L","Y","R","L","F","R","K","S","N","L","K","P","F","E","R","D","I","S","T","E","I","Y","Q","A","G","S","T","P","C","N","G","V","E","G","F","N","C","Y","F","P","L","Q","S","Y","G","F","Q","P","T","N","G","V","G","Y","Q","P","Y","R","V","V","V","L","S","F","E","L","L","H","A","P","A","T","V","C","G","P","K","K","S","T","N","L","V","K","N","K","C","V","N","F","N","F","N","G","L","T","G","T","G","V","L","T","E","S","N","K","K","F","L","P","F","Q","Q","F","G","R","D","I","A","D","T","T","D","A","V","R","D","P","Q","T","L","E","I","L","D","I","T","P","C","S","F","G","G","V","S","V","I","T","P","G","T","N","T","S","N","Q","V","A","V","L","Y","Q","G","V","N","C","T","E","V","P","V","A","I","H","A","D","Q","L","T","P","T","W","R","V","Y","S","T","G","S","N","V","F","Q","T","R","A","G","C","L","I","G","A","E","H","V","N","N","S","Y","E","C","D","I","P","I","G","A","G","I","C","A","S","Y","Q","T","Q","T","N","S","P","R","R","A","R","S","V","A","S","Q","S","I","I","A","Y","T","M","S","L","G","A","E","N","S","V","A","Y","S","N","N","S","I","A","I","P","T","N","F","T","I","S","V","T","T","E","I","L","P","V","S","M","T","K","T","S","V","D","C","T","M","Y","I","C","G","D","S","T","E","C","S","N","L","L","L","Q","Y","G","S","F","C","T","Q","L","N","R","A","L","T","G","I","A","V","E","Q","D","K","N","T","Q","E","V","F","A","Q","V","K","Q","I","Y","K","T","P","P","I","K","D","F","G","G","F","N","F","S","Q","I","L","P","D","P","S","K","P","S","K","R","S","F","I","E","D","L","L","F","N","K","V","T","L","A","D","A","G","F","I","K","Q","Y","G","D","C","L","G","D","I","A","A","R","D","L","I","C","A","Q","K","F","N","G","L","T","V","L","P","P","L","L","T","D","E","M","I","A","Q","Y","T","S","A","L","L","A","G","T","I","T","S","G","W","T","F","G","A","G","A","A","L","Q","I","P","F","A","M","Q","M","A","Y","R","F","N","G","I","G","V","T","Q","N","V","L","Y","E","N","Q","K","L","I","A","N","Q","F","N","S","A","I","G","K","I","Q","D","S","L","S","S","T","A","S","A","L","G","K","L","Q","D","V","V","N","Q","N","A","Q","A","L","N","T","L","V","K","Q","L","S","S","N","F","G","A","I","S","S","V","L","N","D","I","L","S","R","L","D","K","V","E","A","E","V","Q","I","D","R","L","I","T","G","R","L","Q","S","L","Q","T","Y","V","T","Q","Q","L","I","R","A","A","E","I","R","A","S","A","N","L","A","A","T","K","M","S","E","C","V","L","G","Q","S","K","R","V","D","F","C","G","K","G","Y","H","L","M","S","F","P","Q","S","A","P","H","G","V","V","F","L","H","V","T","Y","V","P","A","Q","E","K","N","F","T","T","A","P","A","I","C","H","D","G","K","A","H","F","P","R","E","G","V","F","V","S","N","G","T","H","W","F","V","T","Q","R","N","F","Y","E","P","Q","I","I","T","T","D","N","T","F","V","S","G","N","C","D","V","V","I","G","I","V","N","N","T","V","Y","D","P","L","Q","P","E","L","D","S","F","K","E","E","L","D","K","Y","F","K","N","H","T","S","P","D","V","D","L","G","D","I","S","G","I","N","A","S","V","V","N","I","Q","K","E","I","D","R","L","N","E","V","A","K","N","L","N","E","S","L","I","D","L","Q","E","L","G","K","Y","E","Q","Y","I","K","W","P","W","Y","I","W","L","G","F","I","A","G","L","I","A","I","V","M","V","T","I","M","L","C","C","M","T","S","C","C","S","C","L","K","G","C","C","S","C","G","S","C","C","K","F","D","E","D","D","S","E","P","V","L","K","G","V","K","L","H","Y","T","---"
"New.hCoV.19.Japan.PG.12695.2020","M","F","V","F","L","V","L","L","P","L","V","S","S","Q","C","V","N","L","T","T","R","T","Q","L","P","P","A","Y","T","N","S","F","T","R","G","V","Y","Y","P","D","K","V","F","R","S","S","V","L","H","S","T","Q","D","L","F","L","P","F","F","S","N","V","T","W","F","H","A","I","H","V","S","G","T","N","G","T","K","R","F","D","N","P","V","L","P","F","N","D","G","V","Y","F","A","S","T","E","K","S","N","I","I","R","G","W","I","F","G","T","T","L","D","S","K","T","Q","S","L","L","I","V","N","N","A","T","N","V","V","I","K","V","C","E","F","Q","F","C","N","D","P","F","L","G","V","Y","Y","H","K","N","N","K","S","W","M","E","S","E","F","R","V","Y","S","S","A","N","N","C","T","F","E","Y","V","S","Q","P","F","L","M","D","L","E","G","K","Q","G","N","F","K","N","L","R","E","F","V","F","K","N","I","D","G","Y","F","K","I","Y","S","K","H","T","P","I","N","L","V","R","D","L","P","Q","G","F","S","A","L","E","P","L","V","D","L","P","I","G","I","N","I","T","R","F","Q","T","L","L","A","L","H","R","S","Y","L","T","P","G","D","S","S","S","G","W","T","A","G","A","A","A","Y","Y","V","G","Y","L","Q","P","R","T","F","L","L","K","Y","N","E","N","G","T","I","T","D","A","V","D","C","A","L","D","P","L","S","E","T","K","C","T","L","K","S","F","T","V","E","K","G","I","Y","Q","T","S","N","F","R","V","Q","P","T","E","S","I","V","R","F","P","N","I","T","N","L","C","P","F","G","E","V","F","N","A","T","R","F","A","S","V","Y","A","W","N","R","K","R","I","S","N","C","V","A","D","Y","S","V","L","Y","N","S","A","S","F","S","T","F","K","C","Y","G","V","S","P","T","K","L","N","D","L","C","F","T","N","V","Y","A","D","S","F","V","I","R","G","D","E","V","R","Q","I","A","P","G","Q","T","G","K","I","A","D","Y","N","Y","K","L","P","D","D","F","T","G","C","V","I","A","W","N","S","N","N","L","D","S","K","V","G","G","N","Y","N","Y","L","Y","R","L","F","R","K","S","N","L","K","P","F","E","R","D","I","S","T","E","I","Y","Q","A","G","S","T","P","C","N","G","V","E","G","F","N","C","Y","F","P","L","Q","S","Y","G","F","Q","P","T","N","G","V","G","Y","Q","P","Y","R","V","V","V","L","S","F","E","L","L","H","A","P","A","T","V","C","G","P","K","K","S","T","N","L","V","K","N","K","C","V","N","F","N","F","N","G","L","T","G","T","G","V","L","T","E","S","N","K","K","F","L","P","F","Q","Q","F","G","R","D","I","A","D","T","T","D","A","V","R","D","P","Q","T","L","E","I","L","D","I","T","P","C","S","F","G","G","V","S","V","I","T","P","G","T","N","T","S","N","Q","V","A","V","L","Y","Q","G","V","N","C","T","E","V","P","V","A","I","H","A","D","Q","L","T","P","T","W","R","V","Y","S","T","G","S","N","V","F","Q","T","R","A","G","C","L","I","G","A","E","H","V","N","N","S","Y","E","C","D","I","P","I","G","A","G","I","C","A","S","Y","H","T","Q","T","N","S","P","R","R","A","R","S","V","A","S","Q","S","I","I","A","Y","T","M","S","L","G","A","E","N","S","V","A","Y","S","N","N","S","I","A","I","P","T","N","F","T","I","S","V","T","T","E","I","L","P","V","S","M","T","K","T","S","V","D","C","T","M","Y","I","C","G","D","S","T","E","C","S","N","L","L","L","Q","Y","G","S","F","C","T","Q","L","N","R","A","L","T","G","I","A","V","E","Q","D","K","N","T","Q","E","V","F","A","Q","V","K","Q","I","Y","K","T","P","P","I","K","D","F","G","G","F","N","F","S","Q","I","L","P","D","P","S","K","P","S","K","R","S","F","I","E","D","L","L","F","N","K","V","T","L","A","D","A","G","F","I","K","Q","Y","G","D","C","L","G","D","I","A","A","R","D","L","I","C","A","Q","K","F","N","G","L","T","V","L","P","P","L","L","T","D","E","M","I","A","Q","Y","T","S","A","L","L","A","G","T","I","T","S","G","W","T","F","G","A","G","A","A","L","Q","I","P","F","A","M","Q","M","A","Y","R","F","N","G","I","G","V","T","Q","N","V","L","Y","E","N","Q","K","L","I","A","N","Q","F","N","S","A","I","G","K","I","Q","D","S","L","S","S","T","A","S","A","L","G","K","L","Q","D","V","V","N","Q","N","A","Q","A","L","N","T","L","V","K","Q","L","S","S","N","F","G","A","I","S","S","V","L","N","D","I","L","S","R","L","D","K","V","E","A","E","V","Q","I","D","R","L","I","T","G","R","L","Q","S","L","Q","T","Y","V","T","Q","Q","L","I","R","A","A","E","I","R","A","S","A","N","L","A","A","T","K","M","S","E","C","V","L","G","Q","S","K","R","V","D","F","C","G","K","G","Y","H","L","M","S","F","P","Q","S","A","P","H","G","V","V","F","L","H","V","T","Y","V","P","A","Q","E","K","N","F","T","T","A","P","A","I","C","H","D","G","K","A","H","F","P","R","E","G","V","F","V","S","N","G","T","H","W","F","V","T","Q","R","N","F","Y","E","P","Q","I","I","T","T","D","N","T","F","V","S","G","N","C","D","V","V","I","G","I","V","N","N","T","V","Y","D","P","L","Q","P","E","L","D","S","F","K","E","E","L","D","K","Y","F","K","N","H","T","S","P","D","V","D","L","G","D","I","S","G","I","N","A","S","V","V","N","I","Q","K","E","I","D","R","L","N","E","V","A","K","N","L","N","E","S","L","I","D","L","Q","E","L","G","K","Y","E","Q","Y","I","K","W","P","W","Y","I","W","L","G","F","I","A","G","L","I","A","I","V","M","V","T","I","M","L","C","C","M","T","S","C","C","S","C","L","K","G","C","C","S","C","G","S","C","C","K","F","D","E","D","D","S","E","P","V","L","K","G","V","K","L","H","Y","T","---"
"New.hCoV.19.Japan.TKY56045.2020","M","F","V","F","L","V","L","L","P","L","V","S","S","Q","C","V","N","L","T","T","R","T","Q","L","P","P","A","Y","T","N","S","F","T","R","G","V","Y","Y","P","D","K","V","F","R","S","S","V","L","H","S","T","Q","D","L","F","L","P","F","F","S","N","V","T","W","F","H","A","I","H","V","S","G","T","N","G","T","K","R","F","D","N","P","V","L","P","F","N","D","G","V","Y","F","A","S","T","E","K","S","N","I","I","R","G","W","I","F","G","T","T","L","D","S","K","T","Q","S","L","L","I","V","N","N","A","T","N","V","V","I","K","V","C","E","F","Q","F","C","N","D","P","F","L","G","V","Y","Y","H","K","N","N","K","S","W","M","E","S","E","F","R","V","Y","S","S","A","N","N","C","T","F","E","Y","V","S","Q","P","F","L","M","D","L","E","G","K","Q","G","N","F","K","N","L","R","E","F","V","F","K","N","I","D","G","Y","F","K","I","Y","S","K","H","T","P","I","N","L","V","R","D","L","P","Q","G","F","S","A","L","E","P","L","V","D","L","P","I","G","I","N","I","T","R","F","Q","T","L","L","A","L","H","R","S","Y","L","T","P","G","D","S","S","S","G","W","T","A","G","A","A","A","Y","Y","V","G","Y","L","Q","P","R","T","F","L","L","K","Y","N","E","N","G","T","I","T","D","A","V","D","C","A","L","D","P","L","S","E","T","K","C","T","L","K","S","F","T","V","E","K","G","I","Y","Q","T","S","N","F","R","V","Q","P","T","E","S","I","V","R","F","P","N","I","T","N","L","C","P","F","G","E","V","F","N","A","T","R","F","A","S","V","Y","A","W","N","R","K","R","I","S","N","C","V","A","D","Y","S","V","L","Y","N","S","A","S","F","S","T","F","K","C","Y","G","V","S","P","T","K","L","N","D","L","C","F","T","N","V","Y","A","D","S","F","V","I","R","G","D","E","V","R","Q","I","A","P","G","Q","T","G","K","I","A","D","Y","N","Y","K","L","P","D","D","F","T","G","C","V","I","A","W","N","S","N","N","L","D","S","K","V","G","G","N","Y","N","Y","L","Y","R","L","F","R","K","S","N","L","K","P","F","E","R","D","I","S","T","E","I","Y","Q","A","G","S","T","P","C","N","G","V","E","G","F","N","C","Y","F","P","L","Q","S","Y","G","F","Q","P","T","N","G","V","G","Y","Q","P","Y","R","V","V","V","L","S","F","E","L","L","H","A","P","A","T","V","C","G","P","K","K","S","T","N","L","V","K","N","K","C","V","N","F","N","F","N","G","L","T","G","T","G","V","L","T","E","S","N","K","K","F","L","P","F","Q","Q","F","G","R","D","I","A","D","T","T","D","A","V","R","D","P","Q","T","L","E","I","L","D","I","T","P","C","S","F","G","G","V","S","V","I","T","P","G","T","N","T","S","N","Q","V","A","V","L","Y","Q","G","V","N","C","T","E","V","P","V","A","I","H","A","D","Q","L","T","P","T","W","R","V","Y","S","T","G","S","N","V","F","Q","T","R","A","G","C","L","I","G","A","E","H","V","N","N","S","Y","E","C","D","I","P","I","G","A","G","I","C","A","S","Y","Q","T","Q","T","N","S","P","R","R","A","R","S","V","A","S","Q","S","I","I","A","Y","T","M","S","L","G","A","E","N","S","V","A","Y","S","N","N","S","I","A","I","P","T","N","F","T","I","S","V","T","T","E","I","L","P","V","S","M","T","K","T","S","V","D","C","T","M","Y","I","C","G","D","S","T","E","C","S","N","L","L","L","Q","Y","G","S","F","C","T","Q","L","N","R","A","L","T","G","I","A","V","E","Q","D","K","N","T","Q","E","V","F","A","Q","V","K","Q","I","Y","K","T","P","P","I","K","D","F","G","G","F","N","F","S","Q","I","L","P","D","P","S","K","P","S","K","R","S","F","I","E","D","L","L","F","N","K","V","T","L","A","D","A","G","F","I","K","Q","Y","G","D","C","L","G","D","I","A","A","R","D","L","I","C","A","Q","K","F","N","G","L","T","V","L","P","P","L","L","T","D","E","M","I","A","Q","Y","T","S","A","L","L","A","G","T","I","T","S","G","W","T","F","G","A","G","A","A","L","Q","I","P","F","A","M","Q","M","A","Y","R","F","N","G","I","G","V","T","Q","N","V","L","Y","E","N","Q","K","L","I","A","N","Q","F","N","S","A","I","G","K","I","Q","D","S","L","S","S","T","A","S","A","L","G","K","L","Q","D","V","V","N","Q","N","A","Q","A","L","N","T","L","V","K","Q","L","S","S","N","F","G","A","I","S","S","V","L","N","D","I","L","S","R","L","D","K","V","E","A","E","V","Q","I","D","R","L","I","T","G","R","L","Q","S","L","Q","T","Y","V","T","Q","Q","L","I","R","A","A","E","I","R","A","S","A","N","L","A","A","T","K","M","S","E","C","V","L","G","Q","S","K","R","V","D","F","C","G","K","G","Y","H","L","M","S","F","P","Q","S","A","P","H","G","V","V","F","L","H","V","T","Y","V","P","A","Q","E","K","N","F","T","T","A","P","A","I","C","H","D","G","K","A","H","F","P","R","E","G","V","F","V","S","N","G","T","H","W","F","V","T","Q","R","N","F","Y","E","P","Q","I","I","T","T","D","N","T","F","V","S","G","N","C","D","V","V","I","G","I","V","N","N","T","V","Y","D","P","L","Q","P","E","L","D","S","F","K","E","E","L","D","K","Y","F","K","N","H","T","S","P","D","V","D","L","G","D","I","S","G","I","N","A","S","V","V","N","I","Q","K","E","I","D","R","L","N","E","V","A","K","N","L","N","E","S","L","I","D","L","Q","E","L","G","K","Y","E","Q","Y","I","K","W","P","W","Y","I","W","L","G","F","I","A","G","L","I","A","I","V","M","V","T","I","M","L","C","C","M","T","S","C","C","S","C","L","K","G","C","C","S","C","G","S","C","C","K","F","D","E","D","D","S","E","P","V","L","K","G","V","K","L","H","Y","T","---"
"New.hCoV.19.Japan.PG.13844.2020","M","F","V","F","L","V","L","L","P","L","V","S","S","Q","C","V","N","L","T","T","R","T","Q","L","P","P","A","Y","T","N","S","F","T","R","G","V","Y","Y","P","D","K","V","F","R","S","S","V","L","H","S","T","Q","D","L","F","L","P","F","F","S","N","V","T","W","F","H","A","I","H","V","S","G","T","N","G","T","K","R","F","D","N","P","V","L","P","F","N","D","G","V","Y","F","A","S","T","E","K","S","N","I","I","R","G","W","I","F","G","T","T","L","D","S","K","T","Q","S","L","L","I","V","N","N","A","T","N","V","V","I","K","V","C","E","F","Q","F","C","N","D","P","F","L","G","V","Y","Y","H","K","N","N","K","S","W","M","E","S","E","F","R","V","Y","S","S","A","N","N","C","T","F","E","Y","V","S","Q","P","F","L","M","D","L","E","G","K","Q","G","N","F","K","N","L","R","E","F","V","F","K","N","I","D","G","Y","F","K","I","Y","S","K","H","T","P","I","N","L","V","R","D","L","P","Q","G","F","S","A","L","E","P","L","V","D","L","P","I","G","I","N","I","T","R","F","Q","T","L","L","A","L","H","R","S","Y","L","T","P","G","D","S","S","S","G","W","T","A","G","A","A","A","Y","Y","V","G","Y","L","Q","P","R","T","F","L","L","K","Y","N","E","N","G","T","I","T","D","A","V","D","C","A","L","D","P","L","S","E","T","K","C","T","L","K","S","F","T","V","E","K","G","I","Y","Q","T","S","N","F","R","V","Q","P","T","E","S","I","V","R","F","P","N","I","T","N","L","C","P","F","G","E","V","F","N","A","T","R","F","A","S","V","Y","A","W","N","R","K","R","I","S","N","C","V","A","D","Y","S","V","L","Y","N","S","A","S","F","S","T","F","K","C","Y","G","V","S","P","T","K","L","N","D","L","C","F","T","N","V","Y","A","D","S","F","V","I","R","G","D","E","V","R","Q","I","A","P","G","Q","T","G","K","I","A","D","Y","N","Y","K","L","P","D","D","F","T","G","C","V","I","A","W","N","S","N","N","L","D","S","K","V","G","G","N","Y","N","Y","L","Y","R","L","F","R","K","S","N","L","K","P","F","E","R","D","I","S","T","E","I","Y","Q","A","G","S","T","P","C","N","G","V","E","G","F","N","C","Y","F","P","L","Q","S","Y","G","F","Q","P","T","N","G","V","G","Y","Q","P","Y","R","V","V","V","L","S","F","E","L","L","H","A","P","A","T","V","C","G","P","K","K","S","T","N","L","V","K","N","K","C","V","N","F","N","F","N","G","L","T","G","T","G","V","L","T","E","S","N","K","K","F","L","P","F","Q","Q","F","G","R","D","I","A","D","T","T","D","A","V","R","D","P","Q","T","L","E","I","L","D","I","T","P","C","S","F","G","G","V","S","V","I","T","P","G","T","N","T","S","N","Q","V","A","V","L","Y","Q","G","V","N","C","T","E","V","P","V","A","I","H","A","D","Q","L","T","P","T","W","R","V","Y","S","T","G","S","N","V","F","Q","T","R","A","G","C","L","I","G","A","E","H","V","N","N","S","Y","E","C","D","I","P","I","G","A","G","I","C","A","S","Y","Q","T","Q","T","N","S","P","R","R","A","R","S","V","A","S","Q","S","I","I","A","Y","T","M","S","L","G","A","E","N","S","V","A","Y","S","N","N","S","I","A","I","P","T","N","F","T","I","S","V","T","T","E","I","L","P","V","S","M","T","K","T","S","V","D","C","T","M","Y","I","C","G","D","S","T","E","C","S","N","L","L","L","Q","Y","G","S","F","C","T","Q","L","N","R","A","L","T","G","I","A","V","E","Q","D","K","N","T","Q","E","V","F","A","Q","V","K","Q","I","Y","K","T","P","P","I","K","D","F","G","G","F","N","F","S","Q","I","L","P","D","P","S","K","P","S","K","R","S","F","I","E","D","L","L","F","N","K","V","T","L","A","D","A","G","F","I","K","Q","Y","G","D","C","L","G","D","I","A","A","R","D","L","I","C","A","Q","K","F","N","G","L","T","V","L","P","P","L","L","T","D","E","M","I","A","Q","Y","T","S","A","L","L","A","G","T","I","T","S","G","W","T","F","G","A","G","A","A","L","Q","I","P","F","A","M","Q","M","A","Y","R","F","N","G","I","G","V","T","Q","N","V","L","Y","E","N","Q","K","L","I","A","N","Q","F","N","S","A","I","G","K","I","Q","D","S","L","S","S","T","A","S","A","L","G","K","L","Q","D","V","V","N","Q","N","A","Q","A","L","N","T","L","V","K","Q","L","S","S","N","F","G","A","I","S","S","V","L","N","D","I","L","S","R","L","D","K","V","E","A","E","V","Q","I","D","R","L","I","T","G","R","L","Q","S","L","Q","T","Y","V","T","Q","Q","L","I","R","A","A","E","I","R","A","S","A","N","L","A","A","T","K","M","S","E","C","V","L","G","Q","S","K","R","V","D","F","C","G","K","G","Y","H","L","M","S","F","P","Q","S","A","P","H","G","V","V","F","L","H","V","T","Y","V","P","A","Q","E","K","N","F","T","T","A","P","A","I","C","H","D","G","K","A","H","F","P","R","E","G","V","F","V","S","N","G","T","H","W","F","V","T","Q","R","N","F","Y","E","P","Q","I","I","T","T","D","N","T","F","V","S","G","N","C","D","V","V","I","G","I","V","N","N","T","V","Y","D","P","L","Q","P","E","L","D","S","F","K","E","E","L","D","K","Y","F","K","N","H","T","S","P","D","V","D","L","G","D","I","S","G","I","N","A","S","V","V","N","I","Q","K","E","I","D","R","L","N","E","V","A","K","N","L","N","E","S","L","I","D","L","Q","E","L","G","K","Y","E","Q","Y","I","K","W","P","W","Y","I","W","L","G","F","I","A","G","L","I","A","I","V","M","V","T","I","M","L","C","C","M","T","S","C","C","S","C","L","K","G","C","C","S","C","G","S","C","C","K","F","D","E","D","D","S","E","P","V","L","K","G","V","K","L","H","Y","T","---"
"New.hCoV.19.Japan.PG.14647.2020","M","F","V","F","L","V","L","L","P","L","V","S","S","Q","C","V","N","L","T","T","R","T","Q","L","P","P","A","Y","T","N","S","F","T","R","G","V","Y","Y","P","D","K","V","F","R","S","S","V","L","H","S","T","Q","D","L","F","L","P","F","F","S","N","V","T","W","F","H","A","I","H","V","S","G","T","N","G","T","K","R","F","D","N","P","V","L","P","F","N","D","G","V","Y","F","A","S","T","E","K","S","N","I","I","R","G","W","I","F","G","T","T","L","D","S","K","T","Q","S","L","L","I","V","N","N","A","T","N","V","V","I","K","V","C","E","F","Q","F","C","N","D","P","F","L","G","V","Y","Y","H","K","N","N","K","S","W","M","E","S","E","F","R","V","Y","S","S","A","N","N","C","T","F","E","Y","V","S","Q","P","F","L","M","D","L","E","G","K","Q","G","N","F","K","N","L","R","E","F","V","F","K","N","I","D","G","Y","F","K","I","Y","S","K","H","T","P","I","N","L","V","R","D","L","P","Q","G","F","S","A","L","E","P","L","V","D","L","P","I","G","I","N","I","T","R","F","Q","T","L","L","A","L","H","R","S","Y","L","T","P","G","D","S","S","S","G","W","T","A","G","A","A","A","Y","Y","V","G","Y","L","Q","P","R","T","F","L","L","K","Y","N","E","N","G","T","I","T","D","A","V","D","C","A","L","D","P","L","S","E","T","K","C","T","L","K","S","F","T","V","E","K","G","I","Y","Q","T","S","N","F","R","V","Q","P","T","E","S","I","V","R","F","P","N","I","T","N","L","C","P","F","G","E","V","F","N","A","T","R","F","A","S","V","Y","A","W","N","R","K","R","I","S","N","C","V","A","D","Y","S","V","L","Y","N","S","A","S","F","S","T","F","K","C","Y","G","V","S","P","T","K","L","N","D","L","C","F","T","N","V","Y","A","D","S","F","V","I","R","G","D","E","V","R","Q","I","A","P","G","Q","T","G","K","I","A","D","Y","N","Y","K","L","P","D","D","F","T","G","C","V","I","A","W","N","S","N","N","L","D","S","K","V","G","G","N","Y","N","Y","L","Y","R","L","F","R","K","S","N","L","K","P","F","E","R","D","I","S","T","E","I","Y","Q","A","G","S","T","P","C","N","G","V","E","G","F","N","C","Y","F","P","L","Q","S","Y","G","F","Q","P","T","N","G","V","G","Y","Q","P","Y","R","V","V","V","L","S","F","E","L","L","H","A","P","A","T","V","C","G","P","K","K","S","T","N","L","V","K","N","K","C","V","N","F","N","F","N","G","L","T","G","T","G","V","L","T","E","S","N","K","K","F","L","P","F","Q","Q","F","G","R","D","I","A","D","T","T","D","A","V","R","D","P","Q","T","L","E","I","L","D","I","T","P","C","S","F","G","G","V","S","V","I","T","P","G","T","N","T","S","N","Q","V","A","V","L","Y","Q","G","V","N","C","T","E","V","P","V","A","I","H","A","D","Q","L","T","P","T","W","R","V","Y","S","T","G","S","N","V","F","Q","T","R","A","G","C","L","I","G","A","E","H","V","N","N","S","Y","E","C","D","I","P","I","G","A","G","I","C","A","S","Y","H","T","Q","T","N","S","P","R","R","A","R","S","V","A","S","Q","S","I","I","A","Y","T","M","S","L","G","A","E","N","S","V","A","Y","S","N","N","S","I","A","I","P","T","N","F","T","I","S","V","T","T","E","I","L","P","V","S","M","T","K","T","S","V","D","C","T","M","Y","I","C","G","D","S","T","E","C","S","N","L","L","L","Q","Y","G","S","F","C","T","Q","L","N","R","A","L","T","G","I","A","V","E","Q","D","K","N","T","Q","E","V","F","A","Q","V","K","Q","I","Y","K","T","P","P","I","K","D","F","G","G","F","N","F","S","Q","I","L","P","D","P","S","K","P","S","K","R","S","F","I","E","D","L","L","F","N","K","V","T","L","A","D","A","G","F","I","K","Q","Y","G","D","C","L","G","D","I","A","A","R","D","L","I","C","A","Q","K","F","N","G","L","T","V","L","P","P","L","L","T","D","E","M","I","A","Q","Y","T","S","A","L","L","A","G","T","I","T","S","G","W","T","F","G","A","G","A","A","L","Q","I","P","F","A","M","Q","M","A","Y","R","F","N","G","I","G","V","T","Q","N","V","L","Y","E","N","Q","K","L","I","A","N","Q","F","N","S","A","I","G","K","I","Q","D","S","L","S","S","T","A","S","A","L","G","K","L","Q","D","V","V","N","Q","N","A","Q","A","L","N","T","L","V","K","Q","L","S","S","N","F","G","A","I","S","S","V","L","N","D","I","L","S","R","L","D","K","V","E","A","E","V","Q","I","D","R","L","I","T","G","R","L","Q","S","L","Q","T","Y","V","T","Q","Q","L","I","R","A","A","E","I","R","A","S","A","N","L","A","A","T","K","M","S","E","C","V","L","G","Q","S","K","R","V","D","F","C","G","K","G","Y","H","L","M","S","F","P","Q","S","A","P","H","G","V","V","F","L","H","V","T","Y","V","P","A","Q","E","K","N","F","T","T","A","P","A","I","C","H","D","G","K","A","H","F","P","R","E","G","V","F","V","S","N","G","T","H","W","F","V","T","Q","R","N","F","Y","E","P","Q","I","I","T","T","D","N","T","F","V","S","G","N","C","D","V","V","I","G","I","V","N","N","T","V","Y","D","P","L","Q","P","E","L","D","S","F","K","E","E","L","D","K","Y","F","K","N","H","T","S","P","D","V","D","L","G","D","I","S","G","I","N","A","S","V","V","N","I","Q","K","E","I","D","R","L","N","E","V","A","K","N","L","N","E","S","L","I","D","L","Q","E","L","G","K","Y","E","Q","Y","I","K","W","P","W","Y","I","W","L","G","F","I","A","G","L","I","A","I","V","M","V","T","I","M","L","C","C","M","T","S","C","C","S","C","L","K","G","C","C","S","C","G","S","C","C","K","F","D","E","D","D","S","E","P","V","L","K","G","V","K","L","H","Y","T","---"
"New.hCoV.19.Japan.TKY53921.2020","M","F","V","F","L","V","L","L","P","L","V","S","S","Q","C","V","N","L","T","T","R","T","Q","L","P","P","A","Y","T","N","S","F","T","R","G","V","Y","Y","P","D","K","V","F","R","S","S","V","L","H","S","T","Q","D","L","F","L","P","F","F","S","N","V","T","W","F","H","A","I","H","V","S","G","T","N","G","T","K","R","F","D","N","P","V","L","P","F","N","D","G","V","Y","F","A","S","T","E","K","S","N","I","I","R","G","W","I","F","G","T","T","L","D","S","K","T","Q","S","L","L","I","V","N","N","A","T","N","V","V","I","K","V","C","E","F","Q","F","C","N","D","P","F","L","G","V","Y","Y","H","K","N","N","K","S","W","M","E","S","E","F","R","V","Y","S","S","A","N","N","C","T","F","E","Y","V","S","Q","P","F","L","M","D","L","E","G","K","Q","G","N","F","K","N","L","R","E","F","V","F","K","N","I","D","G","Y","F","K","I","Y","S","K","H","T","P","I","N","L","V","R","D","L","P","Q","G","F","S","A","L","E","P","L","V","D","L","P","I","G","I","N","I","T","R","F","Q","T","L","L","A","L","H","R","S","Y","L","T","P","G","D","S","S","S","G","W","T","A","G","A","A","A","Y","Y","V","G","Y","L","Q","P","R","T","F","L","L","K","Y","N","E","N","G","T","I","T","D","A","V","D","C","A","L","D","P","L","S","E","T","K","C","T","L","K","S","F","T","V","E","K","G","I","Y","Q","T","S","N","F","R","V","Q","P","T","E","S","I","V","R","F","P","N","I","T","N","L","C","P","F","G","E","V","F","N","A","T","R","F","A","S","V","Y","A","W","N","R","K","R","I","S","N","C","V","A","D","Y","S","V","L","Y","N","S","A","S","F","S","T","F","K","C","Y","G","V","S","P","T","K","L","N","D","L","C","F","T","N","V","Y","A","D","S","F","V","I","R","G","D","E","V","R","Q","I","A","P","G","Q","T","G","K","I","A","D","Y","N","Y","K","L","P","D","D","F","T","G","C","V","I","A","W","N","S","N","N","L","D","S","K","V","G","G","N","Y","N","Y","L","Y","R","L","F","R","K","S","N","L","K","P","F","E","R","D","I","S","T","E","I","Y","Q","A","G","S","T","P","C","N","G","V","E","G","F","N","C","Y","F","P","L","Q","S","Y","G","F","Q","P","T","N","G","V","G","Y","Q","P","Y","R","V","V","V","L","S","F","E","L","L","H","A","P","A","T","V","C","G","P","K","K","S","T","N","L","V","K","N","K","C","V","N","F","N","F","N","G","L","T","G","T","G","V","L","T","E","S","N","K","K","F","L","P","F","Q","Q","F","G","R","D","I","A","D","T","T","D","A","V","R","D","P","Q","T","L","E","I","L","D","I","T","P","C","S","F","G","G","V","S","V","I","T","P","G","T","N","T","S","N","Q","V","A","V","L","Y","Q","G","V","N","C","T","E","V","P","V","A","I","H","A","D","Q","L","T","P","T","W","R","V","Y","S","T","G","S","N","V","F","Q","T","R","A","G","C","L","I","G","A","E","H","V","N","N","S","Y","E","C","D","I","P","I","G","A","G","I","C","A","S","Y","Q","T","Q","T","N","S","P","R","R","A","R","S","V","A","S","Q","S","I","I","A","Y","T","M","S","L","G","A","E","N","S","V","A","Y","S","N","N","S","I","A","I","P","T","N","F","T","I","S","V","T","T","E","I","L","P","V","S","M","T","K","T","S","V","D","C","T","M","Y","I","C","G","D","S","T","E","C","S","N","L","L","L","Q","Y","G","S","F","C","T","Q","L","N","R","A","L","T","G","I","A","V","E","Q","D","K","N","T","Q","E","V","F","A","Q","V","K","Q","I","Y","K","T","P","P","I","K","D","F","G","G","F","N","F","S","Q","I","L","P","D","P","S","K","P","S","K","R","S","F","I","E","D","L","L","F","N","K","V","T","L","A","D","A","G","F","I","K","Q","Y","G","D","C","L","G","D","I","A","A","R","D","L","I","C","A","Q","K","F","N","G","L","T","V","L","P","P","L","L","T","D","E","M","I","A","Q","Y","T","S","A","L","L","A","G","T","I","T","S","G","W","T","F","G","A","G","A","A","L","Q","I","P","F","A","M","Q","M","A","Y","R","F","N","G","I","G","V","T","Q","N","V","L","Y","E","N","Q","K","L","I","A","N","Q","F","N","S","A","I","G","K","I","Q","D","S","L","S","S","T","A","S","A","L","G","K","L","Q","D","V","V","N","Q","N","A","Q","A","L","N","T","L","V","K","Q","L","S","S","N","F","G","A","I","S","S","V","L","N","D","I","L","S","R","L","D","K","V","E","A","E","V","Q","I","D","R","L","I","T","G","R","L","Q","S","L","Q","T","Y","V","T","Q","Q","L","I","R","A","A","E","I","R","A","S","A","N","L","A","A","T","K","M","S","E","C","V","L","G","Q","S","K","R","V","D","F","C","G","K","G","Y","H","L","M","S","F","P","Q","S","A","P","H","G","V","V","F","L","H","V","T","Y","V","P","A","Q","E","K","N","F","T","T","A","P","A","I","C","H","D","G","K","A","H","F","P","R","E","G","V","F","V","S","N","G","T","H","W","F","V","T","Q","R","N","F","Y","E","P","Q","I","I","T","T","D","N","T","F","V","S","G","N","C","D","V","V","I","G","I","V","N","N","T","V","Y","D","P","L","Q","P","E","L","D","S","F","K","E","E","L","D","K","Y","F","K","N","H","T","S","P","D","V","D","L","G","D","I","S","G","I","N","A","S","V","V","N","I","Q","K","E","I","D","R","L","N","E","V","A","K","N","L","N","E","S","L","I","D","L","Q","E","L","G","K","Y","E","Q","Y","I","K","W","P","W","Y","I","W","L","G","F","I","A","G","L","I","A","I","V","M","V","T","I","M","L","C","C","M","T","S","C","C","S","C","L","K","G","C","C","S","C","G","S","C","C","K","F","D","E","D","D","S","E","P","V","L","K","G","V","K","L","H","Y","T","---"
"New.hCoV.19.Japan.PG.17256.2020","M","F","V","F","L","V","L","L","P","L","V","S","S","Q","C","V","N","L","T","T","R","T","Q","L","P","P","A","Y","T","N","S","F","T","R","G","V","Y","Y","P","D","K","V","F","R","S","S","V","L","H","S","T","Q","D","L","F","L","P","F","F","S","N","V","T","W","F","H","A","I","H","V","S","G","T","N","G","T","K","R","F","D","N","P","V","L","P","F","N","D","G","V","Y","F","A","S","T","E","K","S","N","I","I","R","G","W","I","F","G","T","T","L","D","S","K","T","Q","S","L","L","I","V","N","N","A","T","N","V","V","I","K","V","C","E","F","Q","F","C","N","D","P","F","L","G","V","Y","Y","H","K","N","N","K","S","W","M","E","S","E","F","R","V","Y","S","S","A","N","N","C","T","F","E","Y","V","S","Q","P","F","L","M","D","L","E","G","K","Q","G","N","F","K","N","L","R","E","F","V","F","K","N","I","D","G","Y","F","K","I","Y","S","K","H","T","P","I","N","L","V","R","D","L","P","Q","G","F","S","A","L","E","P","L","V","D","L","P","I","G","I","N","I","T","R","F","Q","T","L","L","A","L","H","R","S","Y","L","T","P","G","D","S","S","S","G","W","T","A","G","A","A","A","Y","Y","V","G","Y","L","Q","P","R","T","F","L","L","K","Y","N","E","N","G","T","I","T","D","A","V","D","C","A","L","D","P","L","S","E","T","K","C","T","L","K","S","F","T","V","E","K","G","I","Y","Q","T","S","N","F","R","V","Q","P","T","E","S","I","V","R","F","P","N","I","T","N","L","C","P","F","G","E","V","F","N","A","T","R","F","A","S","V","Y","A","W","N","R","K","R","I","S","N","C","V","A","D","Y","S","V","L","Y","N","S","A","S","F","S","T","F","K","C","Y","G","V","S","P","T","K","L","N","D","L","C","F","T","N","V","Y","A","D","S","F","V","I","R","G","D","E","V","R","Q","I","A","P","G","Q","T","G","K","I","A","D","Y","N","Y","K","L","P","D","D","F","T","G","C","V","I","A","W","N","S","N","N","L","D","S","K","V","G","G","N","Y","N","Y","L","Y","R","L","F","R","K","S","N","L","K","P","F","E","R","D","I","S","T","E","I","Y","Q","A","G","S","T","P","C","N","G","V","E","G","F","N","C","Y","F","P","L","Q","S","Y","G","F","Q","P","T","N","G","V","G","Y","Q","P","Y","R","V","V","V","L","S","F","E","L","L","H","A","P","A","T","V","C","G","P","K","K","S","T","N","L","V","K","N","K","C","V","N","F","N","F","N","G","L","T","G","T","G","V","L","T","E","S","N","K","K","F","L","P","F","Q","Q","F","G","R","D","I","A","D","T","T","D","A","V","R","D","P","Q","T","L","E","I","L","D","I","T","P","C","S","F","G","G","V","S","V","I","T","P","G","T","N","T","S","N","Q","V","A","V","L","Y","Q","G","V","N","C","T","E","V","P","V","A","I","H","A","D","Q","L","T","P","T","W","R","V","Y","S","T","G","S","N","V","F","Q","T","R","A","G","C","L","I","G","A","E","H","V","N","N","S","Y","E","C","D","I","P","I","G","A","G","I","C","A","S","Y","H","T","Q","T","N","S","P","R","R","A","R","S","V","A","S","Q","S","I","I","A","Y","T","M","S","L","G","A","E","N","S","V","A","Y","S","N","N","S","I","A","I","P","T","N","F","T","I","S","V","T","T","E","I","L","P","V","S","M","T","K","T","S","V","D","C","T","M","Y","I","C","G","D","S","T","E","C","S","N","L","L","L","Q","Y","G","S","F","C","T","Q","L","N","R","A","L","T","G","I","A","V","E","Q","D","K","N","T","Q","E","V","F","A","Q","V","K","Q","I","Y","K","T","P","P","I","K","D","F","G","G","F","N","F","S","Q","I","L","P","D","P","S","K","P","S","K","R","S","F","I","E","D","L","L","F","N","K","V","T","L","A","D","A","G","F","I","K","Q","Y","G","D","C","L","G","D","I","A","A","R","D","L","I","C","A","Q","K","F","N","G","L","T","V","L","P","P","L","L","T","D","E","M","I","A","Q","Y","T","S","A","L","L","A","G","T","I","T","S","G","W","T","F","G","A","G","A","A","L","Q","I","P","F","A","M","Q","M","A","Y","R","F","N","G","I","G","V","T","Q","N","V","L","Y","E","N","Q","K","L","I","A","N","Q","F","N","S","A","I","G","K","I","Q","D","S","L","S","S","T","A","S","A","L","G","K","L","Q","D","V","V","N","Q","N","A","Q","A","L","N","T","L","V","K","Q","L","S","S","N","F","G","A","I","S","S","V","L","N","D","I","L","S","R","L","D","K","V","E","A","E","V","Q","I","D","R","L","I","T","G","R","L","Q","S","L","Q","T","Y","V","T","Q","Q","L","I","R","A","A","E","I","R","A","S","A","N","L","A","A","T","K","M","S","E","C","V","L","G","Q","S","K","R","V","D","F","C","G","K","G","Y","H","L","M","S","F","P","Q","S","A","P","H","G","V","V","F","L","H","V","T","Y","V","P","A","Q","E","K","N","F","T","T","A","P","A","I","C","H","D","G","K","A","H","F","P","R","E","G","V","F","V","S","N","G","T","H","W","F","V","T","Q","R","N","F","Y","E","P","Q","I","I","T","T","D","N","T","F","V","S","G","N","C","D","V","V","I","G","I","V","N","N","T","V","Y","D","P","L","Q","P","E","L","D","S","F","K","E","E","L","D","K","Y","F","K","N","H","T","S","P","D","V","D","L","G","D","I","S","G","I","N","A","S","V","V","N","I","Q","K","E","I","D","R","L","N","E","V","A","K","N","L","N","E","S","L","I","D","L","Q","E","L","G","K","Y","E","Q","Y","I","K","W","P","W","Y","I","W","L","G","F","I","A","G","L","I","A","I","V","M","V","T","I","M","L","C","C","M","T","S","C","C","S","C","L","K","G","C","C","S","C","G","S","C","C","K","F","D","E","D","D","S","E","P","V","L","K","G","V","K","L","H","Y","T","---"
"New.hCoV.19.Japan.PG.11257.2020","M","F","V","F","L","V","L","L","P","L","V","S","S","Q","C","V","N","L","T","T","R","T","Q","L","P","P","A","Y","T","N","S","F","T","R","G","V","Y","Y","P","D","K","V","F","R","S","S","V","L","H","S","T","Q","D","L","F","L","P","F","F","S","N","V","T","W","F","H","A","I","H","V","S","G","T","N","G","T","K","R","F","D","N","P","V","L","P","F","N","D","G","V","Y","F","A","S","T","E","K","S","N","I","I","R","G","W","I","F","G","T","T","L","D","S","K","T","Q","S","L","L","I","V","N","N","A","T","N","V","V","I","K","V","C","E","F","Q","F","C","N","D","P","F","L","G","V","Y","Y","H","K","N","N","K","S","W","M","E","S","E","F","R","V","Y","S","S","A","N","N","C","T","F","E","Y","V","S","Q","P","F","L","M","D","L","E","G","K","Q","G","N","F","K","N","L","R","E","F","V","F","K","N","I","D","G","Y","F","K","I","Y","S","K","H","T","P","I","N","L","V","R","D","L","P","Q","G","F","S","A","L","E","P","L","V","D","L","P","I","G","I","N","I","T","R","F","Q","T","L","L","A","L","H","R","S","Y","L","T","P","G","D","S","S","S","G","W","T","A","G","A","A","A","Y","Y","V","G","Y","L","Q","P","R","T","F","L","L","K","Y","N","E","N","G","T","I","T","D","A","V","D","C","A","L","D","P","L","S","E","T","K","C","T","L","K","S","F","T","V","E","K","G","I","Y","Q","T","S","N","F","R","V","Q","P","T","E","S","I","V","R","F","P","N","I","T","N","L","C","P","F","G","E","V","F","N","A","T","R","F","A","S","V","Y","A","W","N","R","K","R","I","S","N","C","V","A","D","Y","S","V","L","Y","N","S","A","S","F","S","T","F","K","C","Y","G","V","S","P","T","K","L","N","D","L","C","F","T","N","V","Y","A","D","S","F","V","I","R","G","D","E","V","R","Q","I","A","P","G","Q","T","G","K","I","A","D","Y","N","Y","K","L","P","D","D","F","T","G","C","V","I","A","W","N","S","N","N","L","D","S","K","V","G","G","N","Y","N","Y","L","Y","R","L","F","R","K","S","N","L","K","P","F","E","R","D","I","S","T","E","I","Y","Q","A","G","S","T","P","C","N","G","V","E","G","F","N","C","Y","F","P","L","Q","S","Y","G","F","Q","P","T","N","G","V","G","Y","Q","P","Y","R","V","V","V","L","S","F","E","L","L","H","A","P","A","T","V","C","G","P","K","K","S","T","N","L","V","K","N","K","C","V","N","F","N","F","N","G","L","T","G","T","G","V","L","T","E","S","N","K","K","F","L","P","F","Q","Q","F","G","R","D","I","A","D","T","T","D","A","V","R","D","P","Q","T","L","E","I","L","D","I","T","P","C","S","F","G","G","V","S","V","I","T","P","G","T","N","T","S","N","Q","V","A","V","L","Y","Q","G","V","N","C","T","E","V","P","V","A","I","H","A","D","Q","L","T","P","T","W","R","V","Y","S","T","G","S","N","V","F","Q","T","R","A","G","C","L","I","G","A","E","H","V","N","N","S","Y","E","C","D","I","P","I","G","A","G","I","C","A","S","Y","Q","T","Q","T","N","S","P","R","R","A","R","S","V","A","S","Q","S","I","I","A","Y","T","M","S","L","G","A","E","N","S","V","A","Y","S","N","N","S","I","A","I","P","T","N","F","T","I","S","V","T","T","E","I","L","P","V","S","M","T","K","T","S","V","D","C","T","M","Y","I","C","G","D","S","T","E","C","S","N","L","L","L","Q","Y","G","S","F","C","T","Q","L","N","R","A","L","T","G","I","A","V","E","Q","D","K","N","T","Q","E","V","F","A","Q","V","K","Q","I","Y","K","T","P","P","I","K","D","F","G","G","F","N","F","S","Q","I","L","P","D","P","S","K","P","S","K","R","S","F","I","E","D","L","L","F","N","K","V","T","L","A","D","A","G","F","I","K","Q","Y","G","D","C","L","G","D","I","A","A","R","D","L","I","C","A","Q","K","F","N","G","L","T","V","L","P","P","L","L","T","D","E","M","I","A","Q","Y","T","S","A","L","L","A","G","T","I","T","S","G","W","T","F","G","A","G","A","A","L","Q","I","P","F","A","M","Q","M","A","Y","R","F","N","G","I","G","V","T","Q","N","V","L","Y","E","N","Q","K","L","I","A","N","Q","F","N","S","A","I","G","K","I","Q","D","S","L","S","S","T","A","S","A","L","G","K","L","Q","D","V","V","N","Q","N","A","Q","A","L","N","T","L","V","K","Q","L","S","S","N","F","G","A","I","S","S","V","L","N","D","I","L","S","R","L","D","K","V","E","A","E","V","Q","I","D","R","L","I","T","G","R","L","Q","S","L","Q","T","Y","V","T","Q","Q","L","I","R","A","A","E","I","R","A","S","A","N","L","A","A","T","K","M","S","E","C","V","L","G","Q","S","K","R","V","D","F","C","G","K","G","Y","H","L","M","S","F","P","Q","S","A","P","H","G","V","V","F","L","H","V","T","Y","V","P","A","Q","E","K","N","F","T","T","A","P","A","I","C","H","D","G","K","A","H","F","P","R","E","G","V","F","V","S","N","G","T","H","W","F","V","T","Q","R","N","F","Y","E","P","Q","I","I","T","T","D","N","T","F","V","S","G","N","C","D","V","V","I","G","I","V","N","N","T","V","Y","D","P","L","Q","P","E","L","D","S","F","K","E","E","L","D","K","Y","F","K","N","H","T","S","P","D","V","D","L","G","D","I","S","G","I","N","A","S","V","V","N","I","Q","K","E","I","D","R","L","N","E","V","A","K","N","L","N","E","S","L","I","D","L","Q","E","L","G","K","Y","E","Q","Y","I","K","W","P","W","Y","I","W","L","G","F","I","A","G","L","I","A","I","V","M","V","T","I","M","L","C","C","M","T","S","C","C","S","C","L","K","G","C","C","S","C","G","S","C","C","K","F","D","E","D","D","S","E","P","V","L","K","G","V","K","L","H","Y","T","---"
"New.hCoV.19.Japan.PG.13965.2020","M","F","V","F","L","V","L","L","P","L","V","S","S","Q","C","V","N","L","T","T","R","T","Q","L","P","P","A","Y","T","N","S","F","T","R","G","V","Y","Y","P","D","K","V","F","R","S","S","V","L","H","S","T","Q","D","L","F","L","P","F","F","S","N","V","T","W","F","H","A","I","H","V","S","G","T","N","G","T","K","R","F","D","N","P","V","L","P","F","N","D","G","V","Y","F","A","S","T","E","K","S","N","I","I","R","G","W","I","F","G","T","T","L","D","S","K","T","Q","S","L","L","I","V","N","N","A","T","N","V","V","I","K","V","C","E","F","Q","F","C","N","D","P","F","L","G","V","Y","Y","H","K","N","N","K","S","W","M","E","S","E","F","R","V","Y","S","S","A","N","N","C","T","F","E","Y","V","S","Q","P","F","L","M","D","L","E","G","K","Q","G","N","F","K","N","L","R","E","F","V","F","K","N","I","D","G","Y","F","K","I","Y","S","K","H","T","P","I","N","L","V","R","D","L","P","Q","G","F","S","A","L","E","P","L","V","D","L","P","I","G","I","N","I","T","R","F","Q","T","L","L","A","L","H","R","S","Y","L","T","P","G","D","S","S","S","G","W","T","A","G","A","A","A","Y","Y","V","G","Y","L","Q","P","R","T","F","L","L","K","Y","N","E","N","G","T","I","T","D","A","V","D","C","A","L","D","P","L","S","E","T","K","C","T","L","K","S","F","T","V","E","K","G","I","Y","Q","T","S","N","F","R","V","Q","P","T","E","S","I","V","R","F","P","N","I","T","N","L","C","P","F","G","E","V","F","N","A","T","R","F","A","S","V","Y","A","W","N","R","K","R","I","S","N","C","V","A","D","Y","S","V","L","Y","N","S","A","S","F","S","T","F","K","C","Y","G","V","S","P","T","K","L","N","D","L","C","F","T","N","V","Y","A","D","S","F","V","I","R","G","D","E","V","R","Q","I","A","P","G","Q","T","G","K","I","A","D","Y","N","Y","K","L","P","D","D","F","T","G","C","V","I","A","W","N","S","N","N","L","D","S","K","V","G","G","N","Y","N","Y","L","Y","R","L","F","R","K","S","N","L","K","P","F","E","R","D","I","S","T","E","I","Y","Q","A","G","S","T","P","C","N","G","V","E","G","F","N","C","Y","F","P","L","Q","S","Y","G","F","Q","P","T","N","G","V","G","Y","Q","P","Y","R","V","V","V","L","S","F","E","L","L","H","A","P","A","T","V","C","G","P","K","K","S","T","N","L","V","K","N","K","C","V","N","F","N","F","N","G","L","T","G","T","G","V","L","T","E","S","N","K","K","F","L","P","F","Q","Q","F","G","R","D","I","A","D","T","T","D","A","V","R","D","P","Q","T","L","E","I","L","D","I","T","P","C","S","F","G","G","V","S","V","I","T","P","G","T","N","T","S","N","Q","V","A","V","L","Y","Q","G","V","N","C","T","E","V","P","V","A","I","H","A","D","Q","L","T","P","T","W","R","V","Y","S","T","G","S","N","V","F","Q","T","R","A","G","C","L","I","G","A","E","H","V","N","N","S","Y","E","C","D","I","P","I","G","A","G","I","C","A","S","Y","Q","T","Q","T","N","S","P","R","R","A","R","S","V","A","S","Q","S","I","I","A","Y","T","M","S","L","G","A","E","N","S","V","A","Y","S","N","N","S","I","A","I","P","T","N","F","T","I","S","V","T","T","E","I","L","P","V","S","M","T","K","T","S","V","D","C","T","M","Y","I","C","G","D","S","T","E","C","S","N","L","L","L","Q","Y","G","S","F","C","T","Q","L","N","R","A","L","T","G","I","A","V","E","Q","D","K","N","T","Q","E","V","F","A","Q","V","K","Q","I","Y","K","T","P","P","I","K","D","F","G","G","F","N","F","S","Q","I","L","P","D","P","S","K","P","S","K","R","S","F","I","E","D","L","L","F","N","K","V","T","L","A","D","A","G","F","I","K","Q","Y","G","D","C","L","G","D","I","A","A","R","D","L","I","C","A","Q","K","F","N","G","L","T","V","L","P","P","L","L","T","D","E","M","I","A","Q","Y","T","S","A","L","L","A","G","T","I","T","S","G","W","T","F","G","A","G","A","A","L","Q","I","P","F","A","M","Q","M","A","Y","R","F","N","G","I","G","V","T","Q","N","V","L","Y","E","N","Q","K","L","I","A","N","Q","F","N","S","A","I","G","K","I","Q","D","S","L","S","S","T","A","S","A","L","G","K","L","Q","D","V","V","N","Q","N","A","Q","A","L","N","T","L","V","K","Q","L","S","S","N","F","G","A","I","S","S","V","L","N","D","I","L","S","R","L","D","K","V","E","A","E","V","Q","I","D","R","L","I","T","G","R","L","Q","S","L","Q","T","Y","V","T","Q","Q","L","I","R","A","A","E","I","R","A","S","A","N","L","A","A","T","K","M","S","E","C","V","L","G","Q","S","K","R","V","D","F","C","G","K","G","Y","H","L","M","S","F","P","Q","S","A","P","H","G","V","V","F","L","H","V","T","Y","V","P","A","Q","E","K","N","F","T","T","A","P","A","I","C","H","D","G","K","A","H","F","P","R","E","G","V","F","V","S","N","G","T","H","W","F","V","T","Q","R","N","F","Y","E","P","Q","I","I","T","T","D","N","T","F","V","S","G","N","C","D","V","V","I","G","I","V","N","N","T","V","Y","D","P","L","Q","P","E","L","D","S","F","K","E","E","L","D","K","Y","F","K","N","H","T","S","P","D","V","D","L","G","D","I","S","G","I","N","A","S","V","V","N","I","Q","K","E","I","D","R","L","N","E","V","A","K","N","L","N","E","S","L","I","D","L","Q","E","L","G","K","Y","E","Q","Y","I","K","W","P","W","Y","I","W","L","G","F","I","A","G","L","I","A","I","V","M","V","T","I","M","L","C","C","M","T","S","C","C","S","C","L","K","G","C","C","S","C","G","S","C","C","K","F","D","E","D","D","S","E","P","V","L","K","G","V","K","L","H","Y","T","---"
"New.hCoV.19.Japan.PG.13885.2020","M","F","V","F","L","V","L","L","P","L","V","S","S","Q","C","V","N","L","T","T","R","T","Q","L","P","P","A","Y","T","N","S","F","T","R","G","V","Y","Y","P","D","K","V","F","R","S","S","V","L","H","S","T","Q","D","L","F","L","P","F","F","S","N","V","T","W","F","H","A","I","H","V","S","G","T","N","G","T","K","R","F","D","N","P","V","L","P","F","N","D","G","V","Y","F","A","S","T","E","K","S","N","I","I","R","G","W","I","F","G","T","T","L","D","S","K","T","Q","S","L","L","I","V","N","N","A","T","N","V","V","I","K","V","C","E","F","Q","F","C","N","D","P","F","L","G","V","Y","Y","H","K","N","N","K","S","W","M","E","S","E","F","R","V","Y","S","S","A","N","N","C","T","F","E","Y","V","S","Q","P","F","L","M","D","L","E","G","K","Q","G","N","F","K","N","L","R","E","F","V","F","K","N","I","D","G","Y","F","K","I","Y","S","K","H","T","P","I","N","L","V","R","D","L","P","Q","G","F","S","A","L","E","P","L","V","D","L","P","I","G","I","N","I","T","R","F","Q","T","L","L","A","L","H","R","S","Y","L","T","P","G","D","S","S","S","G","W","T","A","G","A","A","A","Y","Y","V","G","Y","L","Q","P","R","T","F","L","L","K","Y","N","E","N","G","T","I","T","D","A","V","D","C","A","L","D","P","L","S","E","T","K","C","T","L","K","S","F","T","V","E","K","G","I","Y","Q","T","S","N","F","R","V","Q","P","T","E","S","I","V","R","F","P","N","I","T","N","L","C","P","F","G","E","V","F","N","A","T","R","F","A","S","V","Y","A","W","N","R","K","R","I","S","N","C","V","A","D","Y","S","V","L","Y","N","S","A","S","F","S","T","F","K","C","Y","G","V","S","P","T","K","L","N","D","L","C","F","T","N","V","Y","A","D","S","F","V","I","R","G","D","E","V","R","Q","I","A","P","G","Q","T","G","K","I","A","D","Y","N","Y","K","L","P","D","D","F","T","G","C","V","I","A","W","N","S","N","N","L","D","S","K","V","G","G","N","Y","N","Y","L","Y","R","L","F","R","K","S","N","L","K","P","F","E","R","D","I","S","T","E","I","Y","Q","A","G","S","T","P","C","N","G","V","E","G","F","N","C","Y","F","P","L","Q","S","Y","G","F","Q","P","T","N","G","V","G","Y","Q","P","Y","R","V","V","V","L","S","F","E","L","L","H","A","P","A","T","V","C","G","P","K","K","S","T","N","L","V","K","N","K","C","V","N","F","N","F","N","G","L","T","G","T","G","V","L","T","E","S","N","K","K","F","L","P","F","Q","Q","F","G","R","D","I","A","D","T","T","D","A","V","R","D","P","Q","T","L","E","I","L","D","I","T","P","C","S","F","G","G","V","S","V","I","T","P","G","T","N","T","S","N","Q","V","A","V","L","Y","Q","G","V","N","C","T","E","V","P","V","A","I","H","A","D","Q","L","T","P","T","W","R","V","Y","S","T","G","S","N","V","F","Q","T","R","A","G","C","L","I","G","A","E","H","V","N","N","S","Y","E","C","D","I","P","I","G","A","G","I","C","A","S","Y","Q","T","Q","T","N","S","P","R","R","A","R","S","V","A","S","Q","S","I","I","A","Y","T","M","S","L","G","A","E","N","S","V","A","Y","S","N","N","S","I","A","I","P","T","N","F","T","I","S","V","T","T","E","I","L","P","V","S","M","T","K","T","S","V","D","C","T","M","Y","I","C","G","D","S","T","E","C","S","N","L","L","L","Q","Y","G","S","F","C","T","Q","L","N","R","A","L","T","G","I","A","V","E","Q","D","K","N","T","Q","E","V","F","A","Q","V","K","Q","I","Y","K","T","P","P","I","K","D","F","G","G","F","N","F","S","Q","I","L","P","D","P","S","K","P","S","K","R","S","F","I","E","D","L","L","F","N","K","V","T","L","A","D","A","G","F","I","K","Q","Y","G","D","C","L","G","D","I","A","A","R","D","L","I","C","A","Q","K","F","N","G","L","T","V","L","P","P","L","L","T","D","E","M","I","A","Q","Y","T","S","A","L","L","A","G","T","I","T","S","G","W","T","F","G","A","G","A","A","L","Q","I","P","F","A","M","Q","M","A","Y","R","F","N","G","I","G","V","T","Q","N","V","L","Y","E","N","Q","K","L","I","A","N","Q","F","N","S","A","I","G","K","I","Q","D","S","L","S","S","T","A","S","A","L","G","K","L","Q","D","V","V","N","Q","N","A","Q","A","L","N","T","L","V","K","Q","L","S","S","N","F","G","A","I","S","S","V","L","N","D","I","L","S","R","L","D","K","V","E","A","E","V","Q","I","D","R","L","I","T","G","R","L","Q","S","L","Q","T","Y","V","T","Q","Q","L","I","R","A","A","E","I","R","A","S","A","N","L","A","A","T","K","M","S","E","C","V","L","G","Q","S","K","R","V","D","F","C","G","K","G","Y","H","L","M","S","F","P","Q","S","A","P","H","G","V","V","F","L","H","V","T","Y","V","P","A","Q","E","K","N","F","T","T","A","P","A","I","C","H","D","G","K","A","H","F","P","R","E","G","V","F","V","S","N","G","T","H","W","F","V","T","Q","R","N","F","Y","E","P","Q","I","I","T","T","D","N","T","F","V","S","G","N","C","D","V","V","I","G","I","V","N","N","T","V","Y","D","P","L","Q","P","E","L","D","S","F","K","E","E","L","D","K","Y","F","K","N","H","T","S","P","D","V","D","L","G","D","I","S","G","I","N","A","S","V","V","N","I","Q","K","E","I","D","R","L","N","E","V","A","K","N","L","N","E","S","L","I","D","L","Q","E","L","G","K","Y","E","Q","Y","I","K","W","P","W","Y","I","W","L","G","F","I","A","G","L","I","A","I","V","M","V","T","I","M","L","C","C","M","T","S","C","C","S","C","L","K","G","C","C","S","C","G","S","C","C","K","F","D","E","D","D","S","E","P","V","L","K","G","V","K","L","H","Y","T","---"
"New.hCoV.19.Japan.PG.12805.2020","M","F","V","F","L","V","L","L","P","L","V","S","S","Q","C","V","N","L","T","T","R","T","Q","L","P","P","A","Y","T","N","S","F","T","R","G","V","Y","Y","P","D","K","V","F","R","S","S","V","L","H","S","T","Q","D","L","F","L","P","F","F","S","N","V","T","W","F","H","A","I","H","V","S","G","T","N","G","T","K","R","F","D","N","P","V","L","P","F","N","D","G","V","Y","F","A","S","T","E","K","S","N","I","I","R","G","W","I","F","G","T","T","L","D","S","K","T","Q","S","L","L","I","V","N","N","A","T","N","V","V","I","K","V","C","E","F","Q","F","C","N","D","P","F","L","G","V","Y","Y","H","K","N","N","K","S","W","M","E","S","E","F","R","V","Y","S","S","A","N","N","C","T","F","E","Y","V","S","Q","P","F","L","M","D","L","E","G","K","Q","G","N","F","K","N","L","R","E","F","V","F","K","N","I","D","G","Y","F","K","I","Y","S","K","H","T","P","I","N","L","V","R","D","L","P","Q","G","F","S","A","L","E","P","L","V","D","L","P","I","G","I","N","I","T","R","F","Q","T","L","L","A","L","H","R","S","Y","L","T","P","G","D","S","S","S","G","W","T","A","G","A","A","A","Y","Y","V","G","Y","L","Q","P","R","T","F","L","L","K","Y","N","E","N","G","T","I","T","D","A","V","D","C","A","L","D","P","L","S","E","T","K","C","T","L","K","S","F","T","V","E","K","G","I","Y","Q","T","S","N","F","R","V","Q","P","T","E","S","I","V","R","F","P","N","I","T","N","L","C","P","F","G","E","V","F","N","A","T","R","F","A","S","V","Y","A","W","N","R","K","R","I","S","N","C","V","A","D","Y","S","V","L","Y","N","S","A","S","F","S","T","F","K","C","Y","G","V","S","P","T","K","L","N","D","L","C","F","T","N","V","Y","A","D","S","F","V","I","R","G","D","E","V","R","Q","I","A","P","G","Q","T","G","K","I","A","D","Y","N","Y","K","L","P","D","D","F","T","G","C","V","I","A","W","N","S","N","N","L","D","S","K","V","G","G","N","Y","N","Y","L","Y","R","L","F","R","K","S","N","L","K","P","F","E","R","D","I","S","T","E","I","Y","Q","A","G","S","T","P","C","N","G","V","E","G","F","N","C","Y","F","P","L","Q","S","Y","G","F","Q","P","T","N","G","V","G","Y","Q","P","Y","R","V","V","V","L","S","F","E","L","L","H","A","P","A","T","V","C","G","P","K","K","S","T","N","L","V","K","N","K","C","V","N","F","N","F","N","G","L","T","G","T","G","V","L","T","E","S","N","K","K","F","L","P","F","Q","Q","F","G","R","D","I","A","D","T","T","D","A","V","R","D","P","Q","T","L","E","I","L","D","I","T","P","C","S","F","G","G","V","S","V","I","T","P","G","T","N","T","S","N","Q","V","A","V","L","Y","Q","G","V","N","C","T","E","V","P","V","A","I","H","A","D","Q","L","T","P","T","W","R","V","Y","S","T","G","S","N","V","F","Q","T","R","A","G","C","L","I","G","A","E","H","V","N","N","S","Y","E","C","D","I","P","I","G","A","G","I","C","A","S","Y","H","T","Q","T","N","S","P","R","R","A","R","S","V","A","S","Q","S","I","I","A","Y","T","M","S","L","G","A","E","N","S","V","A","Y","S","N","N","S","I","A","I","P","T","N","F","T","I","S","V","T","T","E","I","L","P","V","S","M","T","K","T","S","V","D","C","T","M","Y","I","C","G","D","S","T","E","C","S","N","L","L","L","Q","Y","G","S","F","C","T","Q","L","N","R","A","L","T","G","I","A","V","E","Q","D","K","N","T","Q","E","V","F","A","Q","V","K","Q","I","Y","K","T","P","P","I","K","D","F","G","G","F","N","F","S","Q","I","L","P","D","P","S","K","P","S","K","R","S","F","I","E","D","L","L","F","N","K","V","T","L","A","D","A","G","F","I","K","Q","Y","G","D","C","L","G","D","I","A","A","R","D","L","I","C","A","Q","K","F","N","G","L","T","V","L","P","P","L","L","T","D","E","M","I","A","Q","Y","T","S","A","L","L","A","G","T","I","T","S","G","W","T","F","G","A","G","A","A","L","Q","I","P","F","A","M","Q","M","A","Y","R","F","N","G","I","G","V","T","Q","N","V","L","Y","E","N","Q","K","L","I","A","N","Q","F","N","S","A","I","G","K","I","Q","Y","S","L","S","S","T","A","S","A","L","G","K","L","Q","D","V","V","N","Q","N","A","Q","A","L","N","T","L","V","K","Q","L","S","S","N","F","G","A","I","S","S","V","L","N","D","I","L","S","R","L","D","K","V","E","A","E","V","Q","I","D","R","L","I","T","G","R","L","Q","S","L","Q","T","Y","V","T","Q","Q","L","I","R","A","A","E","I","R","A","S","A","N","L","A","A","T","K","M","S","E","C","V","L","G","Q","S","K","R","V","D","F","C","G","K","G","Y","H","L","M","S","F","P","Q","S","A","P","H","G","V","V","F","L","H","V","T","Y","V","P","A","Q","E","K","N","F","T","T","A","P","A","I","C","H","D","G","K","A","H","F","P","R","E","G","V","F","V","S","N","G","T","H","W","F","V","T","Q","R","N","F","Y","E","P","Q","I","I","T","T","D","N","T","F","V","S","G","N","C","D","V","V","I","G","I","V","N","N","T","V","Y","D","P","L","Q","P","E","L","D","S","F","K","E","E","L","D","K","Y","F","K","N","H","T","S","P","D","V","D","L","G","D","I","S","G","I","N","A","S","V","V","N","I","Q","K","E","I","D","R","L","N","E","V","A","K","N","L","N","E","S","L","I","D","L","Q","E","L","G","K","Y","E","Q","Y","I","K","W","P","W","Y","I","W","L","G","F","I","A","G","L","I","A","I","V","M","V","T","I","M","L","C","C","M","T","S","C","C","S","C","L","K","G","C","C","S","C","G","S","C","C","K","F","D","E","D","D","S","E","P","V","L","K","G","V","K","L","H","Y","T","---"
"New.hCoV.19.Japan.PG.12638.2020","M","F","V","F","L","V","L","L","P","L","V","S","S","Q","C","V","N","L","T","T","R","T","Q","L","P","P","A","Y","T","N","S","F","T","R","G","V","Y","Y","P","D","K","V","F","R","S","S","V","L","H","S","T","Q","D","L","F","L","P","F","F","S","N","V","T","W","F","H","A","I","H","V","S","G","T","N","G","T","K","R","F","D","N","P","V","L","P","F","N","D","G","V","Y","F","A","S","T","E","K","S","N","I","I","R","G","W","I","F","G","T","T","L","D","S","K","T","Q","S","L","L","I","V","N","N","A","T","N","V","V","I","K","V","C","E","F","Q","F","C","N","D","P","F","L","G","V","Y","Y","H","K","N","N","K","S","W","M","E","S","E","F","R","V","Y","S","S","A","N","N","C","T","F","E","Y","V","S","Q","P","F","L","M","D","L","E","G","K","Q","G","N","F","K","N","L","R","E","F","V","F","K","N","I","D","G","Y","F","K","I","Y","S","K","H","T","P","I","N","L","V","R","D","L","P","Q","G","F","S","A","L","E","P","L","V","D","L","P","I","G","I","N","I","T","R","F","Q","T","L","L","A","L","H","R","S","Y","L","T","P","G","D","S","S","S","G","W","T","A","G","A","A","A","Y","Y","V","G","Y","L","Q","P","R","T","F","L","L","K","Y","N","E","N","G","T","I","T","D","A","V","D","C","A","L","D","P","L","S","E","T","K","C","T","L","K","S","F","T","V","E","K","G","I","Y","Q","T","S","N","F","R","V","Q","P","T","E","S","I","V","R","F","P","N","I","T","N","L","C","P","F","G","E","V","F","N","A","T","R","F","A","S","V","Y","A","W","N","R","K","R","I","S","N","C","V","A","D","Y","S","V","L","Y","N","S","A","S","F","S","T","F","K","C","Y","G","V","S","P","T","K","L","N","D","L","C","F","T","N","V","Y","A","D","S","F","V","I","R","G","D","E","V","R","Q","I","A","P","G","Q","T","G","K","I","A","D","Y","N","Y","K","L","P","D","D","F","T","G","C","V","I","A","W","N","S","N","N","L","D","S","K","V","G","G","N","Y","N","Y","L","Y","R","L","F","R","K","S","N","L","K","P","F","E","R","D","I","S","T","E","I","Y","Q","A","G","S","T","P","C","N","G","V","E","G","F","N","C","Y","F","P","L","Q","S","Y","G","F","Q","P","T","N","G","V","G","Y","Q","P","Y","R","V","V","V","L","S","F","E","L","L","H","A","P","A","T","V","C","G","P","K","K","S","T","N","L","V","K","N","K","C","V","N","F","N","F","N","G","L","T","G","T","G","V","L","T","E","S","N","K","K","F","L","P","F","Q","Q","F","G","R","D","I","A","D","T","T","D","A","V","R","D","P","Q","T","L","E","I","L","D","I","T","P","C","S","F","G","G","V","S","V","I","T","P","G","T","N","T","S","N","Q","V","A","V","L","Y","Q","G","V","N","C","T","E","V","P","V","A","I","H","A","D","Q","L","T","P","T","W","R","V","Y","S","T","G","S","N","V","F","Q","T","R","A","G","C","L","I","G","A","E","H","V","N","N","S","Y","E","C","D","I","P","I","G","A","G","I","C","A","S","Y","Q","T","Q","T","N","S","P","R","R","A","R","S","V","A","S","Q","S","I","I","A","Y","T","M","S","L","G","A","E","N","S","V","A","Y","S","N","N","S","I","A","I","P","T","N","F","T","I","S","V","T","T","E","I","L","P","V","S","M","T","K","T","S","V","D","C","T","M","Y","I","C","G","D","S","T","E","C","S","N","L","L","L","Q","Y","G","S","F","C","T","Q","L","N","R","A","L","T","G","I","A","V","E","Q","D","K","N","T","Q","E","V","F","A","Q","V","K","Q","I","Y","K","T","P","P","I","K","D","F","G","G","F","N","F","S","Q","I","L","P","D","P","S","K","P","S","K","R","S","F","I","E","D","L","L","F","N","K","V","T","L","A","D","A","G","F","I","K","Q","Y","G","D","C","L","G","D","I","A","A","R","D","L","I","C","A","Q","K","F","N","G","L","T","V","L","P","P","L","L","T","D","E","M","I","A","Q","Y","T","S","A","L","L","A","G","T","I","T","S","G","W","T","F","G","A","G","A","A","L","Q","I","P","F","A","M","Q","M","A","Y","R","F","N","G","I","G","V","T","Q","N","V","L","Y","E","N","Q","K","L","I","A","N","Q","F","N","S","A","I","G","K","I","Q","D","S","L","S","S","T","A","S","A","L","G","K","L","Q","D","V","V","N","Q","N","A","Q","A","L","N","T","L","V","K","Q","L","S","S","N","F","G","A","I","S","S","V","L","N","D","I","L","S","R","L","D","K","V","E","A","E","V","Q","I","D","R","L","I","T","G","R","L","Q","S","L","Q","T","Y","V","T","Q","Q","L","I","R","A","A","E","I","R","A","S","A","N","L","A","A","T","K","M","S","E","C","V","L","G","Q","S","K","R","V","D","F","C","G","K","G","Y","H","L","M","S","F","P","Q","S","A","P","H","G","V","V","F","L","H","V","T","Y","V","P","A","Q","E","K","N","F","T","T","A","P","A","I","C","H","D","G","K","A","H","F","P","R","E","G","V","F","V","S","N","G","T","H","W","F","V","T","Q","R","N","F","Y","E","P","Q","I","I","T","T","D","N","T","F","V","S","G","N","C","D","V","V","I","G","I","V","N","N","T","V","Y","D","P","L","Q","P","E","L","D","S","F","K","E","E","L","D","K","Y","F","K","N","H","T","S","P","D","V","D","L","G","D","I","S","G","I","N","A","S","V","V","N","I","Q","K","E","I","D","R","L","N","E","V","A","K","N","L","N","E","S","L","I","D","L","Q","E","L","G","K","Y","E","Q","Y","I","K","W","P","W","Y","I","W","L","G","F","I","A","G","L","I","A","I","V","M","V","T","I","M","L","C","C","M","T","S","C","C","S","C","L","K","G","C","C","S","C","G","S","C","C","K","F","D","E","D","D","S","E","P","V","L","K","G","V","K","L","H","Y","T","---"
"New.hCoV.19.Japan.PG.12332.2020","M","F","V","F","L","V","L","L","P","L","V","S","S","Q","C","V","N","L","T","T","R","T","Q","L","P","P","A","Y","T","N","S","F","T","R","G","V","Y","Y","P","D","K","V","F","R","S","S","V","L","H","S","T","Q","D","L","F","L","P","F","F","S","N","V","T","W","F","H","A","I","H","V","S","G","T","N","G","T","K","R","F","D","N","P","V","L","P","F","N","D","G","V","Y","F","A","S","T","E","K","S","N","I","I","R","G","W","I","F","G","T","T","L","D","S","K","T","Q","S","L","L","I","V","N","N","A","T","N","V","V","I","K","V","C","E","F","Q","F","C","N","D","P","F","L","G","V","Y","Y","H","K","N","N","K","S","W","M","E","S","E","F","R","V","Y","S","S","A","N","N","C","T","F","E","Y","V","S","Q","P","F","L","M","D","L","E","G","K","Q","G","N","F","K","N","L","R","E","F","V","F","K","N","I","D","G","Y","F","K","I","Y","S","K","H","T","P","I","N","L","V","R","D","L","P","Q","G","F","S","A","L","E","P","L","V","D","L","P","I","G","I","N","I","T","R","F","Q","T","L","L","A","L","H","R","S","Y","L","T","P","G","D","S","S","S","G","W","T","A","G","A","A","A","Y","Y","V","G","Y","L","Q","P","R","T","F","L","L","K","Y","N","E","N","G","T","I","T","D","A","V","D","C","A","L","D","P","L","S","E","T","K","C","T","L","K","S","F","T","V","E","K","G","I","Y","Q","T","S","N","F","R","V","Q","P","T","E","S","I","V","R","F","P","N","I","T","N","L","C","P","F","G","E","V","F","N","A","T","R","F","A","S","V","Y","A","W","N","R","K","R","I","S","N","C","V","A","D","Y","S","V","L","Y","N","S","A","S","F","S","T","F","K","C","Y","G","V","S","P","T","K","L","N","D","L","C","F","T","N","V","Y","A","D","S","F","V","I","R","G","D","E","V","R","Q","I","A","P","G","Q","T","G","K","I","A","D","Y","N","Y","K","L","P","D","D","F","T","G","C","V","I","A","W","N","S","N","N","L","D","S","K","V","G","G","N","Y","N","Y","L","Y","R","L","F","R","K","S","N","L","K","P","F","E","R","D","I","S","T","E","I","Y","Q","A","G","S","T","P","C","N","G","V","E","G","F","N","C","Y","F","P","L","Q","S","Y","G","F","Q","P","T","N","G","V","G","Y","Q","P","Y","R","V","V","V","L","S","F","E","L","L","H","A","P","A","T","V","C","G","P","K","K","S","T","N","L","V","K","N","K","C","V","N","F","N","F","N","G","L","T","G","T","G","V","L","T","E","S","N","K","K","F","L","P","F","Q","Q","F","G","R","D","I","A","D","T","T","D","A","V","R","D","P","Q","T","L","E","I","L","D","I","T","P","C","S","F","G","G","V","S","V","I","T","P","G","T","N","T","S","N","Q","V","A","V","L","Y","Q","G","V","N","C","T","E","V","P","V","A","I","H","A","D","Q","L","T","P","T","W","R","V","Y","S","T","G","S","N","V","F","Q","T","R","A","G","C","L","I","G","A","E","H","V","N","N","S","Y","E","C","D","I","P","I","G","A","G","I","C","A","S","Y","H","T","Q","T","N","S","P","R","R","A","R","S","V","A","S","Q","S","I","I","A","Y","T","M","S","L","G","A","E","N","S","V","A","Y","S","N","N","S","I","A","I","P","T","N","F","T","I","S","V","T","T","E","I","L","P","V","S","M","T","K","T","S","V","D","C","T","M","Y","I","C","G","D","S","T","E","C","S","N","L","L","L","Q","Y","G","S","F","C","T","Q","L","N","R","A","L","T","G","I","A","V","E","Q","D","K","N","T","Q","E","V","F","A","Q","V","K","Q","I","Y","K","T","P","P","I","K","D","F","G","G","F","N","F","S","Q","I","L","P","D","P","S","K","P","S","K","R","S","F","I","E","D","L","L","F","N","K","V","T","L","A","D","A","G","F","I","K","Q","Y","G","D","C","L","G","D","I","A","A","R","D","L","I","C","A","Q","K","F","N","G","L","T","V","L","P","P","L","L","T","D","E","M","I","A","Q","Y","T","S","A","L","L","A","G","T","I","T","S","G","W","T","F","G","A","G","A","A","L","Q","I","P","F","A","M","Q","M","A","Y","R","F","N","G","I","G","V","T","Q","N","V","L","Y","E","N","Q","K","L","I","A","N","Q","F","N","S","A","I","G","K","I","Q","D","S","L","S","S","T","A","S","A","L","G","K","L","Q","D","V","V","N","Q","N","A","Q","A","L","N","T","L","V","K","Q","L","S","S","N","F","G","A","I","S","S","V","L","N","D","I","L","S","R","L","D","K","V","E","A","E","V","Q","I","D","R","L","I","T","G","R","L","Q","S","L","Q","T","Y","V","T","Q","Q","L","I","R","A","A","E","I","R","A","S","A","N","L","A","A","T","K","M","S","E","C","V","L","G","Q","S","K","R","V","D","F","C","G","K","G","Y","H","L","M","S","F","P","Q","S","A","P","H","G","V","V","F","L","H","V","T","Y","V","P","A","Q","E","K","N","F","T","T","A","P","A","I","C","H","D","G","K","A","H","F","P","R","E","G","V","F","V","S","N","G","T","H","W","F","V","T","Q","R","N","F","Y","E","P","Q","I","I","T","T","D","N","T","F","V","S","G","N","C","D","V","V","I","G","I","V","N","N","T","V","Y","D","P","L","Q","P","E","L","D","S","F","K","E","E","L","D","K","Y","F","K","N","H","T","S","P","D","V","D","L","G","D","I","S","G","I","N","A","S","V","V","N","I","Q","K","E","I","D","R","L","N","E","V","A","K","N","L","N","E","S","L","I","D","L","Q","E","L","G","K","Y","E","Q","Y","I","K","W","P","W","Y","I","W","L","G","F","I","A","G","L","I","A","I","V","M","V","T","I","M","L","C","C","M","T","S","C","C","S","C","L","K","G","C","C","S","C","G","S","C","C","K","F","D","E","D","D","S","E","P","V","L","K","G","V","K","L","H","Y","T","---"
"New.hCoV.19.Japan.PG.11984.2020","M","F","V","F","L","V","L","L","P","L","V","S","S","Q","C","V","N","L","T","T","R","T","Q","L","P","P","A","Y","T","N","S","F","T","R","G","V","Y","Y","P","D","K","V","F","R","S","S","V","L","H","S","T","Q","D","L","F","L","P","F","F","S","N","V","T","W","F","H","A","I","H","V","S","G","T","N","G","T","K","R","F","D","N","P","V","L","P","F","N","D","G","V","Y","F","A","S","T","E","K","S","N","I","I","R","G","W","I","F","G","T","T","L","D","S","K","T","Q","S","L","L","I","V","N","N","A","T","N","V","V","I","K","V","C","E","F","Q","F","C","N","D","P","F","L","G","V","Y","Y","H","K","N","N","K","S","W","M","E","S","E","F","R","V","Y","S","S","A","N","N","C","T","F","E","Y","V","S","Q","P","F","L","M","D","L","E","G","K","Q","G","N","F","K","N","L","R","E","F","V","F","K","N","I","D","G","Y","F","K","I","Y","S","K","H","T","P","I","N","L","V","R","D","L","P","Q","G","F","S","A","L","E","P","L","V","D","L","P","I","G","I","N","I","T","R","F","Q","T","L","L","A","L","H","R","S","Y","L","T","P","G","D","S","S","S","G","W","T","A","G","A","A","A","Y","Y","V","G","Y","L","Q","P","R","T","F","L","L","K","Y","N","E","N","G","T","I","T","D","A","V","D","C","A","L","D","P","L","S","E","T","K","C","T","L","K","S","F","T","V","E","K","G","I","Y","Q","T","S","N","F","R","V","Q","P","T","E","S","I","V","R","F","P","N","I","T","N","L","C","P","F","G","E","V","F","N","A","T","R","F","A","S","V","Y","A","W","N","R","K","R","I","S","N","C","V","A","D","Y","S","V","L","Y","N","S","A","S","F","S","T","F","K","C","Y","G","V","S","P","T","K","L","N","D","L","C","F","T","N","V","Y","A","D","S","F","V","I","R","G","D","E","V","R","Q","I","A","P","G","Q","T","G","K","I","A","D","Y","N","Y","K","L","P","D","D","F","T","G","C","V","I","A","W","N","S","N","N","L","D","S","K","V","G","G","N","Y","N","Y","L","Y","R","L","F","R","K","S","N","L","K","P","F","E","R","D","I","S","T","E","I","Y","Q","A","G","S","T","P","C","N","G","V","E","G","F","N","C","Y","F","P","L","Q","S","Y","G","F","Q","P","T","N","G","V","G","Y","Q","P","Y","R","V","V","V","L","S","F","E","L","L","H","A","P","A","T","V","C","G","P","K","K","S","T","N","L","V","K","N","K","C","V","N","F","N","F","N","G","L","T","G","T","G","V","L","T","E","S","N","K","K","F","L","P","F","Q","Q","F","G","R","D","I","A","D","T","T","D","A","V","R","D","P","Q","T","L","E","I","L","D","I","T","P","C","S","F","G","G","V","S","V","I","T","P","G","T","N","T","S","N","Q","V","A","V","L","Y","Q","G","V","N","C","T","E","V","P","V","A","I","H","A","D","Q","L","T","P","T","W","R","V","Y","S","T","G","S","N","V","F","Q","T","R","A","G","C","L","I","G","A","E","H","V","N","N","S","Y","E","C","D","I","P","I","G","A","G","I","C","A","S","Y","Q","T","Q","T","N","S","P","R","R","A","R","S","V","A","S","Q","S","I","I","A","Y","T","M","S","L","G","A","E","N","S","V","A","Y","S","N","N","S","I","A","I","P","T","N","F","T","I","S","V","T","T","E","I","L","P","V","S","M","T","K","T","S","V","D","C","T","M","Y","I","C","G","D","S","T","E","C","S","N","L","L","L","Q","Y","G","S","F","C","T","Q","L","N","R","A","L","T","G","I","A","V","E","Q","D","K","N","T","Q","E","V","F","A","Q","V","K","Q","I","Y","K","T","P","P","I","K","D","F","G","G","F","N","F","S","Q","I","L","P","D","P","S","K","P","S","K","R","S","F","I","E","D","L","L","F","N","K","V","T","L","A","D","A","G","F","I","K","Q","Y","G","D","C","L","G","D","I","A","A","R","D","L","I","C","A","Q","K","F","N","G","L","T","V","L","P","P","L","L","T","D","E","M","I","A","Q","Y","T","S","A","L","L","A","G","T","I","T","S","G","W","T","F","G","A","G","A","A","L","Q","I","P","F","A","M","Q","M","A","Y","R","F","N","G","I","G","V","T","Q","N","V","L","Y","E","N","Q","K","L","I","A","N","Q","F","N","S","A","I","G","K","I","Q","D","S","L","S","S","T","A","S","A","L","G","K","L","Q","D","V","V","N","Q","N","A","Q","A","L","N","T","L","V","K","Q","L","S","S","N","F","G","A","I","S","S","V","L","N","D","I","L","S","R","L","D","K","V","E","A","E","V","Q","I","D","R","L","I","T","G","R","L","Q","S","L","Q","T","Y","V","T","Q","Q","L","I","R","A","A","E","I","R","A","S","A","N","L","A","A","T","K","M","S","E","C","V","L","G","Q","S","K","R","V","D","F","C","G","K","G","Y","H","L","M","S","F","P","Q","S","A","P","H","G","V","V","F","L","H","V","T","Y","V","P","A","Q","E","K","N","F","T","T","A","P","A","I","C","H","D","G","K","A","H","F","P","R","E","G","V","F","V","S","N","G","T","H","W","F","V","T","Q","R","N","F","Y","E","P","Q","I","I","T","T","D","N","T","F","V","S","G","N","C","D","V","V","I","G","I","V","N","N","T","V","Y","D","P","L","Q","P","E","L","D","S","F","K","E","E","L","D","K","Y","F","K","N","H","T","S","P","D","V","D","L","G","D","I","S","G","I","N","A","S","V","V","N","I","Q","K","E","I","D","R","L","N","E","V","A","K","N","L","N","E","S","L","I","D","L","Q","E","L","G","K","Y","E","Q","Y","I","K","W","P","W","Y","I","W","L","G","F","I","A","G","L","I","A","I","V","M","V","T","I","M","L","C","C","M","T","S","C","C","S","C","L","K","G","C","C","S","C","G","S","C","C","K","F","D","E","D","D","S","E","P","V","L","K","G","V","K","L","H","Y","T","---"
"New.hCoV.19.Japan.PG.11889.2020","M","F","V","F","L","V","L","L","P","L","V","S","S","Q","C","V","N","L","T","T","R","T","Q","L","P","P","A","Y","T","N","S","F","T","R","G","V","Y","Y","P","D","K","V","F","R","S","S","V","L","H","S","T","Q","D","L","F","L","P","F","F","S","N","V","T","W","F","H","A","I","H","V","S","G","T","N","G","T","K","R","F","D","N","P","V","L","P","F","N","D","G","V","Y","F","A","S","T","E","K","S","N","I","I","R","G","W","I","F","G","T","T","L","D","S","K","T","Q","S","L","L","I","V","N","N","A","T","N","V","V","I","K","V","C","E","F","Q","F","C","N","D","P","F","L","G","V","Y","Y","H","K","N","N","K","S","W","M","E","S","E","F","R","V","Y","S","S","A","N","N","C","T","F","E","Y","V","S","Q","P","F","L","M","D","L","E","G","K","Q","G","N","F","K","N","L","R","E","F","V","F","K","N","I","D","G","Y","F","K","I","Y","S","K","H","T","P","I","N","L","V","R","D","L","P","Q","G","F","S","A","L","E","P","L","V","D","L","P","I","G","I","N","I","T","R","F","Q","T","L","L","A","L","H","R","S","Y","L","T","P","G","D","S","S","S","G","W","T","A","G","A","A","A","Y","Y","V","G","Y","L","Q","P","R","T","F","L","L","K","Y","N","E","N","G","T","I","T","D","A","V","D","C","A","L","D","P","L","S","E","T","K","C","T","L","K","S","F","T","V","E","K","G","I","Y","Q","T","S","N","F","R","V","Q","P","T","E","S","I","V","R","F","P","N","I","T","N","L","C","P","F","G","E","V","F","N","A","T","R","F","A","S","V","Y","A","W","N","R","K","R","I","S","N","C","V","A","D","Y","S","V","L","Y","N","S","A","S","F","S","T","F","K","C","Y","G","V","S","P","T","K","L","N","D","L","C","F","T","N","V","Y","A","D","S","F","V","I","R","G","D","E","V","R","Q","I","A","P","G","Q","T","G","K","I","A","D","Y","N","Y","K","L","P","D","D","F","T","G","C","V","I","A","W","N","S","N","N","L","D","S","K","V","G","G","N","Y","N","Y","L","Y","R","L","F","R","K","S","N","L","K","P","F","E","R","D","I","S","T","E","I","Y","Q","A","G","S","T","P","C","N","G","V","E","G","F","N","C","Y","F","P","L","Q","S","Y","G","F","Q","P","T","N","G","V","G","Y","Q","P","Y","R","V","V","V","L","S","F","E","L","L","H","A","P","A","T","V","C","G","P","K","K","S","T","N","L","V","K","N","K","C","V","N","F","N","F","N","G","L","T","G","T","G","V","L","T","E","S","N","K","K","F","L","P","F","Q","Q","F","G","R","D","I","A","D","T","T","D","A","V","R","D","P","Q","T","L","E","I","L","D","I","T","P","C","S","F","G","G","V","S","V","I","T","P","G","T","N","T","S","N","Q","V","A","V","L","Y","Q","G","V","N","C","T","E","V","P","V","A","I","H","A","D","Q","L","T","P","T","W","R","V","Y","S","T","G","S","N","V","F","Q","T","R","A","G","C","L","I","G","A","E","H","V","N","N","S","Y","E","C","D","I","P","I","G","A","G","I","C","A","S","Y","Q","T","Q","T","N","S","P","R","R","A","R","S","V","A","S","Q","S","I","I","A","Y","T","M","S","L","G","A","E","N","S","V","A","Y","S","N","N","S","I","A","I","P","T","N","F","T","I","S","V","T","T","E","I","L","P","V","S","M","T","K","T","S","V","D","C","T","M","Y","I","C","G","D","S","T","E","C","S","N","L","L","L","Q","Y","G","S","F","C","T","Q","L","N","R","A","L","T","G","I","A","V","E","Q","D","K","N","T","Q","E","V","F","A","Q","V","K","Q","I","Y","K","T","P","P","I","K","D","F","G","G","F","N","F","S","Q","I","L","P","D","P","S","K","P","S","K","R","S","F","I","E","D","L","L","F","N","K","V","T","L","A","D","A","G","F","I","K","Q","Y","G","D","C","L","G","D","I","A","A","R","D","L","I","C","A","Q","K","F","N","G","L","T","V","L","P","P","L","L","T","D","E","M","I","A","Q","Y","T","S","A","L","L","A","G","T","I","T","S","G","W","T","F","G","A","G","A","A","L","Q","I","P","F","A","M","Q","M","A","Y","R","F","N","G","I","G","V","T","Q","N","V","L","Y","E","N","Q","K","L","I","A","N","Q","F","N","S","A","I","S","K","I","Q","D","S","L","S","S","T","A","S","A","L","G","K","L","Q","D","V","V","N","Q","N","A","Q","A","L","N","T","L","V","K","Q","L","S","S","N","F","G","A","I","S","S","V","L","N","D","I","L","S","R","L","D","K","V","E","A","E","V","Q","I","D","R","L","I","T","G","R","L","Q","S","L","Q","T","Y","V","T","Q","Q","L","I","R","A","A","E","I","R","A","S","A","N","L","A","A","T","K","M","S","E","C","V","L","G","Q","S","K","R","V","D","F","C","G","K","G","Y","H","L","M","S","F","P","Q","S","A","P","H","G","V","V","F","L","H","V","T","Y","V","P","A","Q","E","K","N","F","T","T","A","P","A","I","C","H","D","G","K","A","H","F","P","R","E","G","V","F","V","S","N","G","T","H","W","F","V","T","Q","R","N","F","Y","E","P","Q","I","I","T","T","D","N","T","F","V","S","G","N","C","D","V","V","I","G","I","V","N","N","T","V","Y","D","P","L","Q","P","E","L","D","S","F","K","E","E","L","D","K","Y","F","K","N","H","T","S","P","D","V","D","L","G","D","I","S","G","I","N","A","S","V","V","N","I","Q","K","E","I","D","R","L","N","E","V","A","K","N","L","N","E","S","L","I","D","L","Q","E","L","G","K","Y","E","Q","Y","I","K","W","P","W","Y","I","W","L","G","F","I","A","G","L","I","A","I","V","M","V","T","I","M","L","C","C","M","T","S","C","C","S","C","L","K","G","C","C","S","C","G","S","C","C","K","F","D","E","D","D","S","E","P","V","L","K","G","V","K","L","H","Y","T","---"
"New.hCoV.19.Japan.PG.13566.2020","M","F","V","F","L","V","L","L","P","L","V","S","S","Q","C","V","N","L","T","T","R","T","Q","L","P","P","A","Y","T","N","S","F","T","R","G","V","Y","Y","P","D","K","V","F","R","S","S","V","L","H","S","T","Q","D","L","F","L","P","F","F","S","N","V","T","W","F","H","A","I","H","V","S","G","T","N","G","T","K","R","F","D","N","P","V","L","P","F","N","D","G","V","Y","F","A","S","T","E","K","S","N","I","I","R","G","W","I","F","G","T","T","L","D","S","K","T","Q","S","L","L","I","V","N","N","A","T","N","V","V","I","K","V","C","E","F","Q","F","C","N","D","P","F","L","G","V","Y","Y","H","K","N","N","K","S","W","M","E","S","E","F","R","V","Y","S","S","A","N","N","C","T","F","E","Y","V","S","Q","P","F","L","M","D","L","E","G","K","Q","G","N","F","K","N","L","R","E","F","V","F","K","N","I","D","G","Y","F","K","I","Y","S","K","H","T","P","I","N","L","V","R","D","L","P","Q","G","F","S","A","L","E","P","L","V","D","L","P","I","G","I","N","I","T","R","F","Q","T","L","L","A","L","H","R","S","Y","L","T","P","G","D","S","S","S","G","W","T","A","G","A","A","A","Y","Y","V","G","Y","L","Q","P","R","T","F","L","L","K","Y","N","E","N","G","T","I","T","D","A","V","D","C","A","L","D","P","L","S","E","T","K","C","T","L","K","S","F","T","V","E","K","G","I","Y","Q","T","S","N","F","R","V","Q","P","T","E","S","I","V","R","F","P","N","I","T","N","L","C","P","F","G","E","V","F","N","A","T","R","F","A","S","V","Y","A","W","N","R","K","R","I","S","N","C","V","A","D","Y","S","V","L","Y","N","S","A","S","F","S","T","F","K","C","Y","G","V","S","P","T","K","L","N","D","L","C","F","T","N","V","Y","A","D","S","F","V","I","R","G","D","E","V","R","Q","I","A","P","G","Q","T","G","K","I","A","D","Y","N","Y","K","L","P","D","D","F","T","G","C","V","I","A","W","N","S","N","N","L","D","S","K","V","G","G","N","Y","N","Y","L","Y","R","L","F","R","K","S","N","L","K","P","F","E","R","D","I","S","T","E","I","Y","Q","A","G","S","T","P","C","N","G","V","E","G","F","N","C","Y","F","P","L","Q","S","Y","G","F","Q","P","T","N","G","V","G","Y","Q","P","Y","R","V","V","V","L","S","F","E","L","L","H","A","P","A","T","V","C","G","P","K","K","S","T","N","L","V","K","N","K","C","V","N","F","N","F","N","G","L","T","G","T","G","V","L","T","E","S","N","K","K","F","L","P","F","Q","Q","F","G","R","D","I","A","D","T","T","D","A","V","R","D","P","Q","T","L","E","I","L","D","I","T","P","C","S","F","G","G","V","S","V","I","T","P","G","T","N","T","S","N","Q","V","A","V","L","Y","Q","G","V","N","C","T","E","V","P","V","A","I","H","A","D","Q","L","T","P","T","W","R","V","Y","S","T","G","S","N","V","F","Q","T","R","A","G","C","L","I","G","A","E","H","V","N","N","S","Y","E","C","D","I","P","I","G","A","G","I","C","A","S","Y","H","T","Q","T","N","S","P","R","R","A","R","S","V","A","S","Q","S","I","I","A","Y","T","M","S","L","G","A","E","N","S","V","A","Y","S","N","N","S","I","A","I","P","T","N","F","T","I","S","V","T","T","E","I","L","P","V","S","M","T","K","T","S","V","D","C","T","M","Y","I","C","G","D","S","T","E","C","S","N","L","L","L","Q","Y","G","S","F","C","T","Q","L","N","R","A","L","T","G","I","A","V","E","Q","D","K","N","T","Q","E","V","F","A","Q","V","K","Q","I","Y","K","T","P","P","I","K","D","F","G","G","F","N","F","S","Q","I","L","P","D","P","S","K","P","S","K","R","S","F","I","E","D","L","L","F","N","K","V","T","L","A","D","A","G","F","I","K","Q","Y","G","D","C","L","G","D","I","A","A","R","D","L","I","C","A","Q","K","F","N","G","L","T","V","L","P","P","L","L","T","D","E","M","I","A","Q","Y","T","S","A","L","L","A","G","T","I","T","S","G","W","T","F","G","A","G","A","A","L","Q","I","P","F","A","M","Q","M","A","Y","R","F","N","G","I","G","V","T","Q","N","V","L","Y","E","N","Q","K","L","I","A","N","Q","F","N","S","A","I","G","K","I","Q","D","S","L","S","S","T","A","S","A","L","G","K","L","Q","D","V","V","N","Q","N","A","Q","A","L","N","T","L","V","K","Q","L","S","S","N","F","G","A","I","S","S","V","L","N","D","I","L","S","R","L","D","K","V","E","A","E","V","Q","I","D","R","L","I","T","G","R","L","Q","S","L","Q","T","Y","V","T","Q","Q","L","I","R","A","A","E","I","R","A","S","A","N","L","A","A","T","K","M","S","E","C","V","L","G","Q","S","K","R","V","D","F","C","G","K","G","Y","H","L","M","S","F","P","Q","S","A","P","H","G","V","V","F","L","H","V","T","Y","V","P","A","Q","E","K","N","F","T","T","A","P","A","I","C","H","D","G","K","A","H","F","P","R","E","G","V","F","V","S","N","G","T","H","W","F","V","T","Q","R","N","F","Y","E","P","Q","I","I","T","T","D","N","T","F","V","S","G","N","C","D","V","V","I","G","I","V","N","N","T","V","Y","D","P","L","Q","P","E","L","D","S","F","K","E","E","L","D","K","Y","F","K","N","H","T","S","P","D","V","D","L","G","D","I","S","G","I","N","A","S","V","V","N","I","Q","K","E","I","D","R","L","N","E","V","A","K","N","L","N","E","S","L","I","D","L","Q","E","L","G","K","Y","E","Q","Y","I","K","W","P","W","Y","V","W","L","G","F","I","A","G","L","I","A","I","V","M","V","T","I","M","L","C","C","M","T","S","C","C","S","C","L","K","G","C","C","S","C","G","S","C","C","K","F","D","E","D","D","S","E","P","V","L","K","G","V","K","L","H","Y","T","---"
"New.hCoV.19.Japan.PG.12731.2020","M","F","V","F","L","V","L","L","P","L","V","S","S","Q","C","V","N","L","T","T","R","T","Q","L","P","P","A","Y","T","N","S","F","T","R","G","V","Y","Y","P","D","K","V","F","R","S","S","V","L","H","S","T","Q","D","L","F","L","P","F","F","S","N","V","T","W","F","H","A","I","H","V","S","G","T","N","G","T","K","R","F","D","N","P","V","L","P","F","N","D","G","V","Y","F","A","S","T","E","K","S","N","I","I","R","G","W","I","F","G","T","T","L","D","S","K","T","Q","S","L","L","I","V","N","N","A","T","N","V","V","I","K","V","C","E","F","Q","F","C","N","D","P","F","L","G","V","Y","Y","H","K","N","N","K","S","W","M","E","S","E","F","R","V","Y","S","S","A","N","N","C","T","F","E","Y","V","S","Q","P","F","L","M","D","L","E","G","K","Q","G","N","F","K","N","L","R","E","F","V","F","K","N","I","D","G","Y","F","K","I","Y","S","K","H","T","P","I","N","L","V","R","D","L","P","Q","G","F","S","A","L","E","P","L","V","D","L","P","I","G","I","N","I","T","R","F","Q","T","L","L","A","L","H","R","S","Y","L","T","P","G","D","S","S","S","G","W","T","A","G","A","A","A","Y","Y","V","G","Y","L","Q","P","R","T","F","L","L","K","Y","N","E","N","G","T","I","T","D","A","V","D","C","A","L","D","P","L","S","E","T","K","C","T","L","K","S","F","T","V","E","K","G","I","Y","Q","T","S","N","F","R","V","Q","P","T","E","S","I","V","R","F","P","N","I","T","N","L","C","P","F","G","E","V","F","N","A","T","R","F","A","S","V","Y","A","W","N","R","K","R","I","S","N","C","V","A","D","Y","S","V","L","Y","N","S","A","S","F","S","T","F","K","C","Y","G","V","S","P","T","K","L","N","D","L","C","F","T","N","V","Y","A","D","S","F","V","I","R","G","D","E","V","R","Q","I","A","P","G","Q","T","G","K","I","A","D","Y","N","Y","K","L","P","D","D","F","T","G","C","V","I","A","W","N","S","N","N","L","D","S","K","V","G","G","N","Y","N","Y","L","Y","R","L","F","R","K","S","N","L","K","P","F","E","R","D","I","S","T","E","I","Y","Q","A","G","S","T","P","C","N","G","V","E","G","F","N","C","Y","F","P","L","Q","S","Y","G","F","Q","P","T","N","G","V","G","Y","Q","P","Y","R","V","V","V","L","S","F","E","L","L","H","A","P","A","T","V","C","G","P","K","K","S","T","N","L","V","K","N","K","C","V","N","F","N","F","N","G","L","T","G","T","G","V","L","T","E","S","N","K","K","F","L","P","F","Q","Q","F","G","R","D","I","A","D","T","T","D","A","V","R","D","P","Q","T","L","E","I","L","D","I","T","P","C","S","F","G","G","V","S","V","I","T","P","G","T","N","T","S","N","Q","V","A","V","L","Y","Q","G","V","N","C","T","E","V","P","V","A","I","H","A","D","Q","L","T","P","T","W","R","V","Y","S","T","G","S","N","V","F","Q","T","R","A","G","C","L","I","G","A","E","H","V","N","N","S","Y","E","C","D","I","P","I","G","A","G","I","C","A","S","Y","H","T","Q","T","N","S","P","R","R","A","R","S","V","A","S","Q","S","I","I","A","Y","T","M","S","L","G","A","E","N","S","V","A","Y","S","N","N","S","I","A","I","P","T","N","F","T","I","S","V","T","T","E","I","L","P","V","S","M","T","K","T","S","V","D","C","T","M","Y","I","C","G","D","S","T","E","C","S","N","L","L","L","Q","Y","G","S","F","C","T","Q","L","N","R","A","L","T","G","I","A","V","E","Q","D","K","N","T","Q","E","V","F","A","Q","V","K","Q","I","Y","K","T","P","P","I","K","D","F","G","G","F","N","F","S","Q","I","L","P","D","P","S","K","P","S","K","R","S","F","I","E","D","L","L","F","N","K","V","T","L","A","D","A","G","F","I","K","Q","Y","G","D","C","L","G","D","I","A","A","R","D","L","I","C","A","Q","K","F","N","G","L","T","V","L","P","P","L","L","T","D","E","M","I","A","Q","Y","T","S","A","L","L","A","G","T","I","T","S","G","W","T","F","G","A","G","A","A","L","Q","I","P","F","A","M","Q","M","A","Y","R","F","N","G","I","G","V","T","Q","N","V","L","Y","E","N","Q","K","L","I","A","N","Q","F","N","S","A","I","G","K","I","Q","D","S","L","S","S","T","A","S","A","L","G","K","L","Q","D","V","V","N","Q","N","A","Q","A","L","N","T","L","V","K","Q","L","S","S","N","F","G","A","I","S","S","V","L","N","D","I","L","S","R","L","D","K","V","E","A","E","V","Q","I","D","R","L","I","T","G","R","L","Q","S","L","Q","T","Y","V","T","Q","Q","L","I","R","A","A","E","I","R","A","S","A","N","L","A","A","T","K","M","S","E","C","V","L","G","Q","S","K","R","V","D","F","C","G","K","G","Y","H","L","M","S","F","P","Q","S","A","P","H","G","V","V","F","L","H","V","T","Y","V","P","A","Q","E","K","N","F","T","T","A","P","A","I","C","H","D","G","K","A","H","F","P","R","E","G","V","F","V","S","N","G","T","H","W","F","V","T","Q","R","N","F","Y","E","P","Q","I","I","T","T","D","N","T","F","V","S","G","N","C","D","V","V","I","G","I","V","N","N","T","V","Y","D","P","L","Q","P","E","L","D","S","F","K","E","E","L","D","K","Y","F","K","N","H","T","S","P","D","V","D","L","G","D","I","S","G","I","N","A","S","V","V","N","I","Q","K","E","I","D","R","L","N","E","V","A","K","N","L","N","E","S","L","I","D","L","Q","E","L","G","K","Y","E","Q","Y","I","K","W","P","W","Y","I","W","L","G","F","I","A","G","L","I","A","I","V","M","V","T","I","M","L","C","C","M","T","S","C","C","S","C","L","K","G","C","C","S","C","G","S","C","C","K","F","D","E","D","D","S","E","P","V","L","K","G","V","K","L","H","Y","T","---"
"New.hCoV.19.Japan.PG.12829.2020","M","F","V","F","L","V","L","L","P","L","V","S","S","Q","C","V","N","L","T","T","R","T","Q","L","P","P","A","Y","T","N","S","F","T","R","G","V","Y","Y","P","D","K","V","F","R","S","S","V","L","H","S","T","Q","D","L","F","L","P","F","F","S","N","V","T","W","F","H","A","I","H","V","S","G","T","N","G","T","K","R","F","D","N","P","V","L","P","F","N","D","G","V","Y","F","A","S","T","E","K","S","N","I","I","R","G","W","I","F","G","T","T","L","D","S","K","T","Q","S","L","L","I","V","N","N","A","T","N","V","V","I","K","V","C","E","F","Q","F","C","N","D","P","F","L","G","V","Y","Y","H","K","N","N","K","S","W","M","E","S","E","F","R","V","Y","S","S","A","N","N","C","T","F","E","Y","V","S","Q","P","F","L","M","D","L","E","G","K","Q","G","N","F","K","N","L","R","E","F","V","F","K","N","I","D","G","Y","F","K","I","Y","S","K","H","T","P","I","N","L","V","R","D","L","P","Q","G","F","S","A","L","E","P","L","V","D","L","P","I","G","I","N","I","T","R","F","Q","T","L","L","A","L","H","R","S","Y","L","T","P","G","D","S","S","S","G","W","T","A","G","A","A","A","Y","Y","V","G","Y","L","Q","P","R","T","F","L","L","K","Y","N","E","N","G","T","I","T","D","A","V","D","C","A","L","D","P","L","S","E","T","K","C","T","L","K","S","F","T","V","E","K","G","I","Y","Q","T","S","N","F","R","V","Q","P","T","E","S","I","V","R","F","P","N","I","T","N","L","C","P","F","G","E","V","F","N","A","T","R","F","A","S","V","Y","A","W","N","R","K","R","I","S","N","C","V","A","D","Y","S","V","L","Y","N","S","A","S","F","S","T","F","K","C","Y","G","V","S","P","T","K","L","N","D","L","C","F","T","N","V","Y","A","D","S","F","V","I","R","G","D","E","V","R","Q","I","A","P","G","Q","T","G","K","I","A","D","Y","N","Y","K","L","P","D","D","F","T","G","C","V","I","A","W","N","S","N","N","L","D","S","K","V","G","G","N","Y","N","Y","L","Y","R","L","F","R","K","S","N","L","K","P","F","E","R","D","I","S","T","E","I","Y","Q","A","G","S","T","P","C","N","G","V","E","G","F","N","C","Y","F","P","L","Q","S","Y","G","F","Q","P","T","N","G","V","G","Y","Q","P","Y","R","V","V","V","L","S","F","E","L","L","H","A","P","A","T","V","C","G","P","K","K","S","T","N","L","V","K","N","K","C","V","N","F","N","F","N","G","L","T","G","T","G","V","L","T","E","S","N","K","K","F","L","P","F","Q","Q","F","G","R","D","I","A","D","T","T","D","A","V","R","D","P","Q","T","L","E","I","L","D","I","T","P","C","S","F","G","G","V","S","V","I","T","P","G","T","N","T","S","N","Q","V","A","V","L","Y","Q","G","V","N","C","T","E","V","P","V","A","I","H","A","D","Q","L","T","P","T","W","R","V","Y","S","T","G","S","N","V","F","Q","T","R","A","G","C","L","I","G","A","E","H","V","N","N","S","Y","E","C","D","I","P","I","G","A","G","I","C","A","S","Y","H","T","Q","T","N","S","P","R","R","A","R","S","V","A","S","Q","S","I","I","A","Y","T","M","S","L","G","A","E","N","S","V","A","Y","S","N","N","S","I","A","I","P","T","N","F","T","I","S","V","T","T","E","I","L","P","V","S","M","T","K","T","S","V","D","C","T","M","Y","I","C","G","D","S","T","E","C","S","N","L","L","L","Q","Y","G","S","F","C","T","Q","L","N","R","A","L","T","G","I","A","V","E","Q","D","K","N","T","Q","E","V","F","A","Q","V","K","Q","I","Y","K","T","P","P","I","K","D","F","G","G","F","N","F","S","Q","I","L","P","D","P","S","K","P","S","K","R","S","F","I","E","D","L","L","F","N","K","V","T","L","A","D","A","G","F","I","K","Q","Y","G","D","C","L","G","D","I","A","A","R","D","L","I","C","A","Q","K","F","N","G","L","T","V","L","P","P","L","L","T","D","E","M","I","A","Q","Y","T","S","A","L","L","A","G","T","I","T","S","G","W","T","F","G","A","G","A","A","L","Q","I","P","F","A","M","Q","M","A","Y","R","F","N","G","I","G","V","T","Q","N","V","L","Y","E","N","Q","K","L","I","A","N","Q","F","N","S","A","I","G","K","I","Q","D","S","L","S","S","T","A","S","A","L","G","K","L","Q","D","V","V","N","Q","N","A","Q","A","L","N","T","L","V","K","Q","L","S","S","N","F","G","A","I","S","S","V","L","N","D","I","L","S","R","L","D","K","V","E","A","E","V","Q","I","D","R","L","I","T","G","R","L","Q","S","L","Q","T","Y","V","T","Q","Q","L","I","R","A","A","E","I","R","A","S","A","N","L","A","A","T","K","M","S","E","C","V","L","G","Q","S","K","R","V","D","F","C","G","K","G","Y","H","L","M","S","F","P","Q","S","A","P","H","G","V","V","F","L","H","V","T","Y","V","P","A","Q","E","K","N","F","T","T","A","P","A","I","C","H","D","G","K","A","H","F","P","R","E","G","V","F","V","S","N","G","T","H","W","F","V","T","Q","R","N","F","Y","E","P","Q","I","I","T","T","D","N","T","F","V","S","G","N","C","D","V","V","I","G","I","V","N","N","T","V","Y","D","P","L","Q","P","E","L","D","S","F","K","E","E","L","D","K","Y","F","K","N","H","T","S","P","D","V","D","L","G","D","I","S","G","I","N","A","S","V","V","N","I","Q","K","E","I","D","R","L","N","E","V","A","K","N","L","N","E","S","L","I","D","L","Q","E","L","G","K","Y","E","Q","Y","I","K","W","P","W","Y","I","W","L","G","F","I","A","G","L","I","A","I","V","M","V","T","I","M","L","C","C","M","T","S","C","C","S","C","L","K","G","C","C","S","C","G","S","C","C","K","F","D","E","D","D","S","E","P","V","L","K","G","V","K","L","H","Y","T","---"
"New.hCoV.19.Japan.PG.17791.2020","M","F","V","F","L","V","L","L","P","L","V","S","S","Q","C","V","N","L","T","T","R","T","Q","L","P","P","A","Y","T","N","S","F","T","R","G","V","Y","Y","P","D","K","V","F","R","S","S","V","L","H","S","T","Q","D","L","F","L","P","F","F","S","N","V","T","W","F","H","A","I","H","V","S","G","T","N","G","T","K","R","F","D","N","P","V","L","P","F","N","D","G","V","Y","F","A","S","T","E","K","S","N","I","I","R","G","W","I","F","G","T","T","L","D","S","K","T","Q","S","L","L","I","V","N","N","A","T","N","V","V","I","K","V","C","E","F","Q","F","C","N","D","P","F","L","G","V","Y","Y","H","K","N","N","K","S","W","T","E","S","E","F","R","V","Y","S","S","A","N","N","C","T","F","E","Y","V","S","Q","P","F","L","M","D","L","E","G","K","Q","G","N","F","K","N","L","R","E","F","V","F","K","N","I","D","G","Y","F","K","I","Y","S","K","H","T","P","I","N","L","V","R","D","L","P","Q","G","F","S","A","L","E","P","L","V","D","L","P","I","G","I","N","I","T","R","F","Q","T","L","L","A","L","H","R","S","Y","L","T","P","G","D","S","S","S","G","W","T","A","G","A","A","A","Y","Y","V","G","Y","L","Q","P","R","T","F","L","L","K","Y","N","E","N","G","T","I","T","D","A","V","D","C","A","L","D","P","L","S","E","T","K","C","T","L","K","S","F","T","V","E","K","G","I","Y","Q","T","S","N","F","R","V","Q","P","T","E","S","I","V","R","F","P","N","I","T","N","L","C","P","F","G","E","V","F","N","A","T","R","F","A","S","V","Y","A","W","N","R","K","R","I","S","N","C","V","A","D","Y","S","V","L","Y","N","S","A","S","F","S","T","F","K","C","Y","G","V","S","P","T","K","L","N","D","L","C","F","T","N","V","Y","A","D","S","F","V","I","R","G","D","E","V","R","Q","I","A","P","G","Q","T","G","K","I","A","D","Y","N","Y","K","L","P","D","D","F","T","G","C","V","I","A","W","N","S","N","N","L","D","S","K","V","G","G","N","Y","N","Y","L","Y","R","L","F","R","K","S","N","L","K","P","F","E","R","D","I","S","T","E","I","Y","Q","A","G","S","T","P","C","N","G","V","E","G","F","N","C","Y","F","P","L","Q","S","Y","G","F","Q","P","T","N","G","V","G","Y","Q","P","Y","R","V","V","V","L","S","F","E","L","L","H","A","P","A","T","V","C","G","P","K","K","S","T","N","L","V","K","N","K","C","V","N","F","N","F","N","G","L","T","G","T","G","V","L","T","E","S","N","K","K","F","L","P","F","Q","Q","F","G","R","D","I","A","D","T","T","D","A","V","R","D","P","Q","T","L","E","I","L","D","I","T","P","C","S","F","G","G","V","S","V","I","T","P","G","T","N","T","S","N","Q","V","A","V","L","Y","Q","G","V","N","C","T","E","V","P","V","A","I","H","A","D","Q","L","T","P","T","W","R","V","Y","S","T","G","S","N","V","F","Q","T","R","A","G","C","L","I","G","A","E","H","V","N","N","S","Y","E","C","D","I","P","I","G","A","G","I","C","A","S","Y","Q","T","Q","T","N","S","P","R","R","A","R","S","V","A","S","Q","S","I","I","A","Y","T","M","S","L","G","A","E","N","S","V","A","Y","S","N","N","S","I","A","I","P","T","N","F","T","I","S","V","T","T","E","I","L","P","V","S","M","T","K","T","S","V","D","C","T","M","Y","I","C","G","D","S","T","E","C","S","N","L","L","L","Q","Y","G","S","F","C","T","Q","L","N","R","A","L","T","G","I","A","V","E","Q","D","K","N","T","Q","E","V","F","A","Q","V","K","Q","I","Y","K","T","P","P","I","K","D","F","G","G","F","N","F","S","Q","I","L","P","D","P","S","K","P","S","K","R","S","F","I","E","D","L","L","F","N","K","V","T","L","A","D","A","G","F","I","K","Q","Y","G","D","C","L","G","D","I","A","A","R","D","L","I","C","A","Q","K","F","N","G","L","T","V","L","P","P","L","L","T","D","E","M","I","A","Q","Y","T","S","A","L","L","A","G","T","I","T","S","G","W","T","F","G","A","G","A","A","L","Q","I","P","F","A","M","Q","M","A","Y","R","F","N","G","I","G","V","T","Q","N","V","L","Y","E","N","Q","K","L","I","A","N","Q","F","N","S","A","I","G","K","I","Q","D","S","L","S","S","T","A","S","A","L","G","K","L","Q","D","V","V","N","Q","N","A","Q","A","L","N","T","L","V","K","Q","L","S","S","N","F","G","A","I","S","S","V","L","N","D","I","L","S","R","L","D","K","V","E","A","E","V","Q","I","D","R","L","I","T","G","R","L","Q","S","L","Q","T","Y","V","T","Q","Q","L","I","R","A","A","E","I","R","A","S","A","N","L","A","A","T","K","M","S","E","C","V","L","G","Q","S","K","R","V","D","F","C","G","K","G","Y","H","L","M","S","F","P","Q","S","A","P","H","G","V","V","F","L","H","V","T","Y","V","P","A","Q","E","K","N","F","T","T","A","P","A","I","C","H","D","G","K","A","H","F","P","R","E","G","V","F","V","S","N","G","T","H","W","F","V","T","Q","R","N","F","Y","E","P","Q","I","I","T","T","D","N","T","F","V","S","G","N","C","D","V","V","I","G","I","V","N","N","T","V","Y","D","P","L","Q","P","E","L","D","S","F","K","E","E","L","D","K","Y","F","K","N","H","T","S","P","D","V","D","L","G","D","I","S","G","I","N","A","S","V","V","N","I","Q","K","E","I","D","R","L","N","E","V","A","K","N","L","N","E","S","L","I","D","L","Q","E","L","G","K","Y","E","Q","Y","I","K","W","P","W","Y","I","W","L","G","F","I","A","G","L","I","A","I","V","M","V","T","I","M","L","C","C","M","T","S","C","C","S","C","L","K","G","C","C","S","C","G","S","C","C","K","F","D","E","D","D","S","E","P","V","L","K","G","V","K","L","H","Y","T","---"
"New.hCoV.19.Japan.PG.12428.2020","M","F","V","F","L","V","L","L","P","L","V","S","S","Q","C","V","N","L","T","T","R","T","Q","L","P","P","A","Y","T","N","S","F","T","R","G","V","Y","Y","P","D","K","V","F","R","S","S","V","L","H","S","T","Q","D","L","F","L","P","F","F","S","N","V","T","W","F","H","A","I","H","V","S","G","T","N","G","T","K","R","F","D","N","P","V","L","P","F","N","D","G","V","Y","F","A","S","T","E","K","S","N","I","I","R","G","W","I","F","G","T","T","L","D","S","K","T","Q","S","L","L","I","V","N","N","A","T","N","V","V","I","K","V","C","E","F","Q","F","C","N","D","P","F","L","G","V","Y","Y","H","K","N","N","K","S","W","M","E","S","E","F","R","V","Y","S","S","A","N","N","C","T","F","E","Y","V","S","Q","P","F","L","M","D","L","E","G","K","Q","G","N","F","K","N","L","R","E","F","V","F","K","N","I","D","G","Y","F","K","I","Y","S","K","H","T","P","I","N","L","V","R","D","L","P","Q","G","F","S","A","L","E","P","L","V","D","L","P","I","G","I","N","I","T","R","F","Q","T","L","L","A","L","H","R","S","Y","L","T","P","G","D","S","S","S","G","W","T","A","G","A","A","A","Y","Y","V","G","Y","L","Q","P","R","T","F","L","L","K","Y","N","E","N","G","T","I","T","D","A","V","D","C","A","L","D","P","L","S","E","T","K","C","T","L","K","S","F","T","V","E","K","G","I","Y","Q","T","S","N","F","R","V","Q","P","T","E","S","I","V","R","F","P","N","I","T","N","L","C","P","F","G","E","V","F","N","A","T","R","F","A","S","V","Y","A","W","N","R","K","R","I","S","N","C","V","A","D","Y","S","V","L","Y","N","S","A","S","F","S","T","F","K","C","Y","G","V","S","P","T","K","L","N","D","L","C","F","T","N","V","Y","A","D","S","F","V","I","R","G","D","E","V","R","Q","I","A","P","G","Q","T","G","K","I","A","D","Y","N","Y","K","L","P","D","D","F","T","G","C","V","I","A","W","N","S","N","N","L","D","S","K","V","G","G","N","Y","N","Y","L","Y","R","L","F","R","K","S","N","L","K","P","F","E","R","D","I","S","T","E","I","Y","Q","A","G","S","T","P","C","N","G","V","E","G","F","N","C","Y","F","P","L","Q","S","Y","G","F","Q","P","T","N","G","V","G","Y","Q","P","Y","R","V","V","V","L","S","F","E","L","L","H","A","P","A","T","V","C","G","P","K","K","S","T","N","L","V","K","N","K","C","V","N","F","N","F","N","G","L","T","G","T","G","V","L","T","E","S","N","K","K","F","L","P","F","Q","Q","F","G","R","D","I","A","D","T","T","D","A","V","R","D","P","Q","T","L","E","I","L","D","I","T","P","C","S","F","G","G","V","S","V","I","T","P","G","T","N","T","S","N","Q","V","A","V","L","Y","Q","G","V","N","C","T","E","V","P","V","A","I","H","A","D","Q","L","T","P","T","W","R","V","Y","S","T","G","S","N","V","F","Q","T","R","A","G","C","L","I","G","A","E","H","V","N","N","S","Y","E","C","D","I","P","I","G","A","G","I","C","A","S","Y","Q","T","Q","T","N","S","P","R","R","A","R","S","V","A","S","Q","S","I","I","A","Y","T","M","S","L","G","A","E","N","S","V","A","Y","S","N","N","S","I","A","I","P","T","N","F","T","I","S","V","T","T","E","I","L","P","V","S","M","T","K","T","S","V","D","C","T","M","Y","I","C","G","D","S","T","E","C","S","N","L","L","L","Q","Y","G","S","F","C","T","Q","L","N","R","A","L","T","G","I","A","V","E","Q","D","K","N","T","Q","E","V","F","A","Q","V","K","Q","I","Y","K","T","P","P","I","K","D","F","G","G","F","N","F","S","Q","I","L","P","D","P","S","K","P","S","K","R","S","F","I","E","D","L","L","F","N","K","V","T","L","A","D","A","G","F","I","K","Q","Y","G","D","C","L","G","D","I","A","A","R","D","L","I","C","A","Q","K","F","N","G","L","T","V","L","P","P","L","L","T","D","E","M","I","A","Q","Y","T","S","A","L","L","A","G","T","I","T","S","G","W","T","F","G","A","G","A","A","L","Q","I","P","F","A","M","Q","M","A","Y","R","F","N","G","I","G","V","T","Q","N","V","L","Y","E","N","Q","K","L","I","A","N","Q","F","N","S","A","I","G","K","I","Q","D","S","L","S","S","T","A","S","A","L","G","K","L","Q","D","V","V","N","Q","N","A","Q","A","L","N","T","L","V","K","Q","L","S","S","N","F","G","A","I","S","S","V","L","N","D","I","L","S","R","L","D","K","V","E","A","E","V","Q","I","D","R","L","I","T","G","R","L","Q","S","L","Q","T","Y","V","T","Q","Q","L","I","R","A","A","E","I","R","A","S","A","N","L","A","A","T","K","M","S","E","C","V","L","G","Q","S","K","R","V","D","F","C","G","K","G","Y","H","L","M","S","F","P","Q","S","A","P","H","G","V","V","F","L","H","V","T","Y","V","P","A","Q","E","K","N","F","T","T","A","P","A","I","C","H","D","G","K","A","H","F","P","R","E","G","V","F","V","S","N","G","T","H","W","F","V","T","Q","R","N","F","Y","E","P","Q","I","I","T","T","D","N","T","F","V","S","G","N","C","D","V","V","I","G","I","V","N","N","T","V","Y","D","P","L","Q","P","E","L","D","S","F","K","E","E","L","D","K","Y","F","K","N","H","T","S","P","D","V","D","L","G","D","I","S","G","I","N","A","S","V","V","N","I","Q","K","E","I","D","R","L","N","E","V","A","K","N","L","N","E","S","L","I","D","L","Q","E","L","G","K","Y","E","Q","Y","I","K","W","P","W","Y","I","W","L","G","F","I","A","G","L","I","A","I","V","M","V","T","I","M","L","C","C","M","T","S","C","C","S","C","L","K","G","C","C","S","C","G","S","C","C","K","F","D","E","D","D","S","E","P","V","L","K","G","V","K","L","H","Y","T","---"
